StartDevice,StartPort,EndDevice,EndPort,BandWidth,VlanID,VlanMode,AutoNeg,LinkTraining
str4-7060x6-pe64-root,Ethernet21/1,str4-sn5640-fan-2,Ethernet496,100000,"3660-3721,3723-3725",Trunk,on
str4-7060x6-pe64-root,Ethernet22/1,str4-sn5640-fan-3,Ethernet496,100000,"3730-3799,3801",Trunk,on
str4-7060x6-pe64-root,Ethernet27/5,str4-sn5640-fan-7,Ethernet496,100000,"4007-4068,4070-4072",Trunk,on
str4-7060x6-pe64-root,Ethernet28/1,str4-sn5640-fan-6,Ethernet496,100000,"2240-2312",Trunk,on
str4-7060x6-pe64-root,Ethernet4/1,str4-Nokia-7220-Th6p-leaf-1,Ethernet1016,400000,"1296-1466,1856-1940",Trunk,off
str4-7060x6-pe64-root,Ethernet2/1,str4-7060x6-64pe-fan-2,Ethernet504,800000,"3400-3525,3656-3657",Trunk,off
str4-7060x6-pe64-root,Ethernet3/1,str4-7060x6-64pe-fan-3,Ethernet496,100000,"",Trunk,off
str4-7060x6-pe64-root,Ethernet15/1,str4-7060x6-512-fan-10,Ethernet496,800000,"2-99,487-499,595-734,743-800,1467-1596,2000-2056,2065-2074",Trunk,off
str4-7060x6-pe64-root,Ethernet9/1,str4-7060x6-512-fan-11,Ethernet496,800000,"801-1233,3005-3075",Trunk,off
str4-7060x6-pe64-root,Ethernet17/1,str4-7060x6-64pe-fan-11,Ethernet496,800000,"2747-2996",Trunk,off
str4-7060x6-pe64-root,Ethernet10/1,str4-7060x6-64pe-fan-share-1,Ethernet496,800000,"348-355,1290,2057-2064,2313,2997-3004,3076-3083,3170,3262,3722,3800,3973,4069",Trunk,off
str4-7060x6-pe64-root,Ethernet25/1,str4-7060x6-512-fan-1,Ethernet496,800000,"3200-3261,3263-3265",Trunk,off
str4-7060x6-pe64-root,Ethernet33/1,str4-7060x6-512-fan-2,Ethernet496,800000,"3100-3169,3171",Trunk,off
str4-7060x6-pe64-root,Ethernet35/1,str4-7060x6-512-fan-7,Ethernet496,100000,"1234-1289,1291",Trunk,off
str4-7060x6-pe64-root,Ethernet40/1,str4-7060x6-64pe-fan-13,Ethernet240,800000,"3810-3905",Trunk,off
str4-7060x6-pe64-root,Ethernet41/1,str4-7060x6-64pe-fan-14,Ethernet240,800000,"500-594",Trunk,off
str4-7060x6-pe64-root,Ethernet42/1,str4-7060x6-512-fan-12,Ethernet248,800000,"1600-1759",Trunk,off
str4-7060x6-pe64-root,Ethernet43/1,str4-7060x6-512-fan-13,Ethernet248,800000,"1760-1855",Trunk,off
str4-7060x6-pe64-root,Ethernet34/1,str4-7060x6-64pe-fan-5,Ethernet504,800000,"3910-3947,3956-3972,3974-3982",Trunk,off
str4-7060x6-pe64-root,Ethernet47/1,str4-acs-serv-76,ens4f0,100000,"",Trunk,off
str4-7060x6-pe64-root,Ethernet48/1,str4-acs-serv-76,ens4f1,100000,"",Trunk,off
str4-7060x6-pe64-root,Ethernet49/1,str4-acs-serv-70,ens4f0,100000,"",Trunk,off
str4-7060x6-pe64-root,Ethernet50/1,str4-acs-serv-70,ens4f1,100000,"100-356,357-486,3660-3725,3730-3801",Trunk,off
str4-7060x6-pe64-root,Ethernet51/1,str4-acs-serv-71,ens4f0,100000,"",Trunk,off
str4-7060x6-pe64-root,Ethernet52/1,str4-acs-serv-71,ens4f1,100000,"1600-1759,1760-1855,3100-3171",Trunk,off
str4-7060x6-pe64-root,Ethernet53/1,str4-acs-serv-72,ens4f0,100000,"",Trunk,off
str4-7060x6-pe64-root,Ethernet54/1,str4-acs-serv-72,ens4f1,100000,"2747-3004",Trunk,off
str4-7060x6-pe64-root,Ethernet55/1,str4-acs-serv-73,ens4f0,100000,"",Trunk,off
str4-7060x6-pe64-root,Ethernet56/1,str4-acs-serv-73,ens4f1,100000,"3400-3525,3656-3657,3200-3265,3956,3973",Trunk,off
str4-7060x6-pe64-root,Ethernet57/1,str4-acs-serv-74,ens4f0,100000,"",Trunk,off
str4-7060x6-pe64-root,Ethernet58/1,str4-acs-serv-74,ens4f1,100000,"2-99,487-499,595-734,743-800,1467-1596,2000-2074,2400-2431",Trunk,off
str4-7060x6-pe64-root,Ethernet59/1,str4-acs-serv-75,ens4f0,100000,"",Trunk,off
str4-7060x6-pe64-root,Ethernet60/1,str4-acs-serv-75,ens4f1,100000,"500-594,1234-1291,4007-4072",Trunk,off
str4-7060x6-pe64-root,Ethernet63/1,str4-acs-serv-77,ens4f0,100000,"801-1233,3005-3083",Trunk,off
str4-7060x6-pe64-root,Ethernet61/1,str4-acs-serv-13,enp130s0f0,100000,"3810-3905,3910-3947,3957-3972,3974-3982",Trunk,off
str4-7060x6-pe64-root,Ethernet62/1,str4-acs-serv-13,enp130s0f1,100000,,Trunk,off
str4-7060x6-pe64-root,Ethernet46/1,str4-acs-serv-97,ens4f0,100000,"2240-2313",Trunk,off
str4-7060x6-pe64-root,Ethernet65,str4-7050cx3-fan-1,Ethernet128,10000,"2400-2431",Trunk,off
str4-7060x6-64pe-2,Ethernet0,str4-7060x6-64pe-fan-2,Ethernet0,400000,3400,Access,off
str4-7060x6-64pe-2,Ethernet4,str4-7060x6-64pe-fan-2,Ethernet4,400000,3401,Access,off
str4-7060x6-64pe-2,Ethernet8,str4-7060x6-64pe-fan-2,Ethernet8,400000,3402,Access,off
str4-7060x6-64pe-2,Ethernet12,str4-7060x6-64pe-fan-2,Ethernet12,400000,3403,Access,off
str4-7060x6-64pe-2,Ethernet16,str4-7060x6-64pe-fan-2,Ethernet16,400000,3404,Access,off
str4-7060x6-64pe-2,Ethernet20,str4-7060x6-64pe-fan-2,Ethernet20,400000,3405,Access,off
str4-7060x6-64pe-2,Ethernet24,str4-7060x6-64pe-fan-2,Ethernet24,400000,3406,Access,off
str4-7060x6-64pe-2,Ethernet28,str4-7060x6-64pe-fan-2,Ethernet28,400000,3407,Access,off
str4-7060x6-64pe-2,Ethernet32,str4-7060x6-64pe-fan-2,Ethernet32,400000,3408,Access,off
str4-7060x6-64pe-2,Ethernet36,str4-7060x6-64pe-fan-2,Ethernet36,400000,3409,Access,off
str4-7060x6-64pe-2,Ethernet40,str4-7060x6-64pe-fan-2,Ethernet40,400000,3410,Access,off
str4-7060x6-64pe-2,Ethernet44,str4-7060x6-64pe-fan-2,Ethernet44,400000,3411,Access,off
str4-7060x6-64pe-2,Ethernet48,str4-7060x6-64pe-fan-2,Ethernet48,400000,3412,Access,off
str4-7060x6-64pe-2,Ethernet52,str4-7060x6-64pe-fan-2,Ethernet52,400000,3413,Access,off
str4-7060x6-64pe-2,Ethernet56,str4-7060x6-64pe-fan-2,Ethernet56,400000,3414,Access,off
str4-7060x6-64pe-2,Ethernet60,str4-7060x6-64pe-fan-2,Ethernet60,400000,3415,Access,off
str4-7060x6-64pe-2,Ethernet64,str4-7060x6-64pe-fan-2,Ethernet64,400000,3416,Access,off
str4-7060x6-64pe-2,Ethernet68,str4-7060x6-64pe-fan-2,Ethernet68,400000,3417,Access,off
str4-7060x6-64pe-2,Ethernet72,str4-7060x6-64pe-fan-2,Ethernet72,400000,3418,Access,off
str4-7060x6-64pe-2,Ethernet76,str4-7060x6-64pe-fan-2,Ethernet76,400000,3419,Access,off
str4-7060x6-64pe-2,Ethernet80,str4-7060x6-64pe-fan-2,Ethernet80,400000,3420,Access,off
str4-7060x6-64pe-2,Ethernet84,str4-7060x6-64pe-fan-2,Ethernet84,400000,3421,Access,off
str4-7060x6-64pe-2,Ethernet88,str4-7060x6-64pe-fan-2,Ethernet88,400000,3422,Access,off
str4-7060x6-64pe-2,Ethernet92,str4-7060x6-64pe-fan-2,Ethernet92,400000,3423,Access,off
str4-7060x6-64pe-2,Ethernet96,str4-7060x6-64pe-fan-2,Ethernet96,400000,3424,Access,off
str4-7060x6-64pe-2,Ethernet100,str4-7060x6-64pe-fan-2,Ethernet100,400000,3425,Access,off
str4-7060x6-64pe-2,Ethernet104,str4-7060x6-64pe-fan-2,Ethernet104,400000,3426,Access,off
str4-7060x6-64pe-2,Ethernet108,str4-7060x6-64pe-fan-2,Ethernet108,400000,3427,Access,off
str4-7060x6-64pe-2,Ethernet112,str4-7060x6-64pe-fan-2,Ethernet112,400000,3428,Access,off
str4-7060x6-64pe-2,Ethernet116,str4-7060x6-64pe-fan-2,Ethernet116,400000,3429,Access,off
str4-7060x6-64pe-2,Ethernet120,str4-7060x6-64pe-fan-2,Ethernet120,400000,3430,Access,off
str4-7060x6-64pe-2,Ethernet124,str4-7060x6-64pe-fan-2,Ethernet124,400000,3431,Access,off
str4-7060x6-64pe-2,Ethernet128,str4-7060x6-64pe-fan-2,Ethernet128,400000,3432,Access,off
str4-7060x6-64pe-2,Ethernet132,str4-7060x6-64pe-fan-2,Ethernet132,400000,3433,Access,off
str4-7060x6-64pe-2,Ethernet136,str4-7060x6-64pe-fan-2,Ethernet136,400000,3434,Access,off
str4-7060x6-64pe-2,Ethernet140,str4-7060x6-64pe-fan-2,Ethernet140,400000,3435,Access,off
str4-7060x6-64pe-2,Ethernet144,str4-7060x6-64pe-fan-2,Ethernet144,400000,3436,Access,off
str4-7060x6-64pe-2,Ethernet148,str4-7060x6-64pe-fan-2,Ethernet148,400000,3437,Access,off
str4-7060x6-64pe-2,Ethernet152,str4-7060x6-64pe-fan-2,Ethernet152,400000,3438,Access,off
str4-7060x6-64pe-2,Ethernet156,str4-7060x6-64pe-fan-2,Ethernet156,400000,3439,Access,off
str4-7060x6-64pe-2,Ethernet160,str4-7060x6-64pe-fan-2,Ethernet160,400000,3440,Access,off
str4-7060x6-64pe-2,Ethernet164,str4-7060x6-64pe-fan-2,Ethernet164,400000,3441,Access,off
str4-7060x6-64pe-2,Ethernet168,str4-7060x6-64pe-fan-2,Ethernet168,400000,3442,Access,off
str4-7060x6-64pe-2,Ethernet172,str4-7060x6-64pe-fan-2,Ethernet172,400000,3443,Access,off
str4-7060x6-64pe-2,Ethernet176,str4-7060x6-64pe-fan-2,Ethernet176,400000,3444,Access,off
str4-7060x6-64pe-2,Ethernet180,str4-7060x6-64pe-fan-2,Ethernet180,400000,3445,Access,off
str4-7060x6-64pe-2,Ethernet184,str4-7060x6-64pe-fan-2,Ethernet184,400000,3446,Access,off
str4-7060x6-64pe-2,Ethernet188,str4-7060x6-64pe-fan-2,Ethernet188,400000,3447,Access,off
str4-7060x6-64pe-2,Ethernet192,str4-7060x6-64pe-fan-2,Ethernet192,400000,3448,Access,off
str4-7060x6-64pe-2,Ethernet196,str4-7060x6-64pe-fan-2,Ethernet196,400000,3449,Access,off
str4-7060x6-64pe-2,Ethernet200,str4-7060x6-64pe-fan-2,Ethernet200,400000,3450,Access,off
str4-7060x6-64pe-2,Ethernet204,str4-7060x6-64pe-fan-2,Ethernet204,400000,3451,Access,off
str4-7060x6-64pe-2,Ethernet208,str4-7060x6-64pe-fan-2,Ethernet208,400000,3452,Access,off
str4-7060x6-64pe-2,Ethernet212,str4-7060x6-64pe-fan-2,Ethernet212,400000,3453,Access,off
str4-7060x6-64pe-2,Ethernet216,str4-7060x6-64pe-fan-2,Ethernet216,400000,3454,Access,off
str4-7060x6-64pe-2,Ethernet220,str4-7060x6-64pe-fan-2,Ethernet220,400000,3455,Access,off
str4-7060x6-64pe-2,Ethernet224,str4-7060x6-64pe-fan-2,Ethernet224,400000,3456,Access,off
str4-7060x6-64pe-2,Ethernet228,str4-7060x6-64pe-fan-2,Ethernet228,400000,3457,Access,off
str4-7060x6-64pe-2,Ethernet232,str4-7060x6-64pe-fan-2,Ethernet232,400000,3458,Access,off
str4-7060x6-64pe-2,Ethernet236,str4-7060x6-64pe-fan-2,Ethernet236,400000,3459,Access,off
str4-7060x6-64pe-2,Ethernet240,str4-7060x6-64pe-fan-2,Ethernet240,400000,3460,Access,off
str4-7060x6-64pe-2,Ethernet244,str4-7060x6-64pe-fan-2,Ethernet244,400000,3461,Access,off
str4-7060x6-64pe-2,Ethernet248,str4-7060x6-64pe-fan-2,Ethernet248,400000,3462,Access,off
str4-7060x6-64pe-2,Ethernet252,str4-7060x6-64pe-fan-2,Ethernet252,400000,3463,Access,off
str4-7060x6-64pe-2,Ethernet256,str4-7060x6-64pe-fan-2,Ethernet256,400000,3464,Access,off
str4-7060x6-64pe-2,Ethernet260,str4-7060x6-64pe-fan-2,Ethernet260,400000,3465,Access,off
str4-7060x6-64pe-2,Ethernet264,str4-7060x6-64pe-fan-2,Ethernet264,400000,3466,Access,off
str4-7060x6-64pe-2,Ethernet268,str4-7060x6-64pe-fan-2,Ethernet268,400000,3467,Access,off
str4-7060x6-64pe-2,Ethernet272,str4-7060x6-64pe-fan-2,Ethernet272,400000,3468,Access,off
str4-7060x6-64pe-2,Ethernet276,str4-7060x6-64pe-fan-2,Ethernet276,400000,3469,Access,off
str4-7060x6-64pe-2,Ethernet280,str4-7060x6-64pe-fan-2,Ethernet280,400000,3470,Access,off
str4-7060x6-64pe-2,Ethernet284,str4-7060x6-64pe-fan-2,Ethernet284,400000,3471,Access,off
str4-7060x6-64pe-2,Ethernet288,str4-7060x6-64pe-fan-2,Ethernet288,400000,3472,Access,off
str4-7060x6-64pe-2,Ethernet292,str4-7060x6-64pe-fan-2,Ethernet292,400000,3473,Access,off
str4-7060x6-64pe-2,Ethernet296,str4-7060x6-64pe-fan-2,Ethernet296,400000,3474,Access,off
str4-7060x6-64pe-2,Ethernet300,str4-7060x6-64pe-fan-2,Ethernet300,400000,3475,Access,off
str4-7060x6-64pe-2,Ethernet304,str4-7060x6-64pe-fan-2,Ethernet304,400000,3476,Access,off
str4-7060x6-64pe-2,Ethernet308,str4-7060x6-64pe-fan-2,Ethernet308,400000,3477,Access,off
str4-7060x6-64pe-2,Ethernet312,str4-7060x6-64pe-fan-2,Ethernet312,400000,3478,Access,off
str4-7060x6-64pe-2,Ethernet316,str4-7060x6-64pe-fan-2,Ethernet316,400000,3479,Access,off
str4-7060x6-64pe-2,Ethernet320,str4-7060x6-64pe-fan-2,Ethernet320,400000,3480,Access,off
str4-7060x6-64pe-2,Ethernet324,str4-7060x6-64pe-fan-2,Ethernet324,400000,3481,Access,off
str4-7060x6-64pe-2,Ethernet328,str4-7060x6-64pe-fan-2,Ethernet328,400000,3482,Access,off
str4-7060x6-64pe-2,Ethernet332,str4-7060x6-64pe-fan-2,Ethernet332,400000,3483,Access,off
str4-7060x6-64pe-2,Ethernet336,str4-7060x6-64pe-fan-2,Ethernet336,400000,3484,Access,off
str4-7060x6-64pe-2,Ethernet340,str4-7060x6-64pe-fan-2,Ethernet340,400000,3485,Access,off
str4-7060x6-64pe-2,Ethernet344,str4-7060x6-64pe-fan-2,Ethernet344,400000,3486,Access,off
str4-7060x6-64pe-2,Ethernet348,str4-7060x6-64pe-fan-2,Ethernet348,400000,3487,Access,off
str4-7060x6-64pe-2,Ethernet352,str4-7060x6-64pe-fan-2,Ethernet352,400000,3488,Access,off
str4-7060x6-64pe-2,Ethernet356,str4-7060x6-64pe-fan-2,Ethernet356,400000,3489,Access,off
str4-7060x6-64pe-2,Ethernet360,str4-7060x6-64pe-fan-2,Ethernet360,400000,3490,Access,off
str4-7060x6-64pe-2,Ethernet364,str4-7060x6-64pe-fan-2,Ethernet364,400000,3491,Access,off
str4-7060x6-64pe-2,Ethernet368,str4-7060x6-64pe-fan-2,Ethernet368,400000,3492,Access,off
str4-7060x6-64pe-2,Ethernet372,str4-7060x6-64pe-fan-2,Ethernet372,400000,3493,Access,off
str4-7060x6-64pe-2,Ethernet376,str4-7060x6-64pe-fan-2,Ethernet376,400000,3494,Access,off
str4-7060x6-64pe-2,Ethernet380,str4-7060x6-64pe-fan-2,Ethernet380,400000,3495,Access,off
str4-7060x6-64pe-2,Ethernet384,str4-7060x6-64pe-fan-2,Ethernet384,400000,3496,Access,off
str4-7060x6-64pe-2,Ethernet388,str4-7060x6-64pe-fan-2,Ethernet388,400000,3497,Access,off
str4-7060x6-64pe-2,Ethernet392,str4-7060x6-64pe-fan-2,Ethernet392,400000,3498,Access,off
str4-7060x6-64pe-2,Ethernet396,str4-7060x6-64pe-fan-2,Ethernet396,400000,3499,Access,off
str4-7060x6-64pe-2,Ethernet400,str4-7060x6-64pe-fan-2,Ethernet400,400000,3500,Access,off
str4-7060x6-64pe-2,Ethernet404,str4-7060x6-64pe-fan-2,Ethernet404,400000,3501,Access,off
str4-7060x6-64pe-2,Ethernet408,str4-7060x6-64pe-fan-2,Ethernet408,400000,3502,Access,off
str4-7060x6-64pe-2,Ethernet412,str4-7060x6-64pe-fan-2,Ethernet412,400000,3503,Access,off
str4-7060x6-64pe-2,Ethernet416,str4-7060x6-64pe-fan-2,Ethernet416,400000,3504,Access,off
str4-7060x6-64pe-2,Ethernet420,str4-7060x6-64pe-fan-2,Ethernet420,400000,3505,Access,off
str4-7060x6-64pe-2,Ethernet424,str4-7060x6-64pe-fan-2,Ethernet424,400000,3506,Access,off
str4-7060x6-64pe-2,Ethernet428,str4-7060x6-64pe-fan-2,Ethernet428,400000,3507,Access,off
str4-7060x6-64pe-2,Ethernet432,str4-7060x6-64pe-fan-2,Ethernet432,400000,3508,Access,off
str4-7060x6-64pe-2,Ethernet436,str4-7060x6-64pe-fan-2,Ethernet436,400000,3509,Access,off
str4-7060x6-64pe-2,Ethernet440,str4-7060x6-64pe-fan-2,Ethernet440,400000,3510,Access,off
str4-7060x6-64pe-2,Ethernet444,str4-7060x6-64pe-fan-2,Ethernet444,400000,3511,Access,off
str4-7060x6-64pe-2,Ethernet448,str4-7060x6-64pe-fan-2,Ethernet448,400000,3512,Access,off
str4-7060x6-64pe-2,Ethernet452,str4-7060x6-64pe-fan-2,Ethernet452,400000,3513,Access,off
str4-7060x6-64pe-2,Ethernet456,str4-7060x6-64pe-fan-2,Ethernet456,400000,3514,Access,off
str4-7060x6-64pe-2,Ethernet460,str4-7060x6-64pe-fan-2,Ethernet460,400000,3515,Access,off
str4-7060x6-64pe-2,Ethernet464,str4-7060x6-64pe-fan-2,Ethernet464,400000,3516,Access,off
str4-7060x6-64pe-2,Ethernet468,str4-7060x6-64pe-fan-2,Ethernet468,400000,3517,Access,off
str4-7060x6-64pe-2,Ethernet472,str4-7060x6-64pe-fan-2,Ethernet472,400000,3518,Access,off
str4-7060x6-64pe-2,Ethernet476,str4-7060x6-64pe-fan-2,Ethernet476,400000,3519,Access,off
str4-7060x6-64pe-2,Ethernet480,str4-7060x6-64pe-fan-2,Ethernet480,400000,3520,Access,off
str4-7060x6-64pe-2,Ethernet484,str4-7060x6-64pe-fan-2,Ethernet484,400000,3521,Access,off
str4-7060x6-64pe-2,Ethernet488,str4-7060x6-64pe-fan-2,Ethernet488,400000,3522,Access,off
str4-7060x6-64pe-2,Ethernet492,str4-7060x6-64pe-fan-2,Ethernet492,400000,3523,Access,off
str4-7060x6-64pe-2,Ethernet496,str4-7060x6-64pe-fan-2,Ethernet496,400000,3524,Access,off
str4-7060x6-64pe-2,Ethernet500,str4-7060x6-64pe-fan-2,Ethernet500,400000,3525,Access,off
str4-sn5600-2,Ethernet0,str4-sn5600-3,Ethernet0,100000,,Access,off
str4-sn5600-2,Ethernet1,str4-sn5600-3,Ethernet1,100000,,Access,off
str4-sn5600-2,Ethernet2,str4-sn5600-3,Ethernet2,100000,,Access,off
str4-sn5600-2,Ethernet3,str4-sn5600-3,Ethernet3,100000,,Access,off
str4-sn5600-2,Ethernet4,str4-sn5600-3,Ethernet4,100000,,Access,off
str4-sn5600-2,Ethernet5,str4-sn5600-3,Ethernet5,100000,,Access,off
str4-sn5600-2,Ethernet6,str4-sn5600-3,Ethernet6,100000,,Access,off
str4-sn5600-2,Ethernet7,str4-sn5600-3,Ethernet7,100000,,Access,off
str4-sn5600-2,Ethernet16,str4-sn5600-3,Ethernet16,100000,,Access,off
str4-sn5600-2,Ethernet17,str4-sn5600-3,Ethernet17,100000,,Access,off
str4-sn5600-2,Ethernet18,str4-sn5600-3,Ethernet18,100000,,Access,off
str4-sn5600-2,Ethernet19,str4-sn5600-3,Ethernet19,100000,,Access,off
str4-sn5600-2,Ethernet20,str4-sn5600-3,Ethernet20,100000,,Access,off
str4-sn5600-2,Ethernet21,str4-sn5600-3,Ethernet21,100000,,Access,off
str4-sn5600-2,Ethernet22,str4-sn5600-3,Ethernet22,100000,,Access,off
str4-sn5600-2,Ethernet23,str4-sn5600-3,Ethernet23,100000,,Access,off
str4-sn5600-2,Ethernet32,str4-sn5600-3,Ethernet32,100000,,Access,off
str4-sn5600-2,Ethernet33,str4-sn5600-3,Ethernet33,100000,,Access,off
str4-sn5600-2,Ethernet34,str4-sn5600-3,Ethernet34,100000,,Access,off
str4-sn5600-2,Ethernet35,str4-sn5600-3,Ethernet35,100000,,Access,off
str4-sn5600-2,Ethernet36,str4-sn5600-3,Ethernet36,100000,,Access,off
str4-sn5600-2,Ethernet37,str4-sn5600-3,Ethernet37,100000,,Access,off
str4-sn5600-2,Ethernet38,str4-sn5600-3,Ethernet38,100000,,Access,off
str4-sn5600-2,Ethernet39,str4-sn5600-3,Ethernet39,100000,,Access,off
str4-sn5600-2,Ethernet48,str4-sn5600-3,Ethernet48,100000,,Access,off
str4-sn5600-2,Ethernet49,str4-sn5600-3,Ethernet49,100000,,Access,off
str4-sn5600-2,Ethernet50,str4-sn5600-3,Ethernet50,100000,,Access,off
str4-sn5600-2,Ethernet51,str4-sn5600-3,Ethernet51,100000,,Access,off
str4-sn5600-2,Ethernet52,str4-sn5600-3,Ethernet52,100000,,Access,off
str4-sn5600-2,Ethernet53,str4-sn5600-3,Ethernet53,100000,,Access,off
str4-sn5600-2,Ethernet54,str4-sn5600-3,Ethernet54,100000,,Access,off
str4-sn5600-2,Ethernet55,str4-sn5600-3,Ethernet55,100000,,Access,off
str4-sn5600-2,Ethernet64,str4-sn5600-3,Ethernet64,100000,,Access,off
str4-sn5600-2,Ethernet65,str4-sn5600-3,Ethernet65,100000,,Access,off
str4-sn5600-2,Ethernet66,str4-sn5600-3,Ethernet66,100000,,Access,off
str4-sn5600-2,Ethernet67,str4-sn5600-3,Ethernet67,100000,,Access,off
str4-sn5600-2,Ethernet68,str4-sn5600-3,Ethernet68,100000,,Access,off
str4-sn5600-2,Ethernet69,str4-sn5600-3,Ethernet69,100000,,Access,off
str4-sn5600-2,Ethernet70,str4-sn5600-3,Ethernet70,100000,,Access,off
str4-sn5600-2,Ethernet71,str4-sn5600-3,Ethernet71,100000,,Access,off
str4-sn5600-2,Ethernet80,str4-sn5600-3,Ethernet80,100000,,Access,off
str4-sn5600-2,Ethernet81,str4-sn5600-3,Ethernet81,100000,,Access,off
str4-sn5600-2,Ethernet82,str4-sn5600-3,Ethernet82,100000,,Access,off
str4-sn5600-2,Ethernet83,str4-sn5600-3,Ethernet83,100000,,Access,off
str4-sn5600-2,Ethernet84,str4-sn5600-3,Ethernet84,100000,,Access,off
str4-sn5600-2,Ethernet85,str4-sn5600-3,Ethernet85,100000,,Access,off
str4-sn5600-2,Ethernet86,str4-sn5600-3,Ethernet86,100000,,Access,off
str4-sn5600-2,Ethernet87,str4-sn5600-3,Ethernet87,100000,,Access,off
str4-sn5600-2,Ethernet96,str4-sn5600-3,Ethernet96,100000,,Access,off
str4-sn5600-2,Ethernet97,str4-sn5600-3,Ethernet97,100000,,Access,off
str4-sn5600-2,Ethernet98,str4-sn5600-3,Ethernet98,100000,,Access,off
str4-sn5600-2,Ethernet99,str4-sn5600-3,Ethernet99,100000,,Access,off
str4-sn5600-2,Ethernet100,str4-sn5600-3,Ethernet100,100000,,Access,off
str4-sn5600-2,Ethernet101,str4-sn5600-3,Ethernet101,100000,,Access,off
str4-sn5600-2,Ethernet102,str4-sn5600-3,Ethernet102,100000,,Access,off
str4-sn5600-2,Ethernet103,str4-sn5600-3,Ethernet103,100000,,Access,off
str4-sn5600-2,Ethernet112,str4-sn5600-3,Ethernet112,100000,,Access,off
str4-sn5600-2,Ethernet113,str4-sn5600-3,Ethernet113,100000,,Access,off
str4-sn5600-2,Ethernet114,str4-sn5600-3,Ethernet114,100000,,Access,off
str4-sn5600-2,Ethernet115,str4-sn5600-3,Ethernet115,100000,,Access,off
str4-sn5600-2,Ethernet116,str4-sn5600-3,Ethernet116,100000,,Access,off
str4-sn5600-2,Ethernet117,str4-sn5600-3,Ethernet117,100000,,Access,off
str4-sn5600-2,Ethernet118,str4-sn5600-3,Ethernet118,100000,,Access,off
str4-sn5600-2,Ethernet119,str4-sn5600-3,Ethernet119,100000,,Access,off
str4-sn5600-2,Ethernet128,str4-sn5600-3,Ethernet128,100000,,Access,off
str4-sn5600-2,Ethernet129,str4-sn5600-3,Ethernet129,100000,,Access,off
str4-sn5600-2,Ethernet130,str4-sn5600-3,Ethernet130,100000,,Access,off
str4-sn5600-2,Ethernet131,str4-sn5600-3,Ethernet131,100000,,Access,off
str4-sn5600-2,Ethernet132,str4-sn5600-3,Ethernet132,100000,,Access,off
str4-sn5600-2,Ethernet133,str4-sn5600-3,Ethernet133,100000,,Access,off
str4-sn5600-2,Ethernet134,str4-sn5600-3,Ethernet134,100000,,Access,off
str4-sn5600-2,Ethernet135,str4-sn5600-3,Ethernet135,100000,,Access,off
str4-sn5600-2,Ethernet144,str4-sn5600-3,Ethernet144,100000,,Access,off
str4-sn5600-2,Ethernet145,str4-sn5600-3,Ethernet145,100000,,Access,off
str4-sn5600-2,Ethernet146,str4-sn5600-3,Ethernet146,100000,,Access,off
str4-sn5600-2,Ethernet147,str4-sn5600-3,Ethernet147,100000,,Access,off
str4-sn5600-2,Ethernet148,str4-sn5600-3,Ethernet148,100000,,Access,off
str4-sn5600-2,Ethernet149,str4-sn5600-3,Ethernet149,100000,,Access,off
str4-sn5600-2,Ethernet150,str4-sn5600-3,Ethernet150,100000,,Access,off
str4-sn5600-2,Ethernet151,str4-sn5600-3,Ethernet151,100000,,Access,off
str4-sn5600-2,Ethernet160,str4-sn5600-3,Ethernet160,100000,,Access,off
str4-sn5600-2,Ethernet161,str4-sn5600-3,Ethernet161,100000,,Access,off
str4-sn5600-2,Ethernet162,str4-sn5600-3,Ethernet162,100000,,Access,off
str4-sn5600-2,Ethernet163,str4-sn5600-3,Ethernet163,100000,,Access,off
str4-sn5600-2,Ethernet164,str4-sn5600-3,Ethernet164,100000,,Access,off
str4-sn5600-2,Ethernet165,str4-sn5600-3,Ethernet165,100000,,Access,off
str4-sn5600-2,Ethernet166,str4-sn5600-3,Ethernet166,100000,,Access,off
str4-sn5600-2,Ethernet167,str4-sn5600-3,Ethernet167,100000,,Access,off
str4-sn5600-2,Ethernet176,str4-sn5600-3,Ethernet176,100000,,Access,off
str4-sn5600-2,Ethernet177,str4-sn5600-3,Ethernet177,100000,,Access,off
str4-sn5600-2,Ethernet178,str4-sn5600-3,Ethernet178,100000,,Access,off
str4-sn5600-2,Ethernet179,str4-sn5600-3,Ethernet179,100000,,Access,off
str4-sn5600-2,Ethernet180,str4-sn5600-3,Ethernet180,100000,,Access,off
str4-sn5600-2,Ethernet181,str4-sn5600-3,Ethernet181,100000,,Access,off
str4-sn5600-2,Ethernet182,str4-sn5600-3,Ethernet182,100000,,Access,off
str4-sn5600-2,Ethernet183,str4-sn5600-3,Ethernet183,100000,,Access,off
str4-sn5600-2,Ethernet192,str4-sn5600-3,Ethernet192,100000,,Access,off
str4-sn5600-2,Ethernet193,str4-sn5600-3,Ethernet193,100000,,Access,off
str4-sn5600-2,Ethernet194,str4-sn5600-3,Ethernet194,100000,,Access,off
str4-sn5600-2,Ethernet195,str4-sn5600-3,Ethernet195,100000,,Access,off
str4-sn5600-2,Ethernet196,str4-sn5600-3,Ethernet196,100000,,Access,off
str4-sn5600-2,Ethernet197,str4-sn5600-3,Ethernet197,100000,,Access,off
str4-sn5600-2,Ethernet198,str4-sn5600-3,Ethernet198,100000,,Access,off
str4-sn5600-2,Ethernet199,str4-sn5600-3,Ethernet199,100000,,Access,off
str4-sn5600-2,Ethernet208,str4-sn5600-3,Ethernet208,100000,,Access,off
str4-sn5600-2,Ethernet209,str4-sn5600-3,Ethernet209,100000,,Access,off
str4-sn5600-2,Ethernet210,str4-sn5600-3,Ethernet210,100000,,Access,off
str4-sn5600-2,Ethernet211,str4-sn5600-3,Ethernet211,100000,,Access,off
str4-sn5600-2,Ethernet212,str4-sn5600-3,Ethernet212,100000,,Access,off
str4-sn5600-2,Ethernet213,str4-sn5600-3,Ethernet213,100000,,Access,off
str4-sn5600-2,Ethernet214,str4-sn5600-3,Ethernet214,100000,,Access,off
str4-sn5600-2,Ethernet215,str4-sn5600-3,Ethernet215,100000,,Access,off
str4-sn5600-2,Ethernet224,str4-sn5600-3,Ethernet224,100000,,Access,off
str4-sn5600-2,Ethernet225,str4-sn5600-3,Ethernet225,100000,,Access,off
str4-sn5600-2,Ethernet226,str4-sn5600-3,Ethernet226,100000,,Access,off
str4-sn5600-2,Ethernet227,str4-sn5600-3,Ethernet227,100000,,Access,off
str4-sn5600-2,Ethernet228,str4-sn5600-3,Ethernet228,100000,,Access,off
str4-sn5600-2,Ethernet229,str4-sn5600-3,Ethernet229,100000,,Access,off
str4-sn5600-2,Ethernet230,str4-sn5600-3,Ethernet230,100000,,Access,off
str4-sn5600-2,Ethernet231,str4-sn5600-3,Ethernet231,100000,,Access,off
str4-sn5600-2,Ethernet240,str4-sn5600-3,Ethernet240,100000,,Access,off
str4-sn5600-2,Ethernet241,str4-sn5600-3,Ethernet241,100000,,Access,off
str4-sn5600-2,Ethernet242,str4-sn5600-3,Ethernet242,100000,,Access,off
str4-sn5600-2,Ethernet243,str4-sn5600-3,Ethernet243,100000,,Access,off
str4-sn5600-2,Ethernet244,str4-sn5600-3,Ethernet244,100000,,Access,off
str4-sn5600-2,Ethernet245,str4-sn5600-3,Ethernet245,100000,,Access,off
str4-sn5600-2,Ethernet246,str4-sn5600-3,Ethernet246,100000,,Access,off
str4-sn5600-2,Ethernet247,str4-sn5600-3,Ethernet247,100000,,Access,off
str4-sn5600-2,Ethernet256,str4-sn5600-3,Ethernet256,100000,,Access,off
str4-sn5600-2,Ethernet257,str4-sn5600-3,Ethernet257,100000,,Access,off
str4-sn5600-2,Ethernet258,str4-sn5600-3,Ethernet258,100000,,Access,off
str4-sn5600-2,Ethernet259,str4-sn5600-3,Ethernet259,100000,,Access,off
str4-sn5600-2,Ethernet260,str4-sn5600-3,Ethernet260,100000,,Access,off
str4-sn5600-2,Ethernet261,str4-sn5600-3,Ethernet261,100000,,Access,off
str4-sn5600-2,Ethernet262,str4-sn5600-3,Ethernet262,100000,,Access,off
str4-sn5600-2,Ethernet263,str4-sn5600-3,Ethernet263,100000,,Access,off
str4-sn5600-2,Ethernet272,str4-sn5600-3,Ethernet272,100000,,Access,off
str4-sn5600-2,Ethernet273,str4-sn5600-3,Ethernet273,100000,,Access,off
str4-sn5600-2,Ethernet274,str4-sn5600-3,Ethernet274,100000,,Access,off
str4-sn5600-2,Ethernet275,str4-sn5600-3,Ethernet275,100000,,Access,off
str4-sn5600-2,Ethernet276,str4-sn5600-3,Ethernet276,100000,,Access,off
str4-sn5600-2,Ethernet277,str4-sn5600-3,Ethernet277,100000,,Access,off
str4-sn5600-2,Ethernet278,str4-sn5600-3,Ethernet278,100000,,Access,off
str4-sn5600-2,Ethernet279,str4-sn5600-3,Ethernet279,100000,,Access,off
str4-sn5600-2,Ethernet288,str4-sn5600-3,Ethernet288,100000,,Access,off
str4-sn5600-2,Ethernet289,str4-sn5600-3,Ethernet289,100000,,Access,off
str4-sn5600-2,Ethernet290,str4-sn5600-3,Ethernet290,100000,,Access,off
str4-sn5600-2,Ethernet291,str4-sn5600-3,Ethernet291,100000,,Access,off
str4-sn5600-2,Ethernet292,str4-sn5600-3,Ethernet292,100000,,Access,off
str4-sn5600-2,Ethernet293,str4-sn5600-3,Ethernet293,100000,,Access,off
str4-sn5600-2,Ethernet294,str4-sn5600-3,Ethernet294,100000,,Access,off
str4-sn5600-2,Ethernet295,str4-sn5600-3,Ethernet295,100000,,Access,off
str4-sn5600-2,Ethernet304,str4-sn5600-3,Ethernet304,100000,,Access,off
str4-sn5600-2,Ethernet305,str4-sn5600-3,Ethernet305,100000,,Access,off
str4-sn5600-2,Ethernet306,str4-sn5600-3,Ethernet306,100000,,Access,off
str4-sn5600-2,Ethernet307,str4-sn5600-3,Ethernet307,100000,,Access,off
str4-sn5600-2,Ethernet308,str4-sn5600-3,Ethernet308,100000,,Access,off
str4-sn5600-2,Ethernet309,str4-sn5600-3,Ethernet309,100000,,Access,off
str4-sn5600-2,Ethernet310,str4-sn5600-3,Ethernet310,100000,,Access,off
str4-sn5600-2,Ethernet311,str4-sn5600-3,Ethernet311,100000,,Access,off
str4-sn5600-2,Ethernet320,str4-sn5600-3,Ethernet320,100000,,Access,off
str4-sn5600-2,Ethernet321,str4-sn5600-3,Ethernet321,100000,,Access,off
str4-sn5600-2,Ethernet322,str4-sn5600-3,Ethernet322,100000,,Access,off
str4-sn5600-2,Ethernet323,str4-sn5600-3,Ethernet323,100000,,Access,off
str4-sn5600-2,Ethernet324,str4-sn5600-3,Ethernet324,100000,,Access,off
str4-sn5600-2,Ethernet325,str4-sn5600-3,Ethernet325,100000,,Access,off
str4-sn5600-2,Ethernet326,str4-sn5600-3,Ethernet326,100000,,Access,off
str4-sn5600-2,Ethernet327,str4-sn5600-3,Ethernet327,100000,,Access,off
str4-sn5600-2,Ethernet336,str4-sn5600-3,Ethernet336,100000,,Access,off
str4-sn5600-2,Ethernet337,str4-sn5600-3,Ethernet337,100000,,Access,off
str4-sn5600-2,Ethernet338,str4-sn5600-3,Ethernet338,100000,,Access,off
str4-sn5600-2,Ethernet339,str4-sn5600-3,Ethernet339,100000,,Access,off
str4-sn5600-2,Ethernet340,str4-sn5600-3,Ethernet340,100000,,Access,off
str4-sn5600-2,Ethernet341,str4-sn5600-3,Ethernet341,100000,,Access,off
str4-sn5600-2,Ethernet342,str4-sn5600-3,Ethernet342,100000,,Access,off
str4-sn5600-2,Ethernet343,str4-sn5600-3,Ethernet343,100000,,Access,off
str4-sn5600-2,Ethernet352,str4-sn5600-3,Ethernet352,100000,,Access,off
str4-sn5600-2,Ethernet353,str4-sn5600-3,Ethernet353,100000,,Access,off
str4-sn5600-2,Ethernet354,str4-sn5600-3,Ethernet354,100000,,Access,off
str4-sn5600-2,Ethernet355,str4-sn5600-3,Ethernet355,100000,,Access,off
str4-sn5600-2,Ethernet356,str4-sn5600-3,Ethernet356,100000,,Access,off
str4-sn5600-2,Ethernet357,str4-sn5600-3,Ethernet357,100000,,Access,off
str4-sn5600-2,Ethernet358,str4-sn5600-3,Ethernet358,100000,,Access,off
str4-sn5600-2,Ethernet359,str4-sn5600-3,Ethernet359,100000,,Access,off
str4-sn5600-2,Ethernet368,str4-sn5600-3,Ethernet368,100000,,Access,off
str4-sn5600-2,Ethernet369,str4-sn5600-3,Ethernet369,100000,,Access,off
str4-sn5600-2,Ethernet370,str4-sn5600-3,Ethernet370,100000,,Access,off
str4-sn5600-2,Ethernet371,str4-sn5600-3,Ethernet371,100000,,Access,off
str4-sn5600-2,Ethernet372,str4-sn5600-3,Ethernet372,100000,,Access,off
str4-sn5600-2,Ethernet373,str4-sn5600-3,Ethernet373,100000,,Access,off
str4-sn5600-2,Ethernet374,str4-sn5600-3,Ethernet374,100000,,Access,off
str4-sn5600-2,Ethernet375,str4-sn5600-3,Ethernet375,100000,,Access,off
str4-sn5600-2,Ethernet384,str4-sn5600-3,Ethernet384,100000,,Access,off
str4-sn5600-2,Ethernet385,str4-sn5600-3,Ethernet385,100000,,Access,off
str4-sn5600-2,Ethernet386,str4-sn5600-3,Ethernet386,100000,,Access,off
str4-sn5600-2,Ethernet387,str4-sn5600-3,Ethernet387,100000,,Access,off
str4-sn5600-2,Ethernet388,str4-sn5600-3,Ethernet388,100000,,Access,off
str4-sn5600-2,Ethernet389,str4-sn5600-3,Ethernet389,100000,,Access,off
str4-sn5600-2,Ethernet390,str4-sn5600-3,Ethernet390,100000,,Access,off
str4-sn5600-2,Ethernet391,str4-sn5600-3,Ethernet391,100000,,Access,off
str4-sn5600-2,Ethernet400,str4-sn5600-3,Ethernet400,100000,,Access,off
str4-sn5600-2,Ethernet401,str4-sn5600-3,Ethernet401,100000,,Access,off
str4-sn5600-2,Ethernet402,str4-sn5600-3,Ethernet402,100000,,Access,off
str4-sn5600-2,Ethernet403,str4-sn5600-3,Ethernet403,100000,,Access,off
str4-sn5600-2,Ethernet404,str4-sn5600-3,Ethernet404,100000,,Access,off
str4-sn5600-2,Ethernet405,str4-sn5600-3,Ethernet405,100000,,Access,off
str4-sn5600-2,Ethernet406,str4-sn5600-3,Ethernet406,100000,,Access,off
str4-sn5600-2,Ethernet407,str4-sn5600-3,Ethernet407,100000,,Access,off
str4-sn5600-2,Ethernet416,str4-sn5600-3,Ethernet416,100000,,Access,off
str4-sn5600-2,Ethernet417,str4-sn5600-3,Ethernet417,100000,,Access,off
str4-sn5600-2,Ethernet418,str4-sn5600-3,Ethernet418,100000,,Access,off
str4-sn5600-2,Ethernet419,str4-sn5600-3,Ethernet419,100000,,Access,off
str4-sn5600-2,Ethernet420,str4-sn5600-3,Ethernet420,100000,,Access,off
str4-sn5600-2,Ethernet421,str4-sn5600-3,Ethernet421,100000,,Access,off
str4-sn5600-2,Ethernet422,str4-sn5600-3,Ethernet422,100000,,Access,off
str4-sn5600-2,Ethernet423,str4-sn5600-3,Ethernet423,100000,,Access,off
str4-sn5600-2,Ethernet432,str4-sn5600-3,Ethernet432,100000,,Access,off
str4-sn5600-2,Ethernet433,str4-sn5600-3,Ethernet433,100000,,Access,off
str4-sn5600-2,Ethernet434,str4-sn5600-3,Ethernet434,100000,,Access,off
str4-sn5600-2,Ethernet435,str4-sn5600-3,Ethernet435,100000,,Access,off
str4-sn5600-2,Ethernet436,str4-sn5600-3,Ethernet436,100000,,Access,off
str4-sn5600-2,Ethernet437,str4-sn5600-3,Ethernet437,100000,,Access,off
str4-sn5600-2,Ethernet438,str4-sn5600-3,Ethernet438,100000,,Access,off
str4-sn5600-2,Ethernet439,str4-sn5600-3,Ethernet439,100000,,Access,off
str4-sn5600-2,Ethernet448,str4-sn5600-3,Ethernet448,100000,,Access,off
str4-sn5600-2,Ethernet449,str4-sn5600-3,Ethernet449,100000,,Access,off
str4-sn5600-2,Ethernet450,str4-sn5600-3,Ethernet450,100000,,Access,off
str4-sn5600-2,Ethernet451,str4-sn5600-3,Ethernet451,100000,,Access,off
str4-sn5600-2,Ethernet452,str4-sn5600-3,Ethernet452,100000,,Access,off
str4-sn5600-2,Ethernet453,str4-sn5600-3,Ethernet453,100000,,Access,off
str4-sn5600-2,Ethernet454,str4-sn5600-3,Ethernet454,100000,,Access,off
str4-sn5600-2,Ethernet455,str4-sn5600-3,Ethernet455,100000,,Access,off
str4-sn5600-2,Ethernet464,str4-sn5600-3,Ethernet464,100000,,Access,off
str4-sn5600-2,Ethernet465,str4-sn5600-3,Ethernet465,100000,,Access,off
str4-sn5600-2,Ethernet466,str4-sn5600-3,Ethernet466,100000,,Access,off
str4-sn5600-2,Ethernet467,str4-sn5600-3,Ethernet467,100000,,Access,off
str4-sn5600-2,Ethernet468,str4-sn5600-3,Ethernet468,100000,,Access,off
str4-sn5600-2,Ethernet469,str4-sn5600-3,Ethernet469,100000,,Access,off
str4-sn5600-2,Ethernet470,str4-sn5600-3,Ethernet470,100000,,Access,off
str4-sn5600-2,Ethernet471,str4-sn5600-3,Ethernet471,100000,,Access,off
str4-sn5600-2,Ethernet480,str4-sn5600-3,Ethernet480,100000,,Access,off
str4-sn5600-2,Ethernet481,str4-sn5600-3,Ethernet481,100000,,Access,off
str4-sn5600-2,Ethernet482,str4-sn5600-3,Ethernet482,100000,,Access,off
str4-sn5600-2,Ethernet483,str4-sn5600-3,Ethernet483,100000,,Access,off
str4-sn5600-2,Ethernet484,str4-sn5600-3,Ethernet484,100000,,Access,off
str4-sn5600-2,Ethernet485,str4-sn5600-3,Ethernet485,100000,,Access,off
str4-sn5600-2,Ethernet486,str4-sn5600-3,Ethernet486,100000,,Access,off
str4-sn5600-2,Ethernet487,str4-sn5600-3,Ethernet487,100000,,Access,off
str4-sn5600-2,Ethernet496,str4-sn5600-3,Ethernet496,100000,,Access,off
str4-sn5600-2,Ethernet497,str4-sn5600-3,Ethernet497,100000,,Access,off
str4-sn5600-2,Ethernet498,str4-sn5600-3,Ethernet498,100000,,Access,off
str4-sn5600-2,Ethernet499,str4-sn5600-3,Ethernet499,100000,,Access,off
str4-sn5600-2,Ethernet500,str4-sn5600-3,Ethernet500,100000,,Access,off
str4-sn5600-2,Ethernet501,str4-sn5600-3,Ethernet501,100000,,Access,off
str4-sn5600-2,Ethernet502,str4-sn5600-3,Ethernet502,100000,,Access,off
str4-sn5600-2,Ethernet503,str4-sn5600-3,Ethernet503,100000,,Access,off
str4-sn5600-3,Ethernet0,str4-sn5600-2,Ethernet0,100000,,Access,off
str4-sn5600-3,Ethernet1,str4-sn5600-2,Ethernet1,100000,,Access,off
str4-sn5600-3,Ethernet2,str4-sn5600-2,Ethernet2,100000,,Access,off
str4-sn5600-3,Ethernet3,str4-sn5600-2,Ethernet3,100000,,Access,off
str4-sn5600-3,Ethernet4,str4-sn5600-2,Ethernet4,100000,,Access,off
str4-sn5600-3,Ethernet5,str4-sn5600-2,Ethernet5,100000,,Access,off
str4-sn5600-3,Ethernet6,str4-sn5600-2,Ethernet6,100000,,Access,off
str4-sn5600-3,Ethernet7,str4-sn5600-2,Ethernet7,100000,,Access,off
str4-sn5600-3,Ethernet16,str4-sn5600-2,Ethernet16,100000,,Access,off
str4-sn5600-3,Ethernet17,str4-sn5600-2,Ethernet17,100000,,Access,off
str4-sn5600-3,Ethernet18,str4-sn5600-2,Ethernet18,100000,,Access,off
str4-sn5600-3,Ethernet19,str4-sn5600-2,Ethernet19,100000,,Access,off
str4-sn5600-3,Ethernet20,str4-sn5600-2,Ethernet20,100000,,Access,off
str4-sn5600-3,Ethernet21,str4-sn5600-2,Ethernet21,100000,,Access,off
str4-sn5600-3,Ethernet22,str4-sn5600-2,Ethernet22,100000,,Access,off
str4-sn5600-3,Ethernet23,str4-sn5600-2,Ethernet23,100000,,Access,off
str4-sn5600-3,Ethernet32,str4-sn5600-2,Ethernet32,100000,,Access,off
str4-sn5600-3,Ethernet33,str4-sn5600-2,Ethernet33,100000,,Access,off
str4-sn5600-3,Ethernet34,str4-sn5600-2,Ethernet34,100000,,Access,off
str4-sn5600-3,Ethernet35,str4-sn5600-2,Ethernet35,100000,,Access,off
str4-sn5600-3,Ethernet36,str4-sn5600-2,Ethernet36,100000,,Access,off
str4-sn5600-3,Ethernet37,str4-sn5600-2,Ethernet37,100000,,Access,off
str4-sn5600-3,Ethernet38,str4-sn5600-2,Ethernet38,100000,,Access,off
str4-sn5600-3,Ethernet39,str4-sn5600-2,Ethernet39,100000,,Access,off
str4-sn5600-3,Ethernet48,str4-sn5600-2,Ethernet48,100000,,Access,off
str4-sn5600-3,Ethernet49,str4-sn5600-2,Ethernet49,100000,,Access,off
str4-sn5600-3,Ethernet50,str4-sn5600-2,Ethernet50,100000,,Access,off
str4-sn5600-3,Ethernet51,str4-sn5600-2,Ethernet51,100000,,Access,off
str4-sn5600-3,Ethernet52,str4-sn5600-2,Ethernet52,100000,,Access,off
str4-sn5600-3,Ethernet53,str4-sn5600-2,Ethernet53,100000,,Access,off
str4-sn5600-3,Ethernet54,str4-sn5600-2,Ethernet54,100000,,Access,off
str4-sn5600-3,Ethernet55,str4-sn5600-2,Ethernet55,100000,,Access,off
str4-sn5600-3,Ethernet64,str4-sn5600-2,Ethernet64,100000,,Access,off
str4-sn5600-3,Ethernet65,str4-sn5600-2,Ethernet65,100000,,Access,off
str4-sn5600-3,Ethernet66,str4-sn5600-2,Ethernet66,100000,,Access,off
str4-sn5600-3,Ethernet67,str4-sn5600-2,Ethernet67,100000,,Access,off
str4-sn5600-3,Ethernet68,str4-sn5600-2,Ethernet68,100000,,Access,off
str4-sn5600-3,Ethernet69,str4-sn5600-2,Ethernet69,100000,,Access,off
str4-sn5600-3,Ethernet70,str4-sn5600-2,Ethernet70,100000,,Access,off
str4-sn5600-3,Ethernet71,str4-sn5600-2,Ethernet71,100000,,Access,off
str4-sn5600-3,Ethernet80,str4-sn5600-2,Ethernet80,100000,,Access,off
str4-sn5600-3,Ethernet81,str4-sn5600-2,Ethernet81,100000,,Access,off
str4-sn5600-3,Ethernet82,str4-sn5600-2,Ethernet82,100000,,Access,off
str4-sn5600-3,Ethernet83,str4-sn5600-2,Ethernet83,100000,,Access,off
str4-sn5600-3,Ethernet84,str4-sn5600-2,Ethernet84,100000,,Access,off
str4-sn5600-3,Ethernet85,str4-sn5600-2,Ethernet85,100000,,Access,off
str4-sn5600-3,Ethernet86,str4-sn5600-2,Ethernet86,100000,,Access,off
str4-sn5600-3,Ethernet87,str4-sn5600-2,Ethernet87,100000,,Access,off
str4-sn5600-3,Ethernet96,str4-sn5600-2,Ethernet96,100000,,Access,off
str4-sn5600-3,Ethernet97,str4-sn5600-2,Ethernet97,100000,,Access,off
str4-sn5600-3,Ethernet98,str4-sn5600-2,Ethernet98,100000,,Access,off
str4-sn5600-3,Ethernet99,str4-sn5600-2,Ethernet99,100000,,Access,off
str4-sn5600-3,Ethernet100,str4-sn5600-2,Ethernet100,100000,,Access,off
str4-sn5600-3,Ethernet101,str4-sn5600-2,Ethernet101,100000,,Access,off
str4-sn5600-3,Ethernet102,str4-sn5600-2,Ethernet102,100000,,Access,off
str4-sn5600-3,Ethernet103,str4-sn5600-2,Ethernet103,100000,,Access,off
str4-sn5600-3,Ethernet112,str4-sn5600-2,Ethernet112,100000,,Access,off
str4-sn5600-3,Ethernet113,str4-sn5600-2,Ethernet113,100000,,Access,off
str4-sn5600-3,Ethernet114,str4-sn5600-2,Ethernet114,100000,,Access,off
str4-sn5600-3,Ethernet115,str4-sn5600-2,Ethernet115,100000,,Access,off
str4-sn5600-3,Ethernet116,str4-sn5600-2,Ethernet116,100000,,Access,off
str4-sn5600-3,Ethernet117,str4-sn5600-2,Ethernet117,100000,,Access,off
str4-sn5600-3,Ethernet118,str4-sn5600-2,Ethernet118,100000,,Access,off
str4-sn5600-3,Ethernet119,str4-sn5600-2,Ethernet119,100000,,Access,off
str4-sn5600-3,Ethernet128,str4-sn5600-2,Ethernet128,100000,,Access,off
str4-sn5600-3,Ethernet129,str4-sn5600-2,Ethernet129,100000,,Access,off
str4-sn5600-3,Ethernet130,str4-sn5600-2,Ethernet130,100000,,Access,off
str4-sn5600-3,Ethernet131,str4-sn5600-2,Ethernet131,100000,,Access,off
str4-sn5600-3,Ethernet132,str4-sn5600-2,Ethernet132,100000,,Access,off
str4-sn5600-3,Ethernet133,str4-sn5600-2,Ethernet133,100000,,Access,off
str4-sn5600-3,Ethernet134,str4-sn5600-2,Ethernet134,100000,,Access,off
str4-sn5600-3,Ethernet135,str4-sn5600-2,Ethernet135,100000,,Access,off
str4-sn5600-3,Ethernet144,str4-sn5600-2,Ethernet144,100000,,Access,off
str4-sn5600-3,Ethernet145,str4-sn5600-2,Ethernet145,100000,,Access,off
str4-sn5600-3,Ethernet146,str4-sn5600-2,Ethernet146,100000,,Access,off
str4-sn5600-3,Ethernet147,str4-sn5600-2,Ethernet147,100000,,Access,off
str4-sn5600-3,Ethernet148,str4-sn5600-2,Ethernet148,100000,,Access,off
str4-sn5600-3,Ethernet149,str4-sn5600-2,Ethernet149,100000,,Access,off
str4-sn5600-3,Ethernet150,str4-sn5600-2,Ethernet150,100000,,Access,off
str4-sn5600-3,Ethernet151,str4-sn5600-2,Ethernet151,100000,,Access,off
str4-sn5600-3,Ethernet160,str4-sn5600-2,Ethernet160,100000,,Access,off
str4-sn5600-3,Ethernet161,str4-sn5600-2,Ethernet161,100000,,Access,off
str4-sn5600-3,Ethernet162,str4-sn5600-2,Ethernet162,100000,,Access,off
str4-sn5600-3,Ethernet163,str4-sn5600-2,Ethernet163,100000,,Access,off
str4-sn5600-3,Ethernet164,str4-sn5600-2,Ethernet164,100000,,Access,off
str4-sn5600-3,Ethernet165,str4-sn5600-2,Ethernet165,100000,,Access,off
str4-sn5600-3,Ethernet166,str4-sn5600-2,Ethernet166,100000,,Access,off
str4-sn5600-3,Ethernet167,str4-sn5600-2,Ethernet167,100000,,Access,off
str4-sn5600-3,Ethernet176,str4-sn5600-2,Ethernet176,100000,,Access,off
str4-sn5600-3,Ethernet177,str4-sn5600-2,Ethernet177,100000,,Access,off
str4-sn5600-3,Ethernet178,str4-sn5600-2,Ethernet178,100000,,Access,off
str4-sn5600-3,Ethernet179,str4-sn5600-2,Ethernet179,100000,,Access,off
str4-sn5600-3,Ethernet180,str4-sn5600-2,Ethernet180,100000,,Access,off
str4-sn5600-3,Ethernet181,str4-sn5600-2,Ethernet181,100000,,Access,off
str4-sn5600-3,Ethernet182,str4-sn5600-2,Ethernet182,100000,,Access,off
str4-sn5600-3,Ethernet183,str4-sn5600-2,Ethernet183,100000,,Access,off
str4-sn5600-3,Ethernet192,str4-sn5600-2,Ethernet192,100000,,Access,off
str4-sn5600-3,Ethernet193,str4-sn5600-2,Ethernet193,100000,,Access,off
str4-sn5600-3,Ethernet194,str4-sn5600-2,Ethernet194,100000,,Access,off
str4-sn5600-3,Ethernet195,str4-sn5600-2,Ethernet195,100000,,Access,off
str4-sn5600-3,Ethernet196,str4-sn5600-2,Ethernet196,100000,,Access,off
str4-sn5600-3,Ethernet197,str4-sn5600-2,Ethernet197,100000,,Access,off
str4-sn5600-3,Ethernet198,str4-sn5600-2,Ethernet198,100000,,Access,off
str4-sn5600-3,Ethernet199,str4-sn5600-2,Ethernet199,100000,,Access,off
str4-sn5600-3,Ethernet208,str4-sn5600-2,Ethernet208,100000,,Access,off
str4-sn5600-3,Ethernet209,str4-sn5600-2,Ethernet209,100000,,Access,off
str4-sn5600-3,Ethernet210,str4-sn5600-2,Ethernet210,100000,,Access,off
str4-sn5600-3,Ethernet211,str4-sn5600-2,Ethernet211,100000,,Access,off
str4-sn5600-3,Ethernet212,str4-sn5600-2,Ethernet212,100000,,Access,off
str4-sn5600-3,Ethernet213,str4-sn5600-2,Ethernet213,100000,,Access,off
str4-sn5600-3,Ethernet214,str4-sn5600-2,Ethernet214,100000,,Access,off
str4-sn5600-3,Ethernet215,str4-sn5600-2,Ethernet215,100000,,Access,off
str4-sn5600-3,Ethernet224,str4-sn5600-2,Ethernet224,100000,,Access,off
str4-sn5600-3,Ethernet225,str4-sn5600-2,Ethernet225,100000,,Access,off
str4-sn5600-3,Ethernet226,str4-sn5600-2,Ethernet226,100000,,Access,off
str4-sn5600-3,Ethernet227,str4-sn5600-2,Ethernet227,100000,,Access,off
str4-sn5600-3,Ethernet228,str4-sn5600-2,Ethernet228,100000,,Access,off
str4-sn5600-3,Ethernet229,str4-sn5600-2,Ethernet229,100000,,Access,off
str4-sn5600-3,Ethernet230,str4-sn5600-2,Ethernet230,100000,,Access,off
str4-sn5600-3,Ethernet231,str4-sn5600-2,Ethernet231,100000,,Access,off
str4-sn5600-3,Ethernet240,str4-sn5600-2,Ethernet240,100000,,Access,off
str4-sn5600-3,Ethernet241,str4-sn5600-2,Ethernet241,100000,,Access,off
str4-sn5600-3,Ethernet242,str4-sn5600-2,Ethernet242,100000,,Access,off
str4-sn5600-3,Ethernet243,str4-sn5600-2,Ethernet243,100000,,Access,off
str4-sn5600-3,Ethernet244,str4-sn5600-2,Ethernet244,100000,,Access,off
str4-sn5600-3,Ethernet245,str4-sn5600-2,Ethernet245,100000,,Access,off
str4-sn5600-3,Ethernet246,str4-sn5600-2,Ethernet246,100000,,Access,off
str4-sn5600-3,Ethernet247,str4-sn5600-2,Ethernet247,100000,,Access,off
str4-sn5600-3,Ethernet256,str4-sn5600-2,Ethernet256,100000,,Access,off
str4-sn5600-3,Ethernet257,str4-sn5600-2,Ethernet257,100000,,Access,off
str4-sn5600-3,Ethernet258,str4-sn5600-2,Ethernet258,100000,,Access,off
str4-sn5600-3,Ethernet259,str4-sn5600-2,Ethernet259,100000,,Access,off
str4-sn5600-3,Ethernet260,str4-sn5600-2,Ethernet260,100000,,Access,off
str4-sn5600-3,Ethernet261,str4-sn5600-2,Ethernet261,100000,,Access,off
str4-sn5600-3,Ethernet262,str4-sn5600-2,Ethernet262,100000,,Access,off
str4-sn5600-3,Ethernet263,str4-sn5600-2,Ethernet263,100000,,Access,off
str4-sn5600-3,Ethernet272,str4-sn5600-2,Ethernet272,100000,,Access,off
str4-sn5600-3,Ethernet273,str4-sn5600-2,Ethernet273,100000,,Access,off
str4-sn5600-3,Ethernet274,str4-sn5600-2,Ethernet274,100000,,Access,off
str4-sn5600-3,Ethernet275,str4-sn5600-2,Ethernet275,100000,,Access,off
str4-sn5600-3,Ethernet276,str4-sn5600-2,Ethernet276,100000,,Access,off
str4-sn5600-3,Ethernet277,str4-sn5600-2,Ethernet277,100000,,Access,off
str4-sn5600-3,Ethernet278,str4-sn5600-2,Ethernet278,100000,,Access,off
str4-sn5600-3,Ethernet279,str4-sn5600-2,Ethernet279,100000,,Access,off
str4-sn5600-3,Ethernet288,str4-sn5600-2,Ethernet288,100000,,Access,off
str4-sn5600-3,Ethernet289,str4-sn5600-2,Ethernet289,100000,,Access,off
str4-sn5600-3,Ethernet290,str4-sn5600-2,Ethernet290,100000,,Access,off
str4-sn5600-3,Ethernet291,str4-sn5600-2,Ethernet291,100000,,Access,off
str4-sn5600-3,Ethernet292,str4-sn5600-2,Ethernet292,100000,,Access,off
str4-sn5600-3,Ethernet293,str4-sn5600-2,Ethernet293,100000,,Access,off
str4-sn5600-3,Ethernet294,str4-sn5600-2,Ethernet294,100000,,Access,off
str4-sn5600-3,Ethernet295,str4-sn5600-2,Ethernet295,100000,,Access,off
str4-sn5600-3,Ethernet304,str4-sn5600-2,Ethernet304,100000,,Access,off
str4-sn5600-3,Ethernet305,str4-sn5600-2,Ethernet305,100000,,Access,off
str4-sn5600-3,Ethernet306,str4-sn5600-2,Ethernet306,100000,,Access,off
str4-sn5600-3,Ethernet307,str4-sn5600-2,Ethernet307,100000,,Access,off
str4-sn5600-3,Ethernet308,str4-sn5600-2,Ethernet308,100000,,Access,off
str4-sn5600-3,Ethernet309,str4-sn5600-2,Ethernet309,100000,,Access,off
str4-sn5600-3,Ethernet310,str4-sn5600-2,Ethernet310,100000,,Access,off
str4-sn5600-3,Ethernet311,str4-sn5600-2,Ethernet311,100000,,Access,off
str4-sn5600-3,Ethernet320,str4-sn5600-2,Ethernet320,100000,,Access,off
str4-sn5600-3,Ethernet321,str4-sn5600-2,Ethernet321,100000,,Access,off
str4-sn5600-3,Ethernet322,str4-sn5600-2,Ethernet322,100000,,Access,off
str4-sn5600-3,Ethernet323,str4-sn5600-2,Ethernet323,100000,,Access,off
str4-sn5600-3,Ethernet324,str4-sn5600-2,Ethernet324,100000,,Access,off
str4-sn5600-3,Ethernet325,str4-sn5600-2,Ethernet325,100000,,Access,off
str4-sn5600-3,Ethernet326,str4-sn5600-2,Ethernet326,100000,,Access,off
str4-sn5600-3,Ethernet327,str4-sn5600-2,Ethernet327,100000,,Access,off
str4-sn5600-3,Ethernet336,str4-sn5600-2,Ethernet336,100000,,Access,off
str4-sn5600-3,Ethernet337,str4-sn5600-2,Ethernet337,100000,,Access,off
str4-sn5600-3,Ethernet338,str4-sn5600-2,Ethernet338,100000,,Access,off
str4-sn5600-3,Ethernet339,str4-sn5600-2,Ethernet339,100000,,Access,off
str4-sn5600-3,Ethernet340,str4-sn5600-2,Ethernet340,100000,,Access,off
str4-sn5600-3,Ethernet341,str4-sn5600-2,Ethernet341,100000,,Access,off
str4-sn5600-3,Ethernet342,str4-sn5600-2,Ethernet342,100000,,Access,off
str4-sn5600-3,Ethernet343,str4-sn5600-2,Ethernet343,100000,,Access,off
str4-sn5600-3,Ethernet352,str4-sn5600-2,Ethernet352,100000,,Access,off
str4-sn5600-3,Ethernet353,str4-sn5600-2,Ethernet353,100000,,Access,off
str4-sn5600-3,Ethernet354,str4-sn5600-2,Ethernet354,100000,,Access,off
str4-sn5600-3,Ethernet355,str4-sn5600-2,Ethernet355,100000,,Access,off
str4-sn5600-3,Ethernet356,str4-sn5600-2,Ethernet356,100000,,Access,off
str4-sn5600-3,Ethernet357,str4-sn5600-2,Ethernet357,100000,,Access,off
str4-sn5600-3,Ethernet358,str4-sn5600-2,Ethernet358,100000,,Access,off
str4-sn5600-3,Ethernet359,str4-sn5600-2,Ethernet359,100000,,Access,off
str4-sn5600-3,Ethernet368,str4-sn5600-2,Ethernet368,100000,,Access,off
str4-sn5600-3,Ethernet369,str4-sn5600-2,Ethernet369,100000,,Access,off
str4-sn5600-3,Ethernet370,str4-sn5600-2,Ethernet370,100000,,Access,off
str4-sn5600-3,Ethernet371,str4-sn5600-2,Ethernet371,100000,,Access,off
str4-sn5600-3,Ethernet372,str4-sn5600-2,Ethernet372,100000,,Access,off
str4-sn5600-3,Ethernet373,str4-sn5600-2,Ethernet373,100000,,Access,off
str4-sn5600-3,Ethernet374,str4-sn5600-2,Ethernet374,100000,,Access,off
str4-sn5600-3,Ethernet375,str4-sn5600-2,Ethernet375,100000,,Access,off
str4-sn5600-3,Ethernet384,str4-sn5600-2,Ethernet384,100000,,Access,off
str4-sn5600-3,Ethernet385,str4-sn5600-2,Ethernet385,100000,,Access,off
str4-sn5600-3,Ethernet386,str4-sn5600-2,Ethernet386,100000,,Access,off
str4-sn5600-3,Ethernet387,str4-sn5600-2,Ethernet387,100000,,Access,off
str4-sn5600-3,Ethernet388,str4-sn5600-2,Ethernet388,100000,,Access,off
str4-sn5600-3,Ethernet389,str4-sn5600-2,Ethernet389,100000,,Access,off
str4-sn5600-3,Ethernet390,str4-sn5600-2,Ethernet390,100000,,Access,off
str4-sn5600-3,Ethernet391,str4-sn5600-2,Ethernet391,100000,,Access,off
str4-sn5600-3,Ethernet400,str4-sn5600-2,Ethernet400,100000,,Access,off
str4-sn5600-3,Ethernet401,str4-sn5600-2,Ethernet401,100000,,Access,off
str4-sn5600-3,Ethernet402,str4-sn5600-2,Ethernet402,100000,,Access,off
str4-sn5600-3,Ethernet403,str4-sn5600-2,Ethernet403,100000,,Access,off
str4-sn5600-3,Ethernet404,str4-sn5600-2,Ethernet404,100000,,Access,off
str4-sn5600-3,Ethernet405,str4-sn5600-2,Ethernet405,100000,,Access,off
str4-sn5600-3,Ethernet406,str4-sn5600-2,Ethernet406,100000,,Access,off
str4-sn5600-3,Ethernet407,str4-sn5600-2,Ethernet407,100000,,Access,off
str4-sn5600-3,Ethernet416,str4-sn5600-2,Ethernet416,100000,,Access,off
str4-sn5600-3,Ethernet417,str4-sn5600-2,Ethernet417,100000,,Access,off
str4-sn5600-3,Ethernet418,str4-sn5600-2,Ethernet418,100000,,Access,off
str4-sn5600-3,Ethernet419,str4-sn5600-2,Ethernet419,100000,,Access,off
str4-sn5600-3,Ethernet420,str4-sn5600-2,Ethernet420,100000,,Access,off
str4-sn5600-3,Ethernet421,str4-sn5600-2,Ethernet421,100000,,Access,off
str4-sn5600-3,Ethernet422,str4-sn5600-2,Ethernet422,100000,,Access,off
str4-sn5600-3,Ethernet423,str4-sn5600-2,Ethernet423,100000,,Access,off
str4-sn5600-3,Ethernet432,str4-sn5600-2,Ethernet432,100000,,Access,off
str4-sn5600-3,Ethernet433,str4-sn5600-2,Ethernet433,100000,,Access,off
str4-sn5600-3,Ethernet434,str4-sn5600-2,Ethernet434,100000,,Access,off
str4-sn5600-3,Ethernet435,str4-sn5600-2,Ethernet435,100000,,Access,off
str4-sn5600-3,Ethernet436,str4-sn5600-2,Ethernet436,100000,,Access,off
str4-sn5600-3,Ethernet437,str4-sn5600-2,Ethernet437,100000,,Access,off
str4-sn5600-3,Ethernet438,str4-sn5600-2,Ethernet438,100000,,Access,off
str4-sn5600-3,Ethernet439,str4-sn5600-2,Ethernet439,100000,,Access,off
str4-sn5600-3,Ethernet448,str4-sn5600-2,Ethernet448,100000,,Access,off
str4-sn5600-3,Ethernet449,str4-sn5600-2,Ethernet449,100000,,Access,off
str4-sn5600-3,Ethernet450,str4-sn5600-2,Ethernet450,100000,,Access,off
str4-sn5600-3,Ethernet451,str4-sn5600-2,Ethernet451,100000,,Access,off
str4-sn5600-3,Ethernet452,str4-sn5600-2,Ethernet452,100000,,Access,off
str4-sn5600-3,Ethernet453,str4-sn5600-2,Ethernet453,100000,,Access,off
str4-sn5600-3,Ethernet454,str4-sn5600-2,Ethernet454,100000,,Access,off
str4-sn5600-3,Ethernet455,str4-sn5600-2,Ethernet455,100000,,Access,off
str4-sn5600-3,Ethernet464,str4-sn5600-2,Ethernet464,100000,,Access,off
str4-sn5600-3,Ethernet465,str4-sn5600-2,Ethernet465,100000,,Access,off
str4-sn5600-3,Ethernet466,str4-sn5600-2,Ethernet466,100000,,Access,off
str4-sn5600-3,Ethernet467,str4-sn5600-2,Ethernet467,100000,,Access,off
str4-sn5600-3,Ethernet468,str4-sn5600-2,Ethernet468,100000,,Access,off
str4-sn5600-3,Ethernet469,str4-sn5600-2,Ethernet469,100000,,Access,off
str4-sn5600-3,Ethernet470,str4-sn5600-2,Ethernet470,100000,,Access,off
str4-sn5600-3,Ethernet471,str4-sn5600-2,Ethernet471,100000,,Access,off
str4-sn5600-3,Ethernet480,str4-sn5600-2,Ethernet480,100000,,Access,off
str4-sn5600-3,Ethernet481,str4-sn5600-2,Ethernet481,100000,,Access,off
str4-sn5600-3,Ethernet482,str4-sn5600-2,Ethernet482,100000,,Access,off
str4-sn5600-3,Ethernet483,str4-sn5600-2,Ethernet483,100000,,Access,off
str4-sn5600-3,Ethernet484,str4-sn5600-2,Ethernet484,100000,,Access,off
str4-sn5600-3,Ethernet485,str4-sn5600-2,Ethernet485,100000,,Access,off
str4-sn5600-3,Ethernet486,str4-sn5600-2,Ethernet486,100000,,Access,off
str4-sn5600-3,Ethernet487,str4-sn5600-2,Ethernet487,100000,,Access,off
str4-sn5600-3,Ethernet496,str4-sn5600-2,Ethernet496,100000,,Access,off
str4-sn5600-3,Ethernet497,str4-sn5600-2,Ethernet497,100000,,Access,off
str4-sn5600-3,Ethernet498,str4-sn5600-2,Ethernet498,100000,,Access,off
str4-sn5600-3,Ethernet499,str4-sn5600-2,Ethernet499,100000,,Access,off
str4-sn5600-3,Ethernet500,str4-sn5600-2,Ethernet500,100000,,Access,off
str4-sn5600-3,Ethernet501,str4-sn5600-2,Ethernet501,100000,,Access,off
str4-sn5600-3,Ethernet502,str4-sn5600-2,Ethernet502,100000,,Access,off
str4-sn5600-3,Ethernet503,str4-sn5600-2,Ethernet503,100000,,Access,off
str4-8122-04,Ethernet0,str4-8122-fanout-03,etp0a,400000,357,Access,
str4-8122-04,Ethernet4,str4-8122-fanout-03,etp0b,400000,358,Access,
str4-8122-04,Ethernet8,str4-8122-fanout-03,etp1a,400000,359,Access,
str4-8122-04,Ethernet12,str4-8122-fanout-03,etp1b,400000,360,Access,
str4-8122-04,Ethernet16,str4-8122-fanout-03,etp2a,400000,361,Access,
str4-8122-04,Ethernet20,str4-8122-fanout-03,etp2b,400000,362,Access,
str4-8122-04,Ethernet24,str4-8122-fanout-03,etp3a,400000,363,Access,
str4-8122-04,Ethernet28,str4-8122-fanout-03,etp3b,400000,364,Access,
str4-8122-04,Ethernet32,str4-8122-fanout-03,etp4a,400000,365,Access,
str4-8122-04,Ethernet36,str4-8122-fanout-03,etp4b,400000,366,Access,
str4-8122-04,Ethernet40,str4-8122-fanout-03,etp5a,400000,367,Access,
str4-8122-04,Ethernet44,str4-8122-fanout-03,etp5b,400000,368,Access,
str4-8122-04,Ethernet48,str4-8122-fanout-03,etp6a,400000,369,Access,
str4-8122-04,Ethernet52,str4-8122-fanout-03,etp6b,400000,370,Access,
str4-8122-04,Ethernet56,str4-8122-fanout-03,etp7a,400000,371,Access,
str4-8122-04,Ethernet60,str4-8122-fanout-03,etp7b,400000,372,Access,
str4-8122-04,Ethernet64,str4-8122-fanout-03,etp8a,400000,373,Access,
str4-8122-04,Ethernet68,str4-8122-fanout-03,etp8b,400000,374,Access,
str4-8122-04,Ethernet72,str4-8122-fanout-03,etp9a,400000,375,Access,
str4-8122-04,Ethernet76,str4-8122-fanout-03,etp9b,400000,376,Access,
str4-8122-04,Ethernet80,str4-8122-fanout-03,etp10a,400000,377,Access,
str4-8122-04,Ethernet84,str4-8122-fanout-03,etp10b,400000,378,Access,
str4-8122-04,Ethernet88,str4-8122-fanout-03,etp11a,400000,379,Access,
str4-8122-04,Ethernet92,str4-8122-fanout-03,etp11b,400000,380,Access,
str4-8122-04,Ethernet96,str4-8122-fanout-03,etp12a,400000,381,Access,
str4-8122-04,Ethernet100,str4-8122-fanout-03,etp12b,400000,382,Access,
str4-8122-04,Ethernet104,str4-8122-fanout-03,etp13a,400000,383,Access,
str4-8122-04,Ethernet108,str4-8122-fanout-03,etp13b,400000,384,Access,
str4-8122-04,Ethernet112,str4-8122-fanout-03,etp14a,400000,385,Access,
str4-8122-04,Ethernet116,str4-8122-fanout-03,etp14b,400000,386,Access,
str4-8122-04,Ethernet120,str4-8122-fanout-03,etp15a,400000,387,Access,
str4-8122-04,Ethernet124,str4-8122-fanout-03,etp15b,400000,388,Access,
str4-8122-04,Ethernet128,str4-8122-fanout-03,etp16a,400000,389,Access,
str4-8122-04,Ethernet132,str4-8122-fanout-03,etp16b,400000,390,Access,
str4-8122-04,Ethernet136,str4-8122-fanout-03,etp17a,400000,391,Access,
str4-8122-04,Ethernet140,str4-8122-fanout-03,etp17b,400000,392,Access,
str4-8122-04,Ethernet144,str4-8122-fanout-03,etp18a,400000,393,Access,
str4-8122-04,Ethernet148,str4-8122-fanout-03,etp18b,400000,394,Access,
str4-8122-04,Ethernet152,str4-8122-fanout-03,etp19a,400000,395,Access,
str4-8122-04,Ethernet156,str4-8122-fanout-03,etp19b,400000,396,Access,
str4-8122-04,Ethernet160,str4-8122-fanout-03,etp20a,400000,397,Access,
str4-8122-04,Ethernet164,str4-8122-fanout-03,etp20b,400000,398,Access,
str4-8122-04,Ethernet168,str4-8122-fanout-03,etp21a,400000,399,Access,
str4-8122-04,Ethernet172,str4-8122-fanout-03,etp21b,400000,400,Access,
str4-8122-04,Ethernet176,str4-8122-fanout-03,etp22a,400000,401,Access,
str4-8122-04,Ethernet180,str4-8122-fanout-03,etp22b,400000,402,Access,
str4-8122-04,Ethernet184,str4-8122-fanout-03,etp23a,400000,403,Access,
str4-8122-04,Ethernet188,str4-8122-fanout-03,etp23b,400000,404,Access,
str4-8122-04,Ethernet192,str4-8122-fanout-03,etp24a,400000,405,Access,
str4-8122-04,Ethernet196,str4-8122-fanout-03,etp24b,400000,406,Access,
str4-8122-04,Ethernet200,str4-8122-fanout-03,etp25a,400000,407,Access,
str4-8122-04,Ethernet204,str4-8122-fanout-03,etp25b,400000,408,Access,
str4-8122-04,Ethernet208,str4-8122-fanout-03,etp26a,400000,409,Access,
str4-8122-04,Ethernet212,str4-8122-fanout-03,etp26b,400000,410,Access,
str4-8122-04,Ethernet216,str4-8122-fanout-03,etp27a,400000,411,Access,
str4-8122-04,Ethernet220,str4-8122-fanout-03,etp27b,400000,412,Access,
str4-8122-04,Ethernet224,str4-8122-fanout-03,etp28a,400000,413,Access,
str4-8122-04,Ethernet228,str4-8122-fanout-03,etp28b,400000,414,Access,
str4-8122-04,Ethernet232,str4-8122-fanout-03,etp29a,400000,415,Access,
str4-8122-04,Ethernet236,str4-8122-fanout-03,etp29b,400000,416,Access,
str4-8122-04,Ethernet240,str4-8122-fanout-03,etp30a,400000,417,Access,
str4-8122-04,Ethernet244,str4-8122-fanout-03,etp30b,400000,418,Access,
str4-8122-04,Ethernet248,str4-8122-fanout-03,etp31a,400000,419,Access,
str4-8122-04,Ethernet252,str4-8122-fanout-03,etp31b,400000,420,Access,
str4-8122-04,Ethernet256,str4-8122-fanout-03,etp32a,400000,421,Access,
str4-8122-04,Ethernet260,str4-8122-fanout-03,etp32b,400000,422,Access,
str4-8122-04,Ethernet264,str4-8122-fanout-03,etp33a,400000,423,Access,
str4-8122-04,Ethernet268,str4-8122-fanout-03,etp33b,400000,424,Access,
str4-8122-04,Ethernet272,str4-8122-fanout-03,etp34a,400000,425,Access,
str4-8122-04,Ethernet276,str4-8122-fanout-03,etp34b,400000,426,Access,
str4-8122-04,Ethernet280,str4-8122-fanout-03,etp35a,400000,427,Access,
str4-8122-04,Ethernet284,str4-8122-fanout-03,etp35b,400000,428,Access,
str4-8122-04,Ethernet288,str4-8122-fanout-03,etp36a,400000,429,Access,
str4-8122-04,Ethernet292,str4-8122-fanout-03,etp36b,400000,430,Access,
str4-8122-04,Ethernet296,str4-8122-fanout-03,etp37a,400000,431,Access,
str4-8122-04,Ethernet300,str4-8122-fanout-03,etp37b,400000,432,Access,
str4-8122-04,Ethernet304,str4-8122-fanout-03,etp38a,400000,433,Access,
str4-8122-04,Ethernet308,str4-8122-fanout-03,etp38b,400000,434,Access,
str4-8122-04,Ethernet312,str4-8122-fanout-03,etp39a,400000,435,Access,
str4-8122-04,Ethernet316,str4-8122-fanout-03,etp39b,400000,436,Access,
str4-8122-04,Ethernet320,str4-8122-fanout-03,etp40a,400000,437,Access,
str4-8122-04,Ethernet324,str4-8122-fanout-03,etp40b,400000,438,Access,
str4-8122-04,Ethernet328,str4-8122-fanout-03,etp41a,400000,439,Access,
str4-8122-04,Ethernet332,str4-8122-fanout-03,etp41b,400000,440,Access,
str4-8122-04,Ethernet336,str4-8122-fanout-03,etp42a,400000,441,Access,
str4-8122-04,Ethernet340,str4-8122-fanout-03,etp42b,400000,442,Access,
str4-8122-04,Ethernet344,str4-8122-fanout-03,etp43a,400000,443,Access,
str4-8122-04,Ethernet348,str4-8122-fanout-03,etp43b,400000,444,Access,
str4-8122-04,Ethernet352,str4-8122-fanout-03,etp44a,400000,445,Access,
str4-8122-04,Ethernet356,str4-8122-fanout-03,etp44b,400000,446,Access,
str4-8122-04,Ethernet360,str4-8122-fanout-03,etp45a,400000,447,Access,
str4-8122-04,Ethernet364,str4-8122-fanout-03,etp45b,400000,448,Access,
str4-8122-04,Ethernet368,str4-8122-fanout-03,etp46a,400000,449,Access,
str4-8122-04,Ethernet372,str4-8122-fanout-03,etp46b,400000,450,Access,
str4-8122-04,Ethernet376,str4-8122-fanout-03,etp47a,400000,451,Access,
str4-8122-04,Ethernet380,str4-8122-fanout-03,etp47b,400000,452,Access,
str4-8122-04,Ethernet384,str4-8122-fanout-03,etp48a,400000,453,Access,
str4-8122-04,Ethernet388,str4-8122-fanout-03,etp48b,400000,454,Access,
str4-8122-04,Ethernet392,str4-8122-fanout-03,etp49a,400000,455,Access,
str4-8122-04,Ethernet396,str4-8122-fanout-03,etp49b,400000,456,Access,
str4-8122-04,Ethernet400,str4-8122-fanout-03,etp50a,400000,457,Access,
str4-8122-04,Ethernet404,str4-8122-fanout-03,etp50b,400000,458,Access,
str4-8122-04,Ethernet408,str4-8122-fanout-03,etp51a,400000,459,Access,
str4-8122-04,Ethernet412,str4-8122-fanout-03,etp51b,400000,460,Access,
str4-8122-04,Ethernet416,str4-8122-fanout-03,etp52a,400000,461,Access,
str4-8122-04,Ethernet420,str4-8122-fanout-03,etp52b,400000,462,Access,
str4-8122-04,Ethernet424,str4-8122-fanout-03,etp53a,400000,463,Access,
str4-8122-04,Ethernet428,str4-8122-fanout-03,etp53b,400000,464,Access,
str4-8122-04,Ethernet432,str4-8122-fanout-03,etp54a,400000,465,Access,
str4-8122-04,Ethernet436,str4-8122-fanout-03,etp54b,400000,466,Access,
str4-8122-04,Ethernet440,str4-8122-fanout-03,etp55a,400000,467,Access,
str4-8122-04,Ethernet444,str4-8122-fanout-03,etp55b,400000,468,Access,
str4-8122-04,Ethernet448,str4-8122-fanout-03,etp56a,400000,469,Access,
str4-8122-04,Ethernet452,str4-8122-fanout-03,etp56b,400000,470,Access,
str4-8122-04,Ethernet456,str4-8122-fanout-03,etp57a,400000,471,Access,
str4-8122-04,Ethernet460,str4-8122-fanout-03,etp57b,400000,472,Access,
str4-8122-04,Ethernet464,str4-8122-fanout-03,etp58a,400000,473,Access,
str4-8122-04,Ethernet468,str4-8122-fanout-03,etp58b,400000,474,Access,
str4-8122-04,Ethernet472,str4-8122-fanout-03,etp59a,400000,475,Access,
str4-8122-04,Ethernet476,str4-8122-fanout-03,etp59b,400000,476,Access,
str4-8122-04,Ethernet480,str4-8122-fanout-03,etp60a,400000,477,Access,
str4-8122-04,Ethernet484,str4-8122-fanout-03,etp60b,400000,478,Access,
str4-8122-04,Ethernet488,str4-8122-fanout-03,etp61a,400000,479,Access,
str4-8122-04,Ethernet492,str4-8122-fanout-03,etp61b,400000,480,Access,
str4-8122-04,Ethernet496,str4-8122-fanout-03,etp62a,400000,481,Access,
str4-8122-04,Ethernet500,str4-8122-fanout-03,etp62b,400000,482,Access,
str4-8122-04,Ethernet512,str4-8122-fanout-03,etp64,10000,485,Access,
str4-8122-04,Ethernet513,str4-8122-fanout-03,etp65,10000,486,Access,
str4-7060x6-512-10,Ethernet0,str4-7060x6-512-fan-10,Ethernet0,100000,2,Access,on
str4-7060x6-512-10,Ethernet1,str4-7060x6-512-fan-10,Ethernet1,100000,3,Access,on
str4-7060x6-512-10,Ethernet2,str4-7060x6-512-fan-10,Ethernet2,100000,4,Access,on
str4-7060x6-512-10,Ethernet3,str4-7060x6-512-fan-10,Ethernet3,100000,5,Access,on
str4-7060x6-512-10,Ethernet4,str4-7060x6-512-fan-10,Ethernet4,100000,6,Access,on
str4-7060x6-512-10,Ethernet5,str4-7060x6-512-fan-10,Ethernet5,100000,7,Access,on
str4-7060x6-512-10,Ethernet6,str4-7060x6-512-fan-10,Ethernet6,100000,8,Access,on
str4-7060x6-512-10,Ethernet7,str4-7060x6-512-fan-10,Ethernet7,100000,9,Access,on
str4-7060x6-512-10,Ethernet8,str4-7060x6-512-fan-10,Ethernet8,100000,10,Access,on
str4-7060x6-512-10,Ethernet9,str4-7060x6-512-fan-10,Ethernet9,100000,11,Access,on
str4-7060x6-512-10,Ethernet10,str4-7060x6-512-fan-10,Ethernet10,100000,12,Access,on
str4-7060x6-512-10,Ethernet11,str4-7060x6-512-fan-10,Ethernet11,100000,13,Access,on
str4-7060x6-512-10,Ethernet12,str4-7060x6-512-fan-10,Ethernet12,100000,14,Access,on
str4-7060x6-512-10,Ethernet13,str4-7060x6-512-fan-10,Ethernet13,100000,15,Access,on
str4-7060x6-512-10,Ethernet14,str4-7060x6-512-fan-10,Ethernet14,100000,16,Access,on
str4-7060x6-512-10,Ethernet15,str4-7060x6-512-fan-10,Ethernet15,100000,17,Access,on
str4-7060x6-512-10,Ethernet16,str4-7060x6-512-fan-10,Ethernet16,100000,18,Access,on
str4-7060x6-512-10,Ethernet17,str4-7060x6-512-fan-10,Ethernet17,100000,19,Access,on
str4-7060x6-512-10,Ethernet18,str4-7060x6-512-fan-10,Ethernet18,100000,20,Access,on
str4-7060x6-512-10,Ethernet19,str4-7060x6-512-fan-10,Ethernet19,100000,21,Access,on
str4-7060x6-512-10,Ethernet20,str4-7060x6-512-fan-10,Ethernet20,100000,22,Access,on
str4-7060x6-512-10,Ethernet21,str4-7060x6-512-fan-10,Ethernet21,100000,23,Access,on
str4-7060x6-512-10,Ethernet22,str4-7060x6-512-fan-10,Ethernet22,100000,24,Access,on
str4-7060x6-512-10,Ethernet23,str4-7060x6-512-fan-10,Ethernet23,100000,25,Access,on
str4-7060x6-512-10,Ethernet24,str4-7060x6-512-fan-10,Ethernet24,100000,26,Access,on
str4-7060x6-512-10,Ethernet25,str4-7060x6-512-fan-10,Ethernet25,100000,27,Access,on
str4-7060x6-512-10,Ethernet26,str4-7060x6-512-fan-10,Ethernet26,100000,28,Access,on
str4-7060x6-512-10,Ethernet27,str4-7060x6-512-fan-10,Ethernet27,100000,29,Access,on
str4-7060x6-512-10,Ethernet28,str4-7060x6-512-fan-10,Ethernet28,100000,30,Access,on
str4-7060x6-512-10,Ethernet29,str4-7060x6-512-fan-10,Ethernet29,100000,31,Access,on
str4-7060x6-512-10,Ethernet30,str4-7060x6-512-fan-10,Ethernet30,100000,32,Access,on
str4-7060x6-512-10,Ethernet31,str4-7060x6-512-fan-10,Ethernet31,100000,33,Access,on
str4-7060x6-512-10,Ethernet32,str4-7060x6-512-fan-10,Ethernet32,100000,34,Access,on
str4-7060x6-512-10,Ethernet33,str4-7060x6-512-fan-10,Ethernet33,100000,35,Access,on
str4-7060x6-512-10,Ethernet34,str4-7060x6-512-fan-10,Ethernet34,100000,36,Access,on
str4-7060x6-512-10,Ethernet35,str4-7060x6-512-fan-10,Ethernet35,100000,37,Access,on
str4-7060x6-512-10,Ethernet36,str4-7060x6-512-fan-10,Ethernet36,100000,38,Access,on
str4-7060x6-512-10,Ethernet37,str4-7060x6-512-fan-10,Ethernet37,100000,39,Access,on
str4-7060x6-512-10,Ethernet38,str4-7060x6-512-fan-10,Ethernet38,100000,40,Access,on
str4-7060x6-512-10,Ethernet39,str4-7060x6-512-fan-10,Ethernet39,100000,41,Access,on
str4-7060x6-512-10,Ethernet40,str4-7060x6-512-fan-10,Ethernet40,100000,42,Access,on
str4-7060x6-512-10,Ethernet41,str4-7060x6-512-fan-10,Ethernet41,100000,43,Access,on
str4-7060x6-512-10,Ethernet42,str4-7060x6-512-fan-10,Ethernet42,100000,44,Access,on
str4-7060x6-512-10,Ethernet43,str4-7060x6-512-fan-10,Ethernet43,100000,45,Access,on
str4-7060x6-512-10,Ethernet44,str4-7060x6-512-fan-10,Ethernet44,100000,46,Access,on
str4-7060x6-512-10,Ethernet45,str4-7060x6-512-fan-10,Ethernet45,100000,47,Access,on
str4-7060x6-512-10,Ethernet46,str4-7060x6-512-fan-10,Ethernet46,100000,48,Access,on
str4-7060x6-512-10,Ethernet47,str4-7060x6-512-fan-10,Ethernet47,100000,49,Access,on
str4-7060x6-512-10,Ethernet48,str4-7060x6-512-fan-10,Ethernet48,100000,50,Access,on
str4-7060x6-512-10,Ethernet49,str4-7060x6-512-fan-10,Ethernet49,100000,51,Access,on
str4-7060x6-512-10,Ethernet50,str4-7060x6-512-fan-10,Ethernet50,100000,52,Access,on
str4-7060x6-512-10,Ethernet51,str4-7060x6-512-fan-10,Ethernet51,100000,53,Access,on
str4-7060x6-512-10,Ethernet52,str4-7060x6-512-fan-10,Ethernet52,100000,54,Access,on
str4-7060x6-512-10,Ethernet53,str4-7060x6-512-fan-10,Ethernet53,100000,55,Access,on
str4-7060x6-512-10,Ethernet54,str4-7060x6-512-fan-10,Ethernet54,100000,56,Access,on
str4-7060x6-512-10,Ethernet55,str4-7060x6-512-fan-10,Ethernet55,100000,57,Access,on
str4-7060x6-512-10,Ethernet56,str4-7060x6-512-fan-10,Ethernet56,100000,58,Access,on
str4-7060x6-512-10,Ethernet57,str4-7060x6-512-fan-10,Ethernet57,100000,59,Access,on
str4-7060x6-512-10,Ethernet58,str4-7060x6-512-fan-10,Ethernet58,100000,60,Access,on
str4-7060x6-512-10,Ethernet59,str4-7060x6-512-fan-10,Ethernet59,100000,61,Access,on
str4-7060x6-512-10,Ethernet60,str4-7060x6-512-fan-10,Ethernet60,100000,62,Access,on
str4-7060x6-512-10,Ethernet61,str4-7060x6-512-fan-10,Ethernet61,100000,63,Access,on
str4-7060x6-512-10,Ethernet62,str4-7060x6-512-fan-10,Ethernet62,100000,64,Access,on
str4-7060x6-512-10,Ethernet63,str4-7060x6-512-fan-10,Ethernet63,100000,65,Access,on
str4-7060x6-512-10,Ethernet64,str4-7060x6-512-fan-10,Ethernet64,100000,66,Access,on
str4-7060x6-512-10,Ethernet65,str4-7060x6-512-fan-10,Ethernet65,100000,67,Access,on
str4-7060x6-512-10,Ethernet66,str4-7060x6-512-fan-10,Ethernet66,100000,68,Access,on
str4-7060x6-512-10,Ethernet67,str4-7060x6-512-fan-10,Ethernet67,100000,69,Access,on
str4-7060x6-512-10,Ethernet68,str4-7060x6-512-fan-10,Ethernet68,100000,70,Access,on
str4-7060x6-512-10,Ethernet69,str4-7060x6-512-fan-10,Ethernet69,100000,71,Access,on
str4-7060x6-512-10,Ethernet70,str4-7060x6-512-fan-10,Ethernet70,100000,72,Access,on
str4-7060x6-512-10,Ethernet71,str4-7060x6-512-fan-10,Ethernet71,100000,73,Access,on
str4-7060x6-512-10,Ethernet72,str4-7060x6-512-fan-10,Ethernet72,100000,74,Access,on
str4-7060x6-512-10,Ethernet73,str4-7060x6-512-fan-10,Ethernet73,100000,75,Access,on
str4-7060x6-512-10,Ethernet74,str4-7060x6-512-fan-10,Ethernet74,100000,76,Access,on
str4-7060x6-512-10,Ethernet75,str4-7060x6-512-fan-10,Ethernet75,100000,77,Access,on
str4-7060x6-512-10,Ethernet76,str4-7060x6-512-fan-10,Ethernet76,100000,78,Access,on
str4-7060x6-512-10,Ethernet77,str4-7060x6-512-fan-10,Ethernet77,100000,79,Access,on
str4-7060x6-512-10,Ethernet78,str4-7060x6-512-fan-10,Ethernet78,100000,80,Access,on
str4-7060x6-512-10,Ethernet79,str4-7060x6-512-fan-10,Ethernet79,100000,81,Access,on
str4-7060x6-512-10,Ethernet80,str4-7060x6-512-fan-10,Ethernet80,100000,82,Access,on
str4-7060x6-512-10,Ethernet81,str4-7060x6-512-fan-10,Ethernet81,100000,83,Access,on
str4-7060x6-512-10,Ethernet82,str4-7060x6-512-fan-10,Ethernet82,100000,84,Access,on
str4-7060x6-512-10,Ethernet83,str4-7060x6-512-fan-10,Ethernet83,100000,85,Access,on
str4-7060x6-512-10,Ethernet84,str4-7060x6-512-fan-10,Ethernet84,100000,86,Access,on
str4-7060x6-512-10,Ethernet85,str4-7060x6-512-fan-10,Ethernet85,100000,87,Access,on
str4-7060x6-512-10,Ethernet86,str4-7060x6-512-fan-10,Ethernet86,100000,88,Access,on
str4-7060x6-512-10,Ethernet87,str4-7060x6-512-fan-10,Ethernet87,100000,89,Access,on
str4-7060x6-512-10,Ethernet88,str4-7060x6-512-fan-10,Ethernet88,100000,90,Access,on
str4-7060x6-512-10,Ethernet89,str4-7060x6-512-fan-10,Ethernet89,100000,91,Access,on
str4-7060x6-512-10,Ethernet90,str4-7060x6-512-fan-10,Ethernet90,100000,92,Access,on
str4-7060x6-512-10,Ethernet91,str4-7060x6-512-fan-10,Ethernet91,100000,93,Access,on
str4-7060x6-512-10,Ethernet92,str4-7060x6-512-fan-10,Ethernet92,100000,94,Access,on
str4-7060x6-512-10,Ethernet93,str4-7060x6-512-fan-10,Ethernet93,100000,95,Access,on
str4-7060x6-512-10,Ethernet94,str4-7060x6-512-fan-10,Ethernet94,100000,96,Access,on
str4-7060x6-512-10,Ethernet95,str4-7060x6-512-fan-10,Ethernet95,100000,97,Access,on
str4-7060x6-512-10,Ethernet96,str4-7060x6-512-fan-10,Ethernet96,100000,98,Access,on
str4-7060x6-512-10,Ethernet97,str4-7060x6-512-fan-10,Ethernet97,100000,99,Access,on
str4-7060x6-512-10,Ethernet98,str4-7060x6-512-fan-10,Ethernet98,100000,487,Access,on
str4-7060x6-512-10,Ethernet99,str4-7060x6-512-fan-10,Ethernet99,100000,488,Access,on
str4-7060x6-512-10,Ethernet100,str4-7060x6-512-fan-10,Ethernet100,100000,489,Access,on
str4-7060x6-512-10,Ethernet101,str4-7060x6-512-fan-10,Ethernet101,100000,490,Access,on
str4-7060x6-512-10,Ethernet102,str4-7060x6-512-fan-10,Ethernet102,100000,491,Access,on
str4-7060x6-512-10,Ethernet103,str4-7060x6-512-fan-10,Ethernet103,100000,492,Access,on
str4-7060x6-512-10,Ethernet104,str4-7060x6-512-fan-10,Ethernet104,100000,493,Access,on
str4-7060x6-512-10,Ethernet105,str4-7060x6-512-fan-10,Ethernet105,100000,494,Access,on
str4-7060x6-512-10,Ethernet106,str4-7060x6-512-fan-10,Ethernet106,100000,495,Access,on
str4-7060x6-512-10,Ethernet107,str4-7060x6-512-fan-10,Ethernet107,100000,496,Access,on
str4-7060x6-512-10,Ethernet108,str4-7060x6-512-fan-10,Ethernet108,100000,497,Access,on
str4-7060x6-512-10,Ethernet109,str4-7060x6-512-fan-10,Ethernet109,100000,498,Access,on
str4-7060x6-512-10,Ethernet110,str4-7060x6-512-fan-10,Ethernet110,100000,499,Access,on
str4-7060x6-512-10,Ethernet111,str4-7060x6-512-fan-10,Ethernet111,100000,595,Access,on
str4-7060x6-512-10,Ethernet112,str4-7060x6-512-fan-10,Ethernet112,100000,596,Access,on
str4-7060x6-512-10,Ethernet113,str4-7060x6-512-fan-10,Ethernet113,100000,597,Access,on
str4-7060x6-512-10,Ethernet114,str4-7060x6-512-fan-10,Ethernet114,100000,598,Access,on
str4-7060x6-512-10,Ethernet115,str4-7060x6-512-fan-10,Ethernet115,100000,599,Access,on
str4-7060x6-512-10,Ethernet116,str4-7060x6-512-fan-10,Ethernet116,100000,600,Access,on
str4-7060x6-512-10,Ethernet117,str4-7060x6-512-fan-10,Ethernet117,100000,601,Access,on
str4-7060x6-512-10,Ethernet118,str4-7060x6-512-fan-10,Ethernet118,100000,602,Access,on
str4-7060x6-512-10,Ethernet119,str4-7060x6-512-fan-10,Ethernet119,100000,603,Access,on
str4-7060x6-512-10,Ethernet120,str4-7060x6-512-fan-10,Ethernet120,100000,604,Access,on
str4-7060x6-512-10,Ethernet121,str4-7060x6-512-fan-10,Ethernet121,100000,605,Access,on
str4-7060x6-512-10,Ethernet122,str4-7060x6-512-fan-10,Ethernet122,100000,606,Access,on
str4-7060x6-512-10,Ethernet123,str4-7060x6-512-fan-10,Ethernet123,100000,607,Access,on
str4-7060x6-512-10,Ethernet124,str4-7060x6-512-fan-10,Ethernet124,100000,608,Access,on
str4-7060x6-512-10,Ethernet125,str4-7060x6-512-fan-10,Ethernet125,100000,609,Access,on
str4-7060x6-512-10,Ethernet126,str4-7060x6-512-fan-10,Ethernet126,100000,610,Access,on
str4-7060x6-512-10,Ethernet127,str4-7060x6-512-fan-10,Ethernet127,100000,611,Access,on
str4-7060x6-512-10,Ethernet128,str4-7060x6-512-fan-10,Ethernet128,100000,612,Access,on
str4-7060x6-512-10,Ethernet129,str4-7060x6-512-fan-10,Ethernet129,100000,613,Access,on
str4-7060x6-512-10,Ethernet130,str4-7060x6-512-fan-10,Ethernet130,100000,614,Access,on
str4-7060x6-512-10,Ethernet131,str4-7060x6-512-fan-10,Ethernet131,100000,615,Access,on
str4-7060x6-512-10,Ethernet132,str4-7060x6-512-fan-10,Ethernet132,100000,616,Access,on
str4-7060x6-512-10,Ethernet133,str4-7060x6-512-fan-10,Ethernet133,100000,617,Access,on
str4-7060x6-512-10,Ethernet134,str4-7060x6-512-fan-10,Ethernet134,100000,618,Access,on
str4-7060x6-512-10,Ethernet135,str4-7060x6-512-fan-10,Ethernet135,100000,619,Access,on
str4-7060x6-512-10,Ethernet136,str4-7060x6-512-fan-10,Ethernet136,100000,620,Access,on
str4-7060x6-512-10,Ethernet137,str4-7060x6-512-fan-10,Ethernet137,100000,621,Access,on
str4-7060x6-512-10,Ethernet138,str4-7060x6-512-fan-10,Ethernet138,100000,622,Access,on
str4-7060x6-512-10,Ethernet139,str4-7060x6-512-fan-10,Ethernet139,100000,623,Access,on
str4-7060x6-512-10,Ethernet140,str4-7060x6-512-fan-10,Ethernet140,100000,624,Access,on
str4-7060x6-512-10,Ethernet141,str4-7060x6-512-fan-10,Ethernet141,100000,625,Access,on
str4-7060x6-512-10,Ethernet142,str4-7060x6-512-fan-10,Ethernet142,100000,626,Access,on
str4-7060x6-512-10,Ethernet143,str4-7060x6-512-fan-10,Ethernet143,100000,627,Access,on
str4-7060x6-512-10,Ethernet144,str4-7060x6-512-fan-10,Ethernet144,100000,628,Access,on
str4-7060x6-512-10,Ethernet145,str4-7060x6-512-fan-10,Ethernet145,100000,629,Access,on
str4-7060x6-512-10,Ethernet146,str4-7060x6-512-fan-10,Ethernet146,100000,630,Access,on
str4-7060x6-512-10,Ethernet147,str4-7060x6-512-fan-10,Ethernet147,100000,631,Access,on
str4-7060x6-512-10,Ethernet148,str4-7060x6-512-fan-10,Ethernet148,100000,632,Access,on
str4-7060x6-512-10,Ethernet149,str4-7060x6-512-fan-10,Ethernet149,100000,633,Access,on
str4-7060x6-512-10,Ethernet150,str4-7060x6-512-fan-10,Ethernet150,100000,634,Access,on
str4-7060x6-512-10,Ethernet151,str4-7060x6-512-fan-10,Ethernet151,100000,635,Access,on
str4-7060x6-512-10,Ethernet152,str4-7060x6-512-fan-10,Ethernet152,100000,636,Access,on
str4-7060x6-512-10,Ethernet153,str4-7060x6-512-fan-10,Ethernet153,100000,637,Access,on
str4-7060x6-512-10,Ethernet154,str4-7060x6-512-fan-10,Ethernet154,100000,638,Access,on
str4-7060x6-512-10,Ethernet155,str4-7060x6-512-fan-10,Ethernet155,100000,639,Access,on
str4-7060x6-512-10,Ethernet156,str4-7060x6-512-fan-10,Ethernet156,100000,640,Access,on
str4-7060x6-512-10,Ethernet157,str4-7060x6-512-fan-10,Ethernet157,100000,641,Access,on
str4-7060x6-512-10,Ethernet158,str4-7060x6-512-fan-10,Ethernet158,100000,642,Access,on
str4-7060x6-512-10,Ethernet159,str4-7060x6-512-fan-10,Ethernet159,100000,643,Access,on
str4-7060x6-512-10,Ethernet160,str4-7060x6-512-fan-10,Ethernet160,100000,644,Access,on
str4-7060x6-512-10,Ethernet161,str4-7060x6-512-fan-10,Ethernet161,100000,645,Access,on
str4-7060x6-512-10,Ethernet162,str4-7060x6-512-fan-10,Ethernet162,100000,646,Access,on
str4-7060x6-512-10,Ethernet163,str4-7060x6-512-fan-10,Ethernet163,100000,647,Access,on
str4-7060x6-512-10,Ethernet164,str4-7060x6-512-fan-10,Ethernet164,100000,648,Access,on
str4-7060x6-512-10,Ethernet165,str4-7060x6-512-fan-10,Ethernet165,100000,649,Access,on
str4-7060x6-512-10,Ethernet166,str4-7060x6-512-fan-10,Ethernet166,100000,650,Access,on
str4-7060x6-512-10,Ethernet167,str4-7060x6-512-fan-10,Ethernet167,100000,651,Access,on
str4-7060x6-512-10,Ethernet168,str4-7060x6-512-fan-10,Ethernet168,100000,652,Access,on
str4-7060x6-512-10,Ethernet169,str4-7060x6-512-fan-10,Ethernet169,100000,653,Access,on
str4-7060x6-512-10,Ethernet170,str4-7060x6-512-fan-10,Ethernet170,100000,654,Access,on
str4-7060x6-512-10,Ethernet171,str4-7060x6-512-fan-10,Ethernet171,100000,655,Access,on
str4-7060x6-512-10,Ethernet172,str4-7060x6-512-fan-10,Ethernet172,100000,656,Access,on
str4-7060x6-512-10,Ethernet173,str4-7060x6-512-fan-10,Ethernet173,100000,657,Access,on
str4-7060x6-512-10,Ethernet174,str4-7060x6-512-fan-10,Ethernet174,100000,658,Access,on
str4-7060x6-512-10,Ethernet175,str4-7060x6-512-fan-10,Ethernet175,100000,659,Access,on
str4-7060x6-512-10,Ethernet176,str4-7060x6-512-fan-10,Ethernet176,100000,660,Access,on
str4-7060x6-512-10,Ethernet177,str4-7060x6-512-fan-10,Ethernet177,100000,661,Access,on
str4-7060x6-512-10,Ethernet178,str4-7060x6-512-fan-10,Ethernet178,100000,662,Access,on
str4-7060x6-512-10,Ethernet179,str4-7060x6-512-fan-10,Ethernet179,100000,663,Access,on
str4-7060x6-512-10,Ethernet180,str4-7060x6-512-fan-10,Ethernet180,100000,664,Access,on
str4-7060x6-512-10,Ethernet181,str4-7060x6-512-fan-10,Ethernet181,100000,665,Access,on
str4-7060x6-512-10,Ethernet182,str4-7060x6-512-fan-10,Ethernet182,100000,666,Access,on
str4-7060x6-512-10,Ethernet183,str4-7060x6-512-fan-10,Ethernet183,100000,667,Access,on
str4-7060x6-512-10,Ethernet184,str4-7060x6-512-fan-10,Ethernet184,100000,668,Access,on
str4-7060x6-512-10,Ethernet185,str4-7060x6-512-fan-10,Ethernet185,100000,669,Access,on
str4-7060x6-512-10,Ethernet186,str4-7060x6-512-fan-10,Ethernet186,100000,670,Access,on
str4-7060x6-512-10,Ethernet187,str4-7060x6-512-fan-10,Ethernet187,100000,671,Access,on
str4-7060x6-512-10,Ethernet188,str4-7060x6-512-fan-10,Ethernet188,100000,672,Access,on
str4-7060x6-512-10,Ethernet189,str4-7060x6-512-fan-10,Ethernet189,100000,673,Access,on
str4-7060x6-512-10,Ethernet190,str4-7060x6-512-fan-10,Ethernet190,100000,674,Access,on
str4-7060x6-512-10,Ethernet191,str4-7060x6-512-fan-10,Ethernet191,100000,675,Access,on
str4-7060x6-512-10,Ethernet192,str4-7060x6-512-fan-10,Ethernet192,100000,676,Access,on
str4-7060x6-512-10,Ethernet193,str4-7060x6-512-fan-10,Ethernet193,100000,677,Access,on
str4-7060x6-512-10,Ethernet194,str4-7060x6-512-fan-10,Ethernet194,100000,678,Access,on
str4-7060x6-512-10,Ethernet195,str4-7060x6-512-fan-10,Ethernet195,100000,679,Access,on
str4-7060x6-512-10,Ethernet196,str4-7060x6-512-fan-10,Ethernet196,100000,680,Access,on
str4-7060x6-512-10,Ethernet197,str4-7060x6-512-fan-10,Ethernet197,100000,681,Access,on
str4-7060x6-512-10,Ethernet198,str4-7060x6-512-fan-10,Ethernet198,100000,682,Access,on
str4-7060x6-512-10,Ethernet199,str4-7060x6-512-fan-10,Ethernet199,100000,683,Access,on
str4-7060x6-512-10,Ethernet200,str4-7060x6-512-fan-10,Ethernet200,100000,684,Access,on
str4-7060x6-512-10,Ethernet201,str4-7060x6-512-fan-10,Ethernet201,100000,685,Access,on
str4-7060x6-512-10,Ethernet202,str4-7060x6-512-fan-10,Ethernet202,100000,686,Access,on
str4-7060x6-512-10,Ethernet203,str4-7060x6-512-fan-10,Ethernet203,100000,687,Access,on
str4-7060x6-512-10,Ethernet204,str4-7060x6-512-fan-10,Ethernet204,100000,688,Access,on
str4-7060x6-512-10,Ethernet205,str4-7060x6-512-fan-10,Ethernet205,100000,689,Access,on
str4-7060x6-512-10,Ethernet206,str4-7060x6-512-fan-10,Ethernet206,100000,690,Access,on
str4-7060x6-512-10,Ethernet207,str4-7060x6-512-fan-10,Ethernet207,100000,691,Access,on
str4-7060x6-512-10,Ethernet208,str4-7060x6-512-fan-10,Ethernet208,100000,692,Access,on
str4-7060x6-512-10,Ethernet209,str4-7060x6-512-fan-10,Ethernet209,100000,693,Access,on
str4-7060x6-512-10,Ethernet210,str4-7060x6-512-fan-10,Ethernet210,100000,694,Access,on
str4-7060x6-512-10,Ethernet211,str4-7060x6-512-fan-10,Ethernet211,100000,695,Access,on
str4-7060x6-512-10,Ethernet212,str4-7060x6-512-fan-10,Ethernet212,100000,696,Access,on
str4-7060x6-512-10,Ethernet213,str4-7060x6-512-fan-10,Ethernet213,100000,697,Access,on
str4-7060x6-512-10,Ethernet214,str4-7060x6-512-fan-10,Ethernet214,100000,698,Access,on
str4-7060x6-512-10,Ethernet215,str4-7060x6-512-fan-10,Ethernet215,100000,699,Access,on
str4-7060x6-512-10,Ethernet216,str4-7060x6-512-fan-10,Ethernet216,100000,700,Access,on
str4-7060x6-512-10,Ethernet217,str4-7060x6-512-fan-10,Ethernet217,100000,701,Access,on
str4-7060x6-512-10,Ethernet218,str4-7060x6-512-fan-10,Ethernet218,100000,702,Access,on
str4-7060x6-512-10,Ethernet219,str4-7060x6-512-fan-10,Ethernet219,100000,703,Access,on
str4-7060x6-512-10,Ethernet220,str4-7060x6-512-fan-10,Ethernet220,100000,704,Access,on
str4-7060x6-512-10,Ethernet221,str4-7060x6-512-fan-10,Ethernet221,100000,705,Access,on
str4-7060x6-512-10,Ethernet222,str4-7060x6-512-fan-10,Ethernet222,100000,706,Access,on
str4-7060x6-512-10,Ethernet223,str4-7060x6-512-fan-10,Ethernet223,100000,707,Access,on
str4-7060x6-512-10,Ethernet224,str4-7060x6-512-fan-10,Ethernet224,100000,708,Access,on
str4-7060x6-512-10,Ethernet225,str4-7060x6-512-fan-10,Ethernet225,100000,709,Access,on
str4-7060x6-512-10,Ethernet226,str4-7060x6-512-fan-10,Ethernet226,100000,710,Access,on
str4-7060x6-512-10,Ethernet227,str4-7060x6-512-fan-10,Ethernet227,100000,711,Access,on
str4-7060x6-512-10,Ethernet228,str4-7060x6-512-fan-10,Ethernet228,100000,712,Access,on
str4-7060x6-512-10,Ethernet229,str4-7060x6-512-fan-10,Ethernet229,100000,713,Access,on
str4-7060x6-512-10,Ethernet230,str4-7060x6-512-fan-10,Ethernet230,100000,714,Access,on
str4-7060x6-512-10,Ethernet231,str4-7060x6-512-fan-10,Ethernet231,100000,715,Access,on
str4-7060x6-512-10,Ethernet232,str4-7060x6-512-fan-10,Ethernet232,100000,716,Access,on
str4-7060x6-512-10,Ethernet233,str4-7060x6-512-fan-10,Ethernet233,100000,717,Access,on
str4-7060x6-512-10,Ethernet234,str4-7060x6-512-fan-10,Ethernet234,100000,718,Access,on
str4-7060x6-512-10,Ethernet235,str4-7060x6-512-fan-10,Ethernet235,100000,719,Access,on
str4-7060x6-512-10,Ethernet236,str4-7060x6-512-fan-10,Ethernet236,100000,720,Access,on
str4-7060x6-512-10,Ethernet237,str4-7060x6-512-fan-10,Ethernet237,100000,721,Access,on
str4-7060x6-512-10,Ethernet238,str4-7060x6-512-fan-10,Ethernet238,100000,722,Access,on
str4-7060x6-512-10,Ethernet239,str4-7060x6-512-fan-10,Ethernet239,100000,723,Access,on
str4-7060x6-512-10,Ethernet240,str4-7060x6-512-fan-10,Ethernet240,100000,724,Access,on
str4-7060x6-512-10,Ethernet241,str4-7060x6-512-fan-10,Ethernet241,100000,725,Access,on
str4-7060x6-512-10,Ethernet242,str4-7060x6-512-fan-10,Ethernet242,100000,726,Access,on
str4-7060x6-512-10,Ethernet243,str4-7060x6-512-fan-10,Ethernet243,100000,727,Access,on
str4-7060x6-512-10,Ethernet244,str4-7060x6-512-fan-10,Ethernet244,100000,728,Access,on
str4-7060x6-512-10,Ethernet245,str4-7060x6-512-fan-10,Ethernet245,100000,729,Access,on
str4-7060x6-512-10,Ethernet246,str4-7060x6-512-fan-10,Ethernet246,100000,730,Access,on
str4-7060x6-512-10,Ethernet247,str4-7060x6-512-fan-10,Ethernet247,100000,731,Access,on
str4-7060x6-512-10,Ethernet248,str4-7060x6-512-fan-10,Ethernet248,100000,732,Access,on
str4-7060x6-512-10,Ethernet249,str4-7060x6-512-fan-10,Ethernet249,100000,733,Access,on
str4-7060x6-512-10,Ethernet250,str4-7060x6-512-fan-10,Ethernet250,100000,734,Access,on
str4-7060x6-512-10,Ethernet251,str4-7060x6-512-fan-10,Ethernet251,100000,743,Access,on
str4-7060x6-512-10,Ethernet252,str4-7060x6-512-fan-10,Ethernet252,100000,744,Access,on
str4-7060x6-512-10,Ethernet253,str4-7060x6-512-fan-10,Ethernet253,100000,745,Access,on
str4-7060x6-512-10,Ethernet254,str4-7060x6-512-fan-10,Ethernet254,100000,746,Access,on
str4-7060x6-512-10,Ethernet255,str4-7060x6-512-fan-10,Ethernet255,100000,747,Access,on
str4-7060x6-512-10,Ethernet256,str4-7060x6-512-fan-10,Ethernet256,100000,748,Access,on
str4-7060x6-512-10,Ethernet257,str4-7060x6-512-fan-10,Ethernet257,100000,749,Access,on
str4-7060x6-512-10,Ethernet258,str4-7060x6-512-fan-10,Ethernet258,100000,750,Access,on
str4-7060x6-512-10,Ethernet259,str4-7060x6-512-fan-10,Ethernet259,100000,751,Access,on
str4-7060x6-512-10,Ethernet260,str4-7060x6-512-fan-10,Ethernet260,100000,752,Access,on
str4-7060x6-512-10,Ethernet261,str4-7060x6-512-fan-10,Ethernet261,100000,753,Access,on
str4-7060x6-512-10,Ethernet262,str4-7060x6-512-fan-10,Ethernet262,100000,754,Access,on
str4-7060x6-512-10,Ethernet263,str4-7060x6-512-fan-10,Ethernet263,100000,755,Access,on
str4-7060x6-512-10,Ethernet264,str4-7060x6-512-fan-10,Ethernet264,100000,756,Access,on
str4-7060x6-512-10,Ethernet265,str4-7060x6-512-fan-10,Ethernet265,100000,757,Access,on
str4-7060x6-512-10,Ethernet266,str4-7060x6-512-fan-10,Ethernet266,100000,758,Access,on
str4-7060x6-512-10,Ethernet267,str4-7060x6-512-fan-10,Ethernet267,100000,759,Access,on
str4-7060x6-512-10,Ethernet268,str4-7060x6-512-fan-10,Ethernet268,100000,760,Access,on
str4-7060x6-512-10,Ethernet269,str4-7060x6-512-fan-10,Ethernet269,100000,761,Access,on
str4-7060x6-512-10,Ethernet270,str4-7060x6-512-fan-10,Ethernet270,100000,762,Access,on
str4-7060x6-512-10,Ethernet271,str4-7060x6-512-fan-10,Ethernet271,100000,763,Access,on
str4-7060x6-512-10,Ethernet272,str4-7060x6-512-fan-10,Ethernet272,100000,764,Access,on
str4-7060x6-512-10,Ethernet273,str4-7060x6-512-fan-10,Ethernet273,100000,765,Access,on
str4-7060x6-512-10,Ethernet274,str4-7060x6-512-fan-10,Ethernet274,100000,766,Access,on
str4-7060x6-512-10,Ethernet275,str4-7060x6-512-fan-10,Ethernet275,100000,767,Access,on
str4-7060x6-512-10,Ethernet276,str4-7060x6-512-fan-10,Ethernet276,100000,768,Access,on
str4-7060x6-512-10,Ethernet277,str4-7060x6-512-fan-10,Ethernet277,100000,769,Access,on
str4-7060x6-512-10,Ethernet278,str4-7060x6-512-fan-10,Ethernet278,100000,770,Access,on
str4-7060x6-512-10,Ethernet279,str4-7060x6-512-fan-10,Ethernet279,100000,771,Access,on
str4-7060x6-512-10,Ethernet280,str4-7060x6-512-fan-10,Ethernet280,100000,772,Access,on
str4-7060x6-512-10,Ethernet281,str4-7060x6-512-fan-10,Ethernet281,100000,773,Access,on
str4-7060x6-512-10,Ethernet282,str4-7060x6-512-fan-10,Ethernet282,100000,774,Access,on
str4-7060x6-512-10,Ethernet283,str4-7060x6-512-fan-10,Ethernet283,100000,775,Access,on
str4-7060x6-512-10,Ethernet284,str4-7060x6-512-fan-10,Ethernet284,100000,776,Access,on
str4-7060x6-512-10,Ethernet285,str4-7060x6-512-fan-10,Ethernet285,100000,777,Access,on
str4-7060x6-512-10,Ethernet286,str4-7060x6-512-fan-10,Ethernet286,100000,778,Access,on
str4-7060x6-512-10,Ethernet287,str4-7060x6-512-fan-10,Ethernet287,100000,779,Access,on
str4-7060x6-512-10,Ethernet288,str4-7060x6-512-fan-10,Ethernet288,100000,780,Access,on
str4-7060x6-512-10,Ethernet289,str4-7060x6-512-fan-10,Ethernet289,100000,781,Access,on
str4-7060x6-512-10,Ethernet290,str4-7060x6-512-fan-10,Ethernet290,100000,782,Access,on
str4-7060x6-512-10,Ethernet291,str4-7060x6-512-fan-10,Ethernet291,100000,783,Access,on
str4-7060x6-512-10,Ethernet292,str4-7060x6-512-fan-10,Ethernet292,100000,784,Access,on
str4-7060x6-512-10,Ethernet293,str4-7060x6-512-fan-10,Ethernet293,100000,785,Access,on
str4-7060x6-512-10,Ethernet294,str4-7060x6-512-fan-10,Ethernet294,100000,786,Access,on
str4-7060x6-512-10,Ethernet295,str4-7060x6-512-fan-10,Ethernet295,100000,787,Access,on
str4-7060x6-512-10,Ethernet296,str4-7060x6-512-fan-10,Ethernet296,100000,788,Access,on
str4-7060x6-512-10,Ethernet297,str4-7060x6-512-fan-10,Ethernet297,100000,789,Access,on
str4-7060x6-512-10,Ethernet298,str4-7060x6-512-fan-10,Ethernet298,100000,790,Access,on
str4-7060x6-512-10,Ethernet299,str4-7060x6-512-fan-10,Ethernet299,100000,791,Access,on
str4-7060x6-512-10,Ethernet300,str4-7060x6-512-fan-10,Ethernet300,100000,792,Access,on
str4-7060x6-512-10,Ethernet301,str4-7060x6-512-fan-10,Ethernet301,100000,793,Access,on
str4-7060x6-512-10,Ethernet302,str4-7060x6-512-fan-10,Ethernet302,100000,794,Access,on
str4-7060x6-512-10,Ethernet303,str4-7060x6-512-fan-10,Ethernet303,100000,795,Access,on
str4-7060x6-512-10,Ethernet304,str4-7060x6-512-fan-10,Ethernet304,100000,796,Access,on
str4-7060x6-512-10,Ethernet305,str4-7060x6-512-fan-10,Ethernet305,100000,797,Access,on
str4-7060x6-512-10,Ethernet306,str4-7060x6-512-fan-10,Ethernet306,100000,798,Access,on
str4-7060x6-512-10,Ethernet307,str4-7060x6-512-fan-10,Ethernet307,100000,799,Access,on
str4-7060x6-512-10,Ethernet308,str4-7060x6-512-fan-10,Ethernet308,100000,800,Access,on
str4-7060x6-512-10,Ethernet309,str4-7060x6-512-fan-10,Ethernet309,100000,1467,Access,on
str4-7060x6-512-10,Ethernet310,str4-7060x6-512-fan-10,Ethernet310,100000,1468,Access,on
str4-7060x6-512-10,Ethernet311,str4-7060x6-512-fan-10,Ethernet311,100000,1469,Access,on
str4-7060x6-512-10,Ethernet312,str4-7060x6-512-fan-10,Ethernet312,100000,1470,Access,on
str4-7060x6-512-10,Ethernet313,str4-7060x6-512-fan-10,Ethernet313,100000,1471,Access,on
str4-7060x6-512-10,Ethernet314,str4-7060x6-512-fan-10,Ethernet314,100000,1472,Access,on
str4-7060x6-512-10,Ethernet315,str4-7060x6-512-fan-10,Ethernet315,100000,1473,Access,on
str4-7060x6-512-10,Ethernet316,str4-7060x6-512-fan-10,Ethernet316,100000,1474,Access,on
str4-7060x6-512-10,Ethernet317,str4-7060x6-512-fan-10,Ethernet317,100000,1475,Access,on
str4-7060x6-512-10,Ethernet318,str4-7060x6-512-fan-10,Ethernet318,100000,1476,Access,on
str4-7060x6-512-10,Ethernet319,str4-7060x6-512-fan-10,Ethernet319,100000,1477,Access,on
str4-7060x6-512-10,Ethernet320,str4-7060x6-512-fan-10,Ethernet320,100000,1478,Access,on
str4-7060x6-512-10,Ethernet321,str4-7060x6-512-fan-10,Ethernet321,100000,1479,Access,on
str4-7060x6-512-10,Ethernet322,str4-7060x6-512-fan-10,Ethernet322,100000,1480,Access,on
str4-7060x6-512-10,Ethernet323,str4-7060x6-512-fan-10,Ethernet323,100000,1481,Access,on
str4-7060x6-512-10,Ethernet324,str4-7060x6-512-fan-10,Ethernet324,100000,1482,Access,on
str4-7060x6-512-10,Ethernet325,str4-7060x6-512-fan-10,Ethernet325,100000,1483,Access,on
str4-7060x6-512-10,Ethernet326,str4-7060x6-512-fan-10,Ethernet326,100000,1484,Access,on
str4-7060x6-512-10,Ethernet327,str4-7060x6-512-fan-10,Ethernet327,100000,1485,Access,on
str4-7060x6-512-10,Ethernet328,str4-7060x6-512-fan-10,Ethernet328,100000,1486,Access,on
str4-7060x6-512-10,Ethernet329,str4-7060x6-512-fan-10,Ethernet329,100000,1487,Access,on
str4-7060x6-512-10,Ethernet330,str4-7060x6-512-fan-10,Ethernet330,100000,1488,Access,on
str4-7060x6-512-10,Ethernet331,str4-7060x6-512-fan-10,Ethernet331,100000,1489,Access,on
str4-7060x6-512-10,Ethernet332,str4-7060x6-512-fan-10,Ethernet332,100000,1490,Access,on
str4-7060x6-512-10,Ethernet333,str4-7060x6-512-fan-10,Ethernet333,100000,1491,Access,on
str4-7060x6-512-10,Ethernet334,str4-7060x6-512-fan-10,Ethernet334,100000,1492,Access,on
str4-7060x6-512-10,Ethernet335,str4-7060x6-512-fan-10,Ethernet335,100000,1493,Access,on
str4-7060x6-512-10,Ethernet336,str4-7060x6-512-fan-10,Ethernet336,100000,1494,Access,on
str4-7060x6-512-10,Ethernet337,str4-7060x6-512-fan-10,Ethernet337,100000,1495,Access,on
str4-7060x6-512-10,Ethernet338,str4-7060x6-512-fan-10,Ethernet338,100000,1496,Access,on
str4-7060x6-512-10,Ethernet339,str4-7060x6-512-fan-10,Ethernet339,100000,1497,Access,on
str4-7060x6-512-10,Ethernet340,str4-7060x6-512-fan-10,Ethernet340,100000,1498,Access,on
str4-7060x6-512-10,Ethernet341,str4-7060x6-512-fan-10,Ethernet341,100000,1499,Access,on
str4-7060x6-512-10,Ethernet342,str4-7060x6-512-fan-10,Ethernet342,100000,1500,Access,on
str4-7060x6-512-10,Ethernet343,str4-7060x6-512-fan-10,Ethernet343,100000,1501,Access,on
str4-7060x6-512-10,Ethernet344,str4-7060x6-512-fan-10,Ethernet344,100000,1502,Access,on
str4-7060x6-512-10,Ethernet345,str4-7060x6-512-fan-10,Ethernet345,100000,1503,Access,on
str4-7060x6-512-10,Ethernet346,str4-7060x6-512-fan-10,Ethernet346,100000,1504,Access,on
str4-7060x6-512-10,Ethernet347,str4-7060x6-512-fan-10,Ethernet347,100000,1505,Access,on
str4-7060x6-512-10,Ethernet348,str4-7060x6-512-fan-10,Ethernet348,100000,1506,Access,on
str4-7060x6-512-10,Ethernet349,str4-7060x6-512-fan-10,Ethernet349,100000,1507,Access,on
str4-7060x6-512-10,Ethernet350,str4-7060x6-512-fan-10,Ethernet350,100000,1508,Access,on
str4-7060x6-512-10,Ethernet351,str4-7060x6-512-fan-10,Ethernet351,100000,1509,Access,on
str4-7060x6-512-10,Ethernet352,str4-7060x6-512-fan-10,Ethernet352,100000,1510,Access,on
str4-7060x6-512-10,Ethernet353,str4-7060x6-512-fan-10,Ethernet353,100000,1511,Access,on
str4-7060x6-512-10,Ethernet354,str4-7060x6-512-fan-10,Ethernet354,100000,1512,Access,on
str4-7060x6-512-10,Ethernet355,str4-7060x6-512-fan-10,Ethernet355,100000,1513,Access,on
str4-7060x6-512-10,Ethernet356,str4-7060x6-512-fan-10,Ethernet356,100000,1514,Access,on
str4-7060x6-512-10,Ethernet357,str4-7060x6-512-fan-10,Ethernet357,100000,1515,Access,on
str4-7060x6-512-10,Ethernet358,str4-7060x6-512-fan-10,Ethernet358,100000,1516,Access,on
str4-7060x6-512-10,Ethernet359,str4-7060x6-512-fan-10,Ethernet359,100000,1517,Access,on
str4-7060x6-512-10,Ethernet360,str4-7060x6-512-fan-10,Ethernet360,100000,1518,Access,on
str4-7060x6-512-10,Ethernet361,str4-7060x6-512-fan-10,Ethernet361,100000,1519,Access,on
str4-7060x6-512-10,Ethernet362,str4-7060x6-512-fan-10,Ethernet362,100000,1520,Access,on
str4-7060x6-512-10,Ethernet363,str4-7060x6-512-fan-10,Ethernet363,100000,1521,Access,on
str4-7060x6-512-10,Ethernet364,str4-7060x6-512-fan-10,Ethernet364,100000,1522,Access,on
str4-7060x6-512-10,Ethernet365,str4-7060x6-512-fan-10,Ethernet365,100000,1523,Access,on
str4-7060x6-512-10,Ethernet366,str4-7060x6-512-fan-10,Ethernet366,100000,1524,Access,on
str4-7060x6-512-10,Ethernet367,str4-7060x6-512-fan-10,Ethernet367,100000,1525,Access,on
str4-7060x6-512-10,Ethernet368,str4-7060x6-512-fan-10,Ethernet368,100000,1526,Access,on
str4-7060x6-512-10,Ethernet369,str4-7060x6-512-fan-10,Ethernet369,100000,1527,Access,on
str4-7060x6-512-10,Ethernet370,str4-7060x6-512-fan-10,Ethernet370,100000,1528,Access,on
str4-7060x6-512-10,Ethernet371,str4-7060x6-512-fan-10,Ethernet371,100000,1529,Access,on
str4-7060x6-512-10,Ethernet372,str4-7060x6-512-fan-10,Ethernet372,100000,1530,Access,on
str4-7060x6-512-10,Ethernet373,str4-7060x6-512-fan-10,Ethernet373,100000,1531,Access,on
str4-7060x6-512-10,Ethernet374,str4-7060x6-512-fan-10,Ethernet374,100000,1532,Access,on
str4-7060x6-512-10,Ethernet375,str4-7060x6-512-fan-10,Ethernet375,100000,1533,Access,on
str4-7060x6-512-10,Ethernet376,str4-7060x6-512-fan-10,Ethernet376,100000,1534,Access,on
str4-7060x6-512-10,Ethernet377,str4-7060x6-512-fan-10,Ethernet377,100000,1535,Access,on
str4-7060x6-512-10,Ethernet378,str4-7060x6-512-fan-10,Ethernet378,100000,1536,Access,on
str4-7060x6-512-10,Ethernet379,str4-7060x6-512-fan-10,Ethernet379,100000,1537,Access,on
str4-7060x6-512-10,Ethernet380,str4-7060x6-512-fan-10,Ethernet380,100000,1538,Access,on
str4-7060x6-512-10,Ethernet381,str4-7060x6-512-fan-10,Ethernet381,100000,1539,Access,on
str4-7060x6-512-10,Ethernet382,str4-7060x6-512-fan-10,Ethernet382,100000,1540,Access,on
str4-7060x6-512-10,Ethernet383,str4-7060x6-512-fan-10,Ethernet383,100000,1541,Access,on
str4-7060x6-512-10,Ethernet384,str4-7060x6-512-fan-10,Ethernet384,100000,1542,Access,on
str4-7060x6-512-10,Ethernet385,str4-7060x6-512-fan-10,Ethernet385,100000,1543,Access,on
str4-7060x6-512-10,Ethernet386,str4-7060x6-512-fan-10,Ethernet386,100000,1544,Access,on
str4-7060x6-512-10,Ethernet387,str4-7060x6-512-fan-10,Ethernet387,100000,1545,Access,on
str4-7060x6-512-10,Ethernet388,str4-7060x6-512-fan-10,Ethernet388,100000,1546,Access,on
str4-7060x6-512-10,Ethernet389,str4-7060x6-512-fan-10,Ethernet389,100000,1547,Access,on
str4-7060x6-512-10,Ethernet390,str4-7060x6-512-fan-10,Ethernet390,100000,1548,Access,on
str4-7060x6-512-10,Ethernet391,str4-7060x6-512-fan-10,Ethernet391,100000,1549,Access,on
str4-7060x6-512-10,Ethernet392,str4-7060x6-512-fan-10,Ethernet392,100000,1550,Access,on
str4-7060x6-512-10,Ethernet393,str4-7060x6-512-fan-10,Ethernet393,100000,1551,Access,on
str4-7060x6-512-10,Ethernet394,str4-7060x6-512-fan-10,Ethernet394,100000,1552,Access,on
str4-7060x6-512-10,Ethernet395,str4-7060x6-512-fan-10,Ethernet395,100000,1553,Access,on
str4-7060x6-512-10,Ethernet396,str4-7060x6-512-fan-10,Ethernet396,100000,1554,Access,on
str4-7060x6-512-10,Ethernet397,str4-7060x6-512-fan-10,Ethernet397,100000,1555,Access,on
str4-7060x6-512-10,Ethernet398,str4-7060x6-512-fan-10,Ethernet398,100000,1556,Access,on
str4-7060x6-512-10,Ethernet399,str4-7060x6-512-fan-10,Ethernet399,100000,1557,Access,on
str4-7060x6-512-10,Ethernet400,str4-7060x6-512-fan-10,Ethernet400,100000,1558,Access,on
str4-7060x6-512-10,Ethernet401,str4-7060x6-512-fan-10,Ethernet401,100000,1559,Access,on
str4-7060x6-512-10,Ethernet402,str4-7060x6-512-fan-10,Ethernet402,100000,1560,Access,on
str4-7060x6-512-10,Ethernet403,str4-7060x6-512-fan-10,Ethernet403,100000,1561,Access,on
str4-7060x6-512-10,Ethernet404,str4-7060x6-512-fan-10,Ethernet404,100000,1562,Access,on
str4-7060x6-512-10,Ethernet405,str4-7060x6-512-fan-10,Ethernet405,100000,1563,Access,on
str4-7060x6-512-10,Ethernet406,str4-7060x6-512-fan-10,Ethernet406,100000,1564,Access,on
str4-7060x6-512-10,Ethernet407,str4-7060x6-512-fan-10,Ethernet407,100000,1565,Access,on
str4-7060x6-512-10,Ethernet408,str4-7060x6-512-fan-10,Ethernet408,100000,1566,Access,on
str4-7060x6-512-10,Ethernet409,str4-7060x6-512-fan-10,Ethernet409,100000,1567,Access,on
str4-7060x6-512-10,Ethernet410,str4-7060x6-512-fan-10,Ethernet410,100000,1568,Access,on
str4-7060x6-512-10,Ethernet411,str4-7060x6-512-fan-10,Ethernet411,100000,1569,Access,on
str4-7060x6-512-10,Ethernet412,str4-7060x6-512-fan-10,Ethernet412,100000,1570,Access,on
str4-7060x6-512-10,Ethernet413,str4-7060x6-512-fan-10,Ethernet413,100000,1571,Access,on
str4-7060x6-512-10,Ethernet414,str4-7060x6-512-fan-10,Ethernet414,100000,1572,Access,on
str4-7060x6-512-10,Ethernet415,str4-7060x6-512-fan-10,Ethernet415,100000,1573,Access,on
str4-7060x6-512-10,Ethernet416,str4-7060x6-512-fan-10,Ethernet416,100000,1574,Access,on
str4-7060x6-512-10,Ethernet417,str4-7060x6-512-fan-10,Ethernet417,100000,1575,Access,on
str4-7060x6-512-10,Ethernet418,str4-7060x6-512-fan-10,Ethernet418,100000,1576,Access,on
str4-7060x6-512-10,Ethernet419,str4-7060x6-512-fan-10,Ethernet419,100000,1577,Access,on
str4-7060x6-512-10,Ethernet420,str4-7060x6-512-fan-10,Ethernet420,100000,1578,Access,on
str4-7060x6-512-10,Ethernet421,str4-7060x6-512-fan-10,Ethernet421,100000,1579,Access,on
str4-7060x6-512-10,Ethernet422,str4-7060x6-512-fan-10,Ethernet422,100000,1580,Access,on
str4-7060x6-512-10,Ethernet423,str4-7060x6-512-fan-10,Ethernet423,100000,1581,Access,on
str4-7060x6-512-10,Ethernet424,str4-7060x6-512-fan-10,Ethernet424,100000,1582,Access,on
str4-7060x6-512-10,Ethernet425,str4-7060x6-512-fan-10,Ethernet425,100000,1583,Access,on
str4-7060x6-512-10,Ethernet426,str4-7060x6-512-fan-10,Ethernet426,100000,1584,Access,on
str4-7060x6-512-10,Ethernet427,str4-7060x6-512-fan-10,Ethernet427,100000,1585,Access,on
str4-7060x6-512-10,Ethernet428,str4-7060x6-512-fan-10,Ethernet428,100000,1586,Access,on
str4-7060x6-512-10,Ethernet429,str4-7060x6-512-fan-10,Ethernet429,100000,1587,Access,on
str4-7060x6-512-10,Ethernet430,str4-7060x6-512-fan-10,Ethernet430,100000,1588,Access,on
str4-7060x6-512-10,Ethernet431,str4-7060x6-512-fan-10,Ethernet431,100000,1589,Access,on
str4-7060x6-512-10,Ethernet432,str4-7060x6-512-fan-10,Ethernet432,100000,1590,Access,on
str4-7060x6-512-10,Ethernet433,str4-7060x6-512-fan-10,Ethernet433,100000,1591,Access,on
str4-7060x6-512-10,Ethernet434,str4-7060x6-512-fan-10,Ethernet434,100000,1592,Access,on
str4-7060x6-512-10,Ethernet435,str4-7060x6-512-fan-10,Ethernet435,100000,1593,Access,on
str4-7060x6-512-10,Ethernet436,str4-7060x6-512-fan-10,Ethernet436,100000,1594,Access,on
str4-7060x6-512-10,Ethernet437,str4-7060x6-512-fan-10,Ethernet437,100000,1595,Access,on
str4-7060x6-512-10,Ethernet438,str4-7060x6-512-fan-10,Ethernet438,100000,1596,Access,on
str4-7060x6-512-10,Ethernet439,str4-7060x6-512-fan-10,Ethernet439,100000,2000,Access,on
str4-7060x6-512-10,Ethernet440,str4-7060x6-512-fan-10,Ethernet440,100000,2001,Access,on
str4-7060x6-512-10,Ethernet441,str4-7060x6-512-fan-10,Ethernet441,100000,2002,Access,on
str4-7060x6-512-10,Ethernet442,str4-7060x6-512-fan-10,Ethernet442,100000,2003,Access,on
str4-7060x6-512-10,Ethernet443,str4-7060x6-512-fan-10,Ethernet443,100000,2004,Access,on
str4-7060x6-512-10,Ethernet444,str4-7060x6-512-fan-10,Ethernet444,100000,2005,Access,on
str4-7060x6-512-10,Ethernet445,str4-7060x6-512-fan-10,Ethernet445,100000,2006,Access,on
str4-7060x6-512-10,Ethernet446,str4-7060x6-512-fan-10,Ethernet446,100000,2007,Access,on
str4-7060x6-512-10,Ethernet447,str4-7060x6-512-fan-10,Ethernet447,100000,2008,Access,on
str4-7060x6-512-10,Ethernet448,str4-7060x6-512-fan-10,Ethernet448,100000,2009,Access,on
str4-7060x6-512-10,Ethernet449,str4-7060x6-512-fan-10,Ethernet449,100000,2010,Access,on
str4-7060x6-512-10,Ethernet450,str4-7060x6-512-fan-10,Ethernet450,100000,2011,Access,on
str4-7060x6-512-10,Ethernet451,str4-7060x6-512-fan-10,Ethernet451,100000,2012,Access,on
str4-7060x6-512-10,Ethernet452,str4-7060x6-512-fan-10,Ethernet452,100000,2013,Access,on
str4-7060x6-512-10,Ethernet453,str4-7060x6-512-fan-10,Ethernet453,100000,2014,Access,on
str4-7060x6-512-10,Ethernet454,str4-7060x6-512-fan-10,Ethernet454,100000,2015,Access,on
str4-7060x6-512-10,Ethernet455,str4-7060x6-512-fan-10,Ethernet455,100000,2016,Access,on
str4-7060x6-512-10,Ethernet456,str4-7060x6-512-fan-10,Ethernet456,100000,2017,Access,on
str4-7060x6-512-10,Ethernet457,str4-7060x6-512-fan-10,Ethernet457,100000,2018,Access,on
str4-7060x6-512-10,Ethernet458,str4-7060x6-512-fan-10,Ethernet458,100000,2019,Access,on
str4-7060x6-512-10,Ethernet459,str4-7060x6-512-fan-10,Ethernet459,100000,2020,Access,on
str4-7060x6-512-10,Ethernet460,str4-7060x6-512-fan-10,Ethernet460,100000,2021,Access,on
str4-7060x6-512-10,Ethernet461,str4-7060x6-512-fan-10,Ethernet461,100000,2022,Access,on
str4-7060x6-512-10,Ethernet462,str4-7060x6-512-fan-10,Ethernet462,100000,2023,Access,on
str4-7060x6-512-10,Ethernet463,str4-7060x6-512-fan-10,Ethernet463,100000,2024,Access,on
str4-7060x6-512-10,Ethernet464,str4-7060x6-512-fan-10,Ethernet464,100000,2025,Access,on
str4-7060x6-512-10,Ethernet465,str4-7060x6-512-fan-10,Ethernet465,100000,2026,Access,on
str4-7060x6-512-10,Ethernet466,str4-7060x6-512-fan-10,Ethernet466,100000,2027,Access,on
str4-7060x6-512-10,Ethernet467,str4-7060x6-512-fan-10,Ethernet467,100000,2028,Access,on
str4-7060x6-512-10,Ethernet468,str4-7060x6-512-fan-10,Ethernet468,100000,2029,Access,on
str4-7060x6-512-10,Ethernet469,str4-7060x6-512-fan-10,Ethernet469,100000,2030,Access,on
str4-7060x6-512-10,Ethernet470,str4-7060x6-512-fan-10,Ethernet470,100000,2031,Access,on
str4-7060x6-512-10,Ethernet471,str4-7060x6-512-fan-10,Ethernet471,100000,2032,Access,on
str4-7060x6-512-10,Ethernet472,str4-7060x6-512-fan-10,Ethernet472,100000,2033,Access,on
str4-7060x6-512-10,Ethernet473,str4-7060x6-512-fan-10,Ethernet473,100000,2034,Access,on
str4-7060x6-512-10,Ethernet474,str4-7060x6-512-fan-10,Ethernet474,100000,2035,Access,on
str4-7060x6-512-10,Ethernet475,str4-7060x6-512-fan-10,Ethernet475,100000,2036,Access,on
str4-7060x6-512-10,Ethernet476,str4-7060x6-512-fan-10,Ethernet476,100000,2037,Access,on
str4-7060x6-512-10,Ethernet477,str4-7060x6-512-fan-10,Ethernet477,100000,2038,Access,on
str4-7060x6-512-10,Ethernet478,str4-7060x6-512-fan-10,Ethernet478,100000,2039,Access,on
str4-7060x6-512-10,Ethernet479,str4-7060x6-512-fan-10,Ethernet479,100000,2040,Access,on
str4-7060x6-512-10,Ethernet480,str4-7060x6-512-fan-10,Ethernet480,100000,2041,Access,off
str4-7060x6-512-10,Ethernet481,str4-7060x6-512-fan-10,Ethernet481,100000,2042,Access,off
str4-7060x6-512-10,Ethernet482,str4-7060x6-512-fan-10,Ethernet482,100000,2043,Access,off
str4-7060x6-512-10,Ethernet483,str4-7060x6-512-fan-10,Ethernet483,100000,2044,Access,off
str4-7060x6-512-10,Ethernet484,str4-7060x6-512-fan-10,Ethernet484,100000,2045,Access,off
str4-7060x6-512-10,Ethernet485,str4-7060x6-512-fan-10,Ethernet485,100000,2046,Access,off
str4-7060x6-512-10,Ethernet486,str4-7060x6-512-fan-10,Ethernet486,100000,2047,Access,off
str4-7060x6-512-10,Ethernet487,str4-7060x6-512-fan-10,Ethernet487,100000,2048,Access,off
str4-7060x6-512-10,Ethernet488,str4-7060x6-512-fan-10,Ethernet488,100000,2049,Access,on
str4-7060x6-512-10,Ethernet489,str4-7060x6-512-fan-10,Ethernet489,100000,2050,Access,on
str4-7060x6-512-10,Ethernet490,str4-7060x6-512-fan-10,Ethernet490,100000,2051,Access,on
str4-7060x6-512-10,Ethernet491,str4-7060x6-512-fan-10,Ethernet491,100000,2052,Access,on
str4-7060x6-512-10,Ethernet492,str4-7060x6-512-fan-10,Ethernet492,100000,2053,Access,on
str4-7060x6-512-10,Ethernet493,str4-7060x6-512-fan-10,Ethernet493,100000,2054,Access,on
str4-7060x6-512-10,Ethernet494,str4-7060x6-512-fan-10,Ethernet494,100000,2055,Access,on
str4-7060x6-512-10,Ethernet495,str4-7060x6-512-fan-10,Ethernet495,100000,2056,Access,on
str4-7060x6-512-10,Ethernet496,str4-7060x6-64pe-fan-share-1,Ethernet112,100000,2057,Access,off
str4-7060x6-512-10,Ethernet497,str4-7060x6-64pe-fan-share-1,Ethernet113,100000,2058,Access,off
str4-7060x6-512-10,Ethernet498,str4-7060x6-64pe-fan-share-1,Ethernet114,100000,2059,Access,off
str4-7060x6-512-10,Ethernet499,str4-7060x6-64pe-fan-share-1,Ethernet115,100000,2060,Access,off
str4-7060x6-512-10,Ethernet500,str4-7060x6-64pe-fan-share-1,Ethernet116,100000,2061,Access,off
str4-7060x6-512-10,Ethernet501,str4-7060x6-64pe-fan-share-1,Ethernet117,100000,2062,Access,off
str4-7060x6-512-10,Ethernet502,str4-7060x6-64pe-fan-share-1,Ethernet118,100000,2063,Access,off
str4-7060x6-512-10,Ethernet503,str4-7060x6-64pe-fan-share-1,Ethernet119,100000,2064,Access,off
str4-7060x6-512-10,Ethernet504,str4-7060x6-512-fan-10,Ethernet504,100000,2065,Access,on
str4-7060x6-512-10,Ethernet505,str4-7060x6-512-fan-10,Ethernet505,100000,2066,Access,on
str4-7060x6-512-10,Ethernet506,str4-7060x6-512-fan-10,Ethernet506,100000,2067,Access,on
str4-7060x6-512-10,Ethernet507,str4-7060x6-512-fan-10,Ethernet507,100000,2068,Access,on
str4-7060x6-512-10,Ethernet508,str4-7060x6-512-fan-10,Ethernet508,100000,2069,Access,on
str4-7060x6-512-10,Ethernet509,str4-7060x6-512-fan-10,Ethernet509,100000,2070,Access,on
str4-7060x6-512-10,Ethernet510,str4-7060x6-512-fan-10,Ethernet510,100000,2071,Access,on
str4-7060x6-512-10,Ethernet511,str4-7060x6-512-fan-10,Ethernet511,100000,2072,Access,on
str4-7060x6-512-10,Ethernet512,str4-7060x6-512-fan-10,Ethernet512,10000,2073,Access,
str4-7060x6-512-10,Ethernet513,str4-7060x6-512-fan-10,Ethernet513,10000,2074,Access,
str4-7060x6-512-11,Ethernet0,str4-7060x6-512-fan-11,Ethernet0,100000,801,Access,on
str4-7060x6-512-11,Ethernet1,str4-7060x6-512-fan-11,Ethernet1,100000,802,Access,on
str4-7060x6-512-11,Ethernet2,str4-7060x6-512-fan-11,Ethernet2,100000,803,Access,on
str4-7060x6-512-11,Ethernet3,str4-7060x6-512-fan-11,Ethernet3,100000,804,Access,on
str4-7060x6-512-11,Ethernet4,str4-7060x6-512-fan-11,Ethernet4,100000,805,Access,on
str4-7060x6-512-11,Ethernet5,str4-7060x6-512-fan-11,Ethernet5,100000,806,Access,on
str4-7060x6-512-11,Ethernet6,str4-7060x6-512-fan-11,Ethernet6,100000,807,Access,on
str4-7060x6-512-11,Ethernet7,str4-7060x6-512-fan-11,Ethernet7,100000,808,Access,on
str4-7060x6-512-11,Ethernet8,str4-7060x6-512-fan-11,Ethernet8,100000,809,Access,on
str4-7060x6-512-11,Ethernet9,str4-7060x6-512-fan-11,Ethernet9,100000,810,Access,on
str4-7060x6-512-11,Ethernet10,str4-7060x6-512-fan-11,Ethernet10,100000,811,Access,on
str4-7060x6-512-11,Ethernet11,str4-7060x6-512-fan-11,Ethernet11,100000,812,Access,on
str4-7060x6-512-11,Ethernet12,str4-7060x6-512-fan-11,Ethernet12,100000,813,Access,on
str4-7060x6-512-11,Ethernet13,str4-7060x6-512-fan-11,Ethernet13,100000,814,Access,on
str4-7060x6-512-11,Ethernet14,str4-7060x6-512-fan-11,Ethernet14,100000,815,Access,on
str4-7060x6-512-11,Ethernet15,str4-7060x6-512-fan-11,Ethernet15,100000,816,Access,on
str4-7060x6-512-11,Ethernet16,str4-7060x6-512-fan-11,Ethernet16,100000,817,Access,on
str4-7060x6-512-11,Ethernet17,str4-7060x6-512-fan-11,Ethernet17,100000,818,Access,on
str4-7060x6-512-11,Ethernet18,str4-7060x6-512-fan-11,Ethernet18,100000,819,Access,on
str4-7060x6-512-11,Ethernet19,str4-7060x6-512-fan-11,Ethernet19,100000,820,Access,on
str4-7060x6-512-11,Ethernet20,str4-7060x6-512-fan-11,Ethernet20,100000,821,Access,on
str4-7060x6-512-11,Ethernet21,str4-7060x6-512-fan-11,Ethernet21,100000,822,Access,on
str4-7060x6-512-11,Ethernet22,str4-7060x6-512-fan-11,Ethernet22,100000,823,Access,on
str4-7060x6-512-11,Ethernet23,str4-7060x6-512-fan-11,Ethernet23,100000,824,Access,on
str4-7060x6-512-11,Ethernet24,str4-7060x6-512-fan-11,Ethernet24,100000,825,Access,on
str4-7060x6-512-11,Ethernet25,str4-7060x6-512-fan-11,Ethernet25,100000,826,Access,on
str4-7060x6-512-11,Ethernet26,str4-7060x6-512-fan-11,Ethernet26,100000,827,Access,on
str4-7060x6-512-11,Ethernet27,str4-7060x6-512-fan-11,Ethernet27,100000,828,Access,on
str4-7060x6-512-11,Ethernet28,str4-7060x6-512-fan-11,Ethernet28,100000,829,Access,on
str4-7060x6-512-11,Ethernet29,str4-7060x6-512-fan-11,Ethernet29,100000,830,Access,on
str4-7060x6-512-11,Ethernet30,str4-7060x6-512-fan-11,Ethernet30,100000,831,Access,on
str4-7060x6-512-11,Ethernet31,str4-7060x6-512-fan-11,Ethernet31,100000,832,Access,on
str4-7060x6-512-11,Ethernet32,str4-7060x6-512-fan-11,Ethernet32,100000,833,Access,on
str4-7060x6-512-11,Ethernet33,str4-7060x6-512-fan-11,Ethernet33,100000,834,Access,on
str4-7060x6-512-11,Ethernet34,str4-7060x6-512-fan-11,Ethernet34,100000,835,Access,on
str4-7060x6-512-11,Ethernet35,str4-7060x6-512-fan-11,Ethernet35,100000,836,Access,on
str4-7060x6-512-11,Ethernet36,str4-7060x6-512-fan-11,Ethernet36,100000,837,Access,on
str4-7060x6-512-11,Ethernet37,str4-7060x6-512-fan-11,Ethernet37,100000,838,Access,on
str4-7060x6-512-11,Ethernet38,str4-7060x6-512-fan-11,Ethernet38,100000,839,Access,on
str4-7060x6-512-11,Ethernet39,str4-7060x6-512-fan-11,Ethernet39,100000,840,Access,on
str4-7060x6-512-11,Ethernet40,str4-7060x6-512-fan-11,Ethernet40,100000,841,Access,on
str4-7060x6-512-11,Ethernet41,str4-7060x6-512-fan-11,Ethernet41,100000,842,Access,on
str4-7060x6-512-11,Ethernet42,str4-7060x6-512-fan-11,Ethernet42,100000,843,Access,on
str4-7060x6-512-11,Ethernet43,str4-7060x6-512-fan-11,Ethernet43,100000,844,Access,on
str4-7060x6-512-11,Ethernet44,str4-7060x6-512-fan-11,Ethernet44,100000,845,Access,on
str4-7060x6-512-11,Ethernet45,str4-7060x6-512-fan-11,Ethernet45,100000,846,Access,on
str4-7060x6-512-11,Ethernet46,str4-7060x6-512-fan-11,Ethernet46,100000,847,Access,on
str4-7060x6-512-11,Ethernet47,str4-7060x6-512-fan-11,Ethernet47,100000,848,Access,on
str4-7060x6-512-11,Ethernet48,str4-7060x6-512-fan-11,Ethernet48,100000,849,Access,on
str4-7060x6-512-11,Ethernet49,str4-7060x6-512-fan-11,Ethernet49,100000,850,Access,on
str4-7060x6-512-11,Ethernet50,str4-7060x6-512-fan-11,Ethernet50,100000,851,Access,on
str4-7060x6-512-11,Ethernet51,str4-7060x6-512-fan-11,Ethernet51,100000,852,Access,on
str4-7060x6-512-11,Ethernet52,str4-7060x6-512-fan-11,Ethernet52,100000,853,Access,on
str4-7060x6-512-11,Ethernet53,str4-7060x6-512-fan-11,Ethernet53,100000,854,Access,on
str4-7060x6-512-11,Ethernet54,str4-7060x6-512-fan-11,Ethernet54,100000,855,Access,on
str4-7060x6-512-11,Ethernet55,str4-7060x6-512-fan-11,Ethernet55,100000,856,Access,on
str4-7060x6-512-11,Ethernet56,str4-7060x6-512-fan-11,Ethernet56,100000,857,Access,on
str4-7060x6-512-11,Ethernet57,str4-7060x6-512-fan-11,Ethernet57,100000,858,Access,on
str4-7060x6-512-11,Ethernet58,str4-7060x6-512-fan-11,Ethernet58,100000,859,Access,on
str4-7060x6-512-11,Ethernet59,str4-7060x6-512-fan-11,Ethernet59,100000,860,Access,on
str4-7060x6-512-11,Ethernet60,str4-7060x6-512-fan-11,Ethernet60,100000,861,Access,on
str4-7060x6-512-11,Ethernet61,str4-7060x6-512-fan-11,Ethernet61,100000,862,Access,on
str4-7060x6-512-11,Ethernet62,str4-7060x6-512-fan-11,Ethernet62,100000,863,Access,on
str4-7060x6-512-11,Ethernet63,str4-7060x6-512-fan-11,Ethernet63,100000,864,Access,on
str4-7060x6-512-11,Ethernet64,str4-7060x6-512-fan-11,Ethernet64,100000,865,Access,on
str4-7060x6-512-11,Ethernet65,str4-7060x6-512-fan-11,Ethernet65,100000,866,Access,on
str4-7060x6-512-11,Ethernet66,str4-7060x6-512-fan-11,Ethernet66,100000,867,Access,on
str4-7060x6-512-11,Ethernet67,str4-7060x6-512-fan-11,Ethernet67,100000,868,Access,on
str4-7060x6-512-11,Ethernet68,str4-7060x6-512-fan-11,Ethernet68,100000,869,Access,on
str4-7060x6-512-11,Ethernet69,str4-7060x6-512-fan-11,Ethernet69,100000,870,Access,on
str4-7060x6-512-11,Ethernet70,str4-7060x6-512-fan-11,Ethernet70,100000,871,Access,on
str4-7060x6-512-11,Ethernet71,str4-7060x6-512-fan-11,Ethernet71,100000,872,Access,on
str4-7060x6-512-11,Ethernet72,str4-7060x6-512-fan-11,Ethernet72,100000,873,Access,on
str4-7060x6-512-11,Ethernet73,str4-7060x6-512-fan-11,Ethernet73,100000,874,Access,on
str4-7060x6-512-11,Ethernet74,str4-7060x6-512-fan-11,Ethernet74,100000,875,Access,on
str4-7060x6-512-11,Ethernet75,str4-7060x6-512-fan-11,Ethernet75,100000,876,Access,on
str4-7060x6-512-11,Ethernet76,str4-7060x6-512-fan-11,Ethernet76,100000,877,Access,on
str4-7060x6-512-11,Ethernet77,str4-7060x6-512-fan-11,Ethernet77,100000,878,Access,on
str4-7060x6-512-11,Ethernet78,str4-7060x6-512-fan-11,Ethernet78,100000,879,Access,on
str4-7060x6-512-11,Ethernet79,str4-7060x6-512-fan-11,Ethernet79,100000,880,Access,on
str4-7060x6-512-11,Ethernet80,str4-7060x6-512-fan-11,Ethernet80,100000,881,Access,on
str4-7060x6-512-11,Ethernet81,str4-7060x6-512-fan-11,Ethernet81,100000,882,Access,on
str4-7060x6-512-11,Ethernet82,str4-7060x6-512-fan-11,Ethernet82,100000,883,Access,on
str4-7060x6-512-11,Ethernet83,str4-7060x6-512-fan-11,Ethernet83,100000,884,Access,on
str4-7060x6-512-11,Ethernet84,str4-7060x6-512-fan-11,Ethernet84,100000,885,Access,on
str4-7060x6-512-11,Ethernet85,str4-7060x6-512-fan-11,Ethernet85,100000,886,Access,on
str4-7060x6-512-11,Ethernet86,str4-7060x6-512-fan-11,Ethernet86,100000,887,Access,on
str4-7060x6-512-11,Ethernet87,str4-7060x6-512-fan-11,Ethernet87,100000,888,Access,on
str4-7060x6-512-11,Ethernet88,str4-7060x6-512-fan-11,Ethernet88,100000,889,Access,on
str4-7060x6-512-11,Ethernet89,str4-7060x6-512-fan-11,Ethernet89,100000,890,Access,on
str4-7060x6-512-11,Ethernet90,str4-7060x6-512-fan-11,Ethernet90,100000,891,Access,on
str4-7060x6-512-11,Ethernet91,str4-7060x6-512-fan-11,Ethernet91,100000,892,Access,on
str4-7060x6-512-11,Ethernet92,str4-7060x6-512-fan-11,Ethernet92,100000,893,Access,on
str4-7060x6-512-11,Ethernet93,str4-7060x6-512-fan-11,Ethernet93,100000,894,Access,on
str4-7060x6-512-11,Ethernet94,str4-7060x6-512-fan-11,Ethernet94,100000,895,Access,on
str4-7060x6-512-11,Ethernet95,str4-7060x6-512-fan-11,Ethernet95,100000,896,Access,on
str4-7060x6-512-11,Ethernet96,str4-7060x6-512-fan-11,Ethernet96,400000,897,Access,on
str4-7060x6-512-11,Ethernet100,str4-7060x6-512-fan-11,Ethernet100,400000,901,Access,on
str4-7060x6-512-11,Ethernet104,str4-7060x6-512-fan-11,Ethernet104,400000,905,Access,on
str4-7060x6-512-11,Ethernet108,str4-7060x6-512-fan-11,Ethernet108,400000,909,Access,on
str4-7060x6-512-11,Ethernet112,str4-7060x6-512-fan-11,Ethernet112,100000,913,Access,on
str4-7060x6-512-11,Ethernet113,str4-7060x6-512-fan-11,Ethernet113,100000,914,Access,on
str4-7060x6-512-11,Ethernet114,str4-7060x6-512-fan-11,Ethernet114,100000,915,Access,on
str4-7060x6-512-11,Ethernet115,str4-7060x6-512-fan-11,Ethernet115,100000,916,Access,on
str4-7060x6-512-11,Ethernet116,str4-7060x6-512-fan-11,Ethernet116,100000,917,Access,on
str4-7060x6-512-11,Ethernet117,str4-7060x6-512-fan-11,Ethernet117,100000,918,Access,on
str4-7060x6-512-11,Ethernet118,str4-7060x6-512-fan-11,Ethernet118,100000,919,Access,on
str4-7060x6-512-11,Ethernet119,str4-7060x6-512-fan-11,Ethernet119,100000,920,Access,on
str4-7060x6-512-11,Ethernet120,str4-7060x6-512-fan-11,Ethernet120,100000,921,Access,on
str4-7060x6-512-11,Ethernet121,str4-7060x6-512-fan-11,Ethernet121,100000,922,Access,on
str4-7060x6-512-11,Ethernet122,str4-7060x6-512-fan-11,Ethernet122,100000,923,Access,on
str4-7060x6-512-11,Ethernet123,str4-7060x6-512-fan-11,Ethernet123,100000,924,Access,on
str4-7060x6-512-11,Ethernet124,str4-7060x6-512-fan-11,Ethernet124,100000,925,Access,on
str4-7060x6-512-11,Ethernet125,str4-7060x6-512-fan-11,Ethernet125,100000,926,Access,on
str4-7060x6-512-11,Ethernet126,str4-7060x6-512-fan-11,Ethernet126,100000,927,Access,on
str4-7060x6-512-11,Ethernet127,str4-7060x6-512-fan-11,Ethernet127,100000,928,Access,on
str4-7060x6-512-11,Ethernet128,str4-7060x6-512-fan-11,Ethernet128,400000,929,Access,on
str4-7060x6-512-11,Ethernet132,str4-7060x6-512-fan-11,Ethernet132,400000,933,Access,on
str4-7060x6-512-11,Ethernet136,str4-7060x6-512-fan-11,Ethernet136,400000,937,Access,on
str4-7060x6-512-11,Ethernet140,str4-7060x6-512-fan-11,Ethernet140,400000,941,Access,on
str4-7060x6-512-11,Ethernet144,str4-7060x6-512-fan-11,Ethernet144,100000,945,Access,on
str4-7060x6-512-11,Ethernet145,str4-7060x6-512-fan-11,Ethernet145,100000,946,Access,on
str4-7060x6-512-11,Ethernet146,str4-7060x6-512-fan-11,Ethernet146,100000,947,Access,on
str4-7060x6-512-11,Ethernet147,str4-7060x6-512-fan-11,Ethernet147,100000,948,Access,on
str4-7060x6-512-11,Ethernet148,str4-7060x6-512-fan-11,Ethernet148,100000,949,Access,on
str4-7060x6-512-11,Ethernet149,str4-7060x6-512-fan-11,Ethernet149,100000,950,Access,on
str4-7060x6-512-11,Ethernet150,str4-7060x6-512-fan-11,Ethernet150,100000,951,Access,on
str4-7060x6-512-11,Ethernet151,str4-7060x6-512-fan-11,Ethernet151,100000,952,Access,on
str4-7060x6-512-11,Ethernet152,str4-7060x6-512-fan-11,Ethernet152,100000,953,Access,on
str4-7060x6-512-11,Ethernet153,str4-7060x6-512-fan-11,Ethernet153,100000,954,Access,on
str4-7060x6-512-11,Ethernet154,str4-7060x6-512-fan-11,Ethernet154,100000,955,Access,on
str4-7060x6-512-11,Ethernet155,str4-7060x6-512-fan-11,Ethernet155,100000,956,Access,on
str4-7060x6-512-11,Ethernet156,str4-7060x6-512-fan-11,Ethernet156,100000,957,Access,on
str4-7060x6-512-11,Ethernet157,str4-7060x6-512-fan-11,Ethernet157,100000,958,Access,on
str4-7060x6-512-11,Ethernet158,str4-7060x6-512-fan-11,Ethernet158,100000,959,Access,on
str4-7060x6-512-11,Ethernet159,str4-7060x6-512-fan-11,Ethernet159,100000,960,Access,on
str4-7060x6-512-11,Ethernet160,str4-7060x6-512-fan-11,Ethernet160,100000,961,Access,on
str4-7060x6-512-11,Ethernet161,str4-7060x6-512-fan-11,Ethernet161,100000,962,Access,on
str4-7060x6-512-11,Ethernet162,str4-7060x6-512-fan-11,Ethernet162,100000,963,Access,on
str4-7060x6-512-11,Ethernet163,str4-7060x6-512-fan-11,Ethernet163,100000,964,Access,on
str4-7060x6-512-11,Ethernet164,str4-7060x6-512-fan-11,Ethernet164,100000,965,Access,on
str4-7060x6-512-11,Ethernet165,str4-7060x6-512-fan-11,Ethernet165,100000,966,Access,on
str4-7060x6-512-11,Ethernet166,str4-7060x6-512-fan-11,Ethernet166,100000,967,Access,on
str4-7060x6-512-11,Ethernet167,str4-7060x6-512-fan-11,Ethernet167,100000,968,Access,on
str4-7060x6-512-11,Ethernet168,str4-7060x6-512-fan-11,Ethernet168,100000,969,Access,on
str4-7060x6-512-11,Ethernet169,str4-7060x6-512-fan-11,Ethernet169,100000,970,Access,on
str4-7060x6-512-11,Ethernet170,str4-7060x6-512-fan-11,Ethernet170,100000,971,Access,on
str4-7060x6-512-11,Ethernet171,str4-7060x6-512-fan-11,Ethernet171,100000,972,Access,on
str4-7060x6-512-11,Ethernet172,str4-7060x6-512-fan-11,Ethernet172,100000,973,Access,on
str4-7060x6-512-11,Ethernet173,str4-7060x6-512-fan-11,Ethernet173,100000,974,Access,on
str4-7060x6-512-11,Ethernet174,str4-7060x6-512-fan-11,Ethernet174,100000,975,Access,on
str4-7060x6-512-11,Ethernet175,str4-7060x6-512-fan-11,Ethernet175,100000,976,Access,on
str4-7060x6-512-11,Ethernet176,str4-7060x6-512-fan-11,Ethernet176,100000,977,Access,on
str4-7060x6-512-11,Ethernet177,str4-7060x6-512-fan-11,Ethernet177,100000,978,Access,on
str4-7060x6-512-11,Ethernet178,str4-7060x6-512-fan-11,Ethernet178,100000,979,Access,on
str4-7060x6-512-11,Ethernet179,str4-7060x6-512-fan-11,Ethernet179,100000,980,Access,on
str4-7060x6-512-11,Ethernet180,str4-7060x6-512-fan-11,Ethernet180,100000,981,Access,on
str4-7060x6-512-11,Ethernet181,str4-7060x6-512-fan-11,Ethernet181,100000,982,Access,on
str4-7060x6-512-11,Ethernet182,str4-7060x6-512-fan-11,Ethernet182,100000,983,Access,on
str4-7060x6-512-11,Ethernet183,str4-7060x6-512-fan-11,Ethernet183,100000,984,Access,on
str4-7060x6-512-11,Ethernet184,str4-7060x6-512-fan-11,Ethernet184,100000,985,Access,on
str4-7060x6-512-11,Ethernet185,str4-7060x6-512-fan-11,Ethernet185,100000,986,Access,on
str4-7060x6-512-11,Ethernet186,str4-7060x6-512-fan-11,Ethernet186,100000,987,Access,on
str4-7060x6-512-11,Ethernet187,str4-7060x6-512-fan-11,Ethernet187,100000,988,Access,on
str4-7060x6-512-11,Ethernet188,str4-7060x6-512-fan-11,Ethernet188,100000,989,Access,on
str4-7060x6-512-11,Ethernet189,str4-7060x6-512-fan-11,Ethernet189,100000,990,Access,on
str4-7060x6-512-11,Ethernet190,str4-7060x6-512-fan-11,Ethernet190,100000,991,Access,on
str4-7060x6-512-11,Ethernet191,str4-7060x6-512-fan-11,Ethernet191,100000,992,Access,on
str4-7060x6-512-11,Ethernet192,str4-7060x6-512-fan-11,Ethernet192,100000,993,Access,on
str4-7060x6-512-11,Ethernet193,str4-7060x6-512-fan-11,Ethernet193,100000,994,Access,on
str4-7060x6-512-11,Ethernet194,str4-7060x6-512-fan-11,Ethernet194,100000,995,Access,on
str4-7060x6-512-11,Ethernet195,str4-7060x6-512-fan-11,Ethernet195,100000,996,Access,on
str4-7060x6-512-11,Ethernet196,str4-7060x6-512-fan-11,Ethernet196,100000,997,Access,on
str4-7060x6-512-11,Ethernet197,str4-7060x6-512-fan-11,Ethernet197,100000,998,Access,on
str4-7060x6-512-11,Ethernet198,str4-7060x6-512-fan-11,Ethernet198,100000,999,Access,on
str4-7060x6-512-11,Ethernet199,str4-7060x6-512-fan-11,Ethernet199,100000,1000,Access,on
str4-7060x6-512-11,Ethernet200,str4-7060x6-512-fan-11,Ethernet200,100000,1001,Access,on
str4-7060x6-512-11,Ethernet201,str4-7060x6-512-fan-11,Ethernet201,100000,1002,Access,on
str4-7060x6-512-11,Ethernet202,str4-7060x6-512-fan-11,Ethernet202,100000,1003,Access,on
str4-7060x6-512-11,Ethernet203,str4-7060x6-512-fan-11,Ethernet203,100000,1004,Access,on
str4-7060x6-512-11,Ethernet204,str4-7060x6-512-fan-11,Ethernet204,100000,1005,Access,on
str4-7060x6-512-11,Ethernet205,str4-7060x6-512-fan-11,Ethernet205,100000,1006,Access,on
str4-7060x6-512-11,Ethernet206,str4-7060x6-512-fan-11,Ethernet206,100000,1007,Access,on
str4-7060x6-512-11,Ethernet207,str4-7060x6-512-fan-11,Ethernet207,100000,1008,Access,on
str4-7060x6-512-11,Ethernet208,str4-7060x6-512-fan-11,Ethernet208,100000,1009,Access,on
str4-7060x6-512-11,Ethernet209,str4-7060x6-512-fan-11,Ethernet209,100000,1010,Access,on
str4-7060x6-512-11,Ethernet210,str4-7060x6-512-fan-11,Ethernet210,100000,1011,Access,on
str4-7060x6-512-11,Ethernet211,str4-7060x6-512-fan-11,Ethernet211,100000,1012,Access,on
str4-7060x6-512-11,Ethernet212,str4-7060x6-512-fan-11,Ethernet212,100000,1013,Access,on
str4-7060x6-512-11,Ethernet213,str4-7060x6-512-fan-11,Ethernet213,100000,1014,Access,on
str4-7060x6-512-11,Ethernet214,str4-7060x6-512-fan-11,Ethernet214,100000,1015,Access,on
str4-7060x6-512-11,Ethernet215,str4-7060x6-512-fan-11,Ethernet215,100000,1016,Access,on
str4-7060x6-512-11,Ethernet216,str4-7060x6-512-fan-11,Ethernet216,100000,1017,Access,on
str4-7060x6-512-11,Ethernet217,str4-7060x6-512-fan-11,Ethernet217,100000,1018,Access,on
str4-7060x6-512-11,Ethernet218,str4-7060x6-512-fan-11,Ethernet218,100000,1019,Access,on
str4-7060x6-512-11,Ethernet219,str4-7060x6-512-fan-11,Ethernet219,100000,1020,Access,on
str4-7060x6-512-11,Ethernet220,str4-7060x6-512-fan-11,Ethernet220,100000,1021,Access,on
str4-7060x6-512-11,Ethernet221,str4-7060x6-512-fan-11,Ethernet221,100000,1022,Access,on
str4-7060x6-512-11,Ethernet222,str4-7060x6-512-fan-11,Ethernet222,100000,1023,Access,on
str4-7060x6-512-11,Ethernet223,str4-7060x6-512-fan-11,Ethernet223,100000,1024,Access,on
str4-7060x6-512-11,Ethernet224,str4-7060x6-512-fan-11,Ethernet224,100000,1025,Access,on
str4-7060x6-512-11,Ethernet225,str4-7060x6-512-fan-11,Ethernet225,100000,1026,Access,on
str4-7060x6-512-11,Ethernet226,str4-7060x6-512-fan-11,Ethernet226,100000,1027,Access,on
str4-7060x6-512-11,Ethernet227,str4-7060x6-512-fan-11,Ethernet227,100000,1028,Access,on
str4-7060x6-512-11,Ethernet228,str4-7060x6-512-fan-11,Ethernet228,100000,1029,Access,on
str4-7060x6-512-11,Ethernet229,str4-7060x6-512-fan-11,Ethernet229,100000,1030,Access,on
str4-7060x6-512-11,Ethernet230,str4-7060x6-512-fan-11,Ethernet230,100000,1031,Access,on
str4-7060x6-512-11,Ethernet231,str4-7060x6-512-fan-11,Ethernet231,100000,1032,Access,on
str4-7060x6-512-11,Ethernet232,str4-7060x6-512-fan-11,Ethernet232,100000,1033,Access,on
str4-7060x6-512-11,Ethernet233,str4-7060x6-512-fan-11,Ethernet233,100000,1034,Access,on
str4-7060x6-512-11,Ethernet234,str4-7060x6-512-fan-11,Ethernet234,100000,1035,Access,on
str4-7060x6-512-11,Ethernet235,str4-7060x6-512-fan-11,Ethernet235,100000,1036,Access,on
str4-7060x6-512-11,Ethernet236,str4-7060x6-512-fan-11,Ethernet236,100000,1037,Access,on
str4-7060x6-512-11,Ethernet237,str4-7060x6-512-fan-11,Ethernet237,100000,1038,Access,on
str4-7060x6-512-11,Ethernet238,str4-7060x6-512-fan-11,Ethernet238,100000,1039,Access,on
str4-7060x6-512-11,Ethernet239,str4-7060x6-512-fan-11,Ethernet239,100000,1040,Access,on
str4-7060x6-512-11,Ethernet240,str4-7060x6-512-fan-11,Ethernet240,100000,1041,Access,on
str4-7060x6-512-11,Ethernet241,str4-7060x6-512-fan-11,Ethernet241,100000,1042,Access,on
str4-7060x6-512-11,Ethernet242,str4-7060x6-512-fan-11,Ethernet242,100000,1043,Access,on
str4-7060x6-512-11,Ethernet243,str4-7060x6-512-fan-11,Ethernet243,100000,1044,Access,on
str4-7060x6-512-11,Ethernet244,str4-7060x6-512-fan-11,Ethernet244,100000,1045,Access,on
str4-7060x6-512-11,Ethernet245,str4-7060x6-512-fan-11,Ethernet245,100000,1046,Access,on
str4-7060x6-512-11,Ethernet246,str4-7060x6-512-fan-11,Ethernet246,100000,1047,Access,on
str4-7060x6-512-11,Ethernet247,str4-7060x6-512-fan-11,Ethernet247,100000,1048,Access,on
str4-7060x6-512-11,Ethernet248,str4-7060x6-512-fan-11,Ethernet248,100000,1049,Access,on
str4-7060x6-512-11,Ethernet249,str4-7060x6-512-fan-11,Ethernet249,100000,1050,Access,on
str4-7060x6-512-11,Ethernet250,str4-7060x6-512-fan-11,Ethernet250,100000,1051,Access,on
str4-7060x6-512-11,Ethernet251,str4-7060x6-512-fan-11,Ethernet251,100000,1052,Access,on
str4-7060x6-512-11,Ethernet252,str4-7060x6-512-fan-11,Ethernet252,100000,1053,Access,on
str4-7060x6-512-11,Ethernet253,str4-7060x6-512-fan-11,Ethernet253,100000,1054,Access,on
str4-7060x6-512-11,Ethernet254,str4-7060x6-512-fan-11,Ethernet254,100000,1055,Access,on
str4-7060x6-512-11,Ethernet255,str4-7060x6-512-fan-11,Ethernet255,100000,1056,Access,on
str4-7060x6-512-11,Ethernet256,str4-7060x6-512-fan-11,Ethernet256,100000,1057,Access,on
str4-7060x6-512-11,Ethernet257,str4-7060x6-512-fan-11,Ethernet257,100000,1058,Access,on
str4-7060x6-512-11,Ethernet258,str4-7060x6-512-fan-11,Ethernet258,100000,1059,Access,on
str4-7060x6-512-11,Ethernet259,str4-7060x6-512-fan-11,Ethernet259,100000,1060,Access,on
str4-7060x6-512-11,Ethernet260,str4-7060x6-512-fan-11,Ethernet260,100000,1061,Access,on
str4-7060x6-512-11,Ethernet261,str4-7060x6-512-fan-11,Ethernet261,100000,1062,Access,on
str4-7060x6-512-11,Ethernet262,str4-7060x6-512-fan-11,Ethernet262,100000,1063,Access,on
str4-7060x6-512-11,Ethernet263,str4-7060x6-512-fan-11,Ethernet263,100000,1064,Access,on
str4-7060x6-512-11,Ethernet264,str4-7060x6-512-fan-11,Ethernet264,100000,1065,Access,on
str4-7060x6-512-11,Ethernet265,str4-7060x6-512-fan-11,Ethernet265,100000,1066,Access,on
str4-7060x6-512-11,Ethernet266,str4-7060x6-512-fan-11,Ethernet266,100000,1067,Access,on
str4-7060x6-512-11,Ethernet267,str4-7060x6-512-fan-11,Ethernet267,100000,1068,Access,on
str4-7060x6-512-11,Ethernet268,str4-7060x6-512-fan-11,Ethernet268,100000,1069,Access,on
str4-7060x6-512-11,Ethernet269,str4-7060x6-512-fan-11,Ethernet269,100000,1070,Access,on
str4-7060x6-512-11,Ethernet270,str4-7060x6-512-fan-11,Ethernet270,100000,1071,Access,on
str4-7060x6-512-11,Ethernet271,str4-7060x6-512-fan-11,Ethernet271,100000,1072,Access,on
str4-7060x6-512-11,Ethernet272,str4-7060x6-512-fan-11,Ethernet272,100000,1073,Access,on
str4-7060x6-512-11,Ethernet273,str4-7060x6-512-fan-11,Ethernet273,100000,1074,Access,on
str4-7060x6-512-11,Ethernet274,str4-7060x6-512-fan-11,Ethernet274,100000,1075,Access,on
str4-7060x6-512-11,Ethernet275,str4-7060x6-512-fan-11,Ethernet275,100000,1076,Access,on
str4-7060x6-512-11,Ethernet276,str4-7060x6-512-fan-11,Ethernet276,100000,1077,Access,on
str4-7060x6-512-11,Ethernet277,str4-7060x6-512-fan-11,Ethernet277,100000,1078,Access,on
str4-7060x6-512-11,Ethernet278,str4-7060x6-512-fan-11,Ethernet278,100000,1079,Access,on
str4-7060x6-512-11,Ethernet279,str4-7060x6-512-fan-11,Ethernet279,100000,1080,Access,on
str4-7060x6-512-11,Ethernet280,str4-7060x6-512-fan-11,Ethernet280,100000,1081,Access,on
str4-7060x6-512-11,Ethernet281,str4-7060x6-512-fan-11,Ethernet281,100000,1082,Access,on
str4-7060x6-512-11,Ethernet282,str4-7060x6-512-fan-11,Ethernet282,100000,1083,Access,on
str4-7060x6-512-11,Ethernet283,str4-7060x6-512-fan-11,Ethernet283,100000,1084,Access,on
str4-7060x6-512-11,Ethernet284,str4-7060x6-512-fan-11,Ethernet284,100000,1085,Access,on
str4-7060x6-512-11,Ethernet285,str4-7060x6-512-fan-11,Ethernet285,100000,1086,Access,on
str4-7060x6-512-11,Ethernet286,str4-7060x6-512-fan-11,Ethernet286,100000,1087,Access,on
str4-7060x6-512-11,Ethernet287,str4-7060x6-512-fan-11,Ethernet287,100000,1088,Access,on
str4-7060x6-512-11,Ethernet288,str4-7060x6-512-fan-11,Ethernet288,100000,1089,Access,on
str4-7060x6-512-11,Ethernet289,str4-7060x6-512-fan-11,Ethernet289,100000,1090,Access,on
str4-7060x6-512-11,Ethernet290,str4-7060x6-512-fan-11,Ethernet290,100000,1091,Access,on
str4-7060x6-512-11,Ethernet291,str4-7060x6-512-fan-11,Ethernet291,100000,1092,Access,on
str4-7060x6-512-11,Ethernet292,str4-7060x6-512-fan-11,Ethernet292,100000,1093,Access,on
str4-7060x6-512-11,Ethernet293,str4-7060x6-512-fan-11,Ethernet293,100000,1094,Access,on
str4-7060x6-512-11,Ethernet294,str4-7060x6-512-fan-11,Ethernet294,100000,1095,Access,on
str4-7060x6-512-11,Ethernet295,str4-7060x6-512-fan-11,Ethernet295,100000,1096,Access,on
str4-7060x6-512-11,Ethernet296,str4-7060x6-512-fan-11,Ethernet296,100000,1097,Access,on
str4-7060x6-512-11,Ethernet297,str4-7060x6-512-fan-11,Ethernet297,100000,1098,Access,on
str4-7060x6-512-11,Ethernet298,str4-7060x6-512-fan-11,Ethernet298,100000,1099,Access,on
str4-7060x6-512-11,Ethernet299,str4-7060x6-512-fan-11,Ethernet299,100000,1100,Access,on
str4-7060x6-512-11,Ethernet300,str4-7060x6-512-fan-11,Ethernet300,100000,1101,Access,on
str4-7060x6-512-11,Ethernet301,str4-7060x6-512-fan-11,Ethernet301,100000,1102,Access,on
str4-7060x6-512-11,Ethernet302,str4-7060x6-512-fan-11,Ethernet302,100000,1103,Access,on
str4-7060x6-512-11,Ethernet303,str4-7060x6-512-fan-11,Ethernet303,100000,1104,Access,on
str4-7060x6-512-11,Ethernet304,str4-7060x6-512-fan-11,Ethernet304,100000,1105,Access,on
str4-7060x6-512-11,Ethernet305,str4-7060x6-512-fan-11,Ethernet305,100000,1106,Access,on
str4-7060x6-512-11,Ethernet306,str4-7060x6-512-fan-11,Ethernet306,100000,1107,Access,on
str4-7060x6-512-11,Ethernet307,str4-7060x6-512-fan-11,Ethernet307,100000,1108,Access,on
str4-7060x6-512-11,Ethernet308,str4-7060x6-512-fan-11,Ethernet308,100000,1109,Access,on
str4-7060x6-512-11,Ethernet309,str4-7060x6-512-fan-11,Ethernet309,100000,1110,Access,on
str4-7060x6-512-11,Ethernet310,str4-7060x6-512-fan-11,Ethernet310,100000,1111,Access,on
str4-7060x6-512-11,Ethernet311,str4-7060x6-512-fan-11,Ethernet311,100000,1112,Access,on
str4-7060x6-512-11,Ethernet312,str4-7060x6-512-fan-11,Ethernet312,100000,1113,Access,on
str4-7060x6-512-11,Ethernet313,str4-7060x6-512-fan-11,Ethernet313,100000,1114,Access,on
str4-7060x6-512-11,Ethernet314,str4-7060x6-512-fan-11,Ethernet314,100000,1115,Access,on
str4-7060x6-512-11,Ethernet315,str4-7060x6-512-fan-11,Ethernet315,100000,1116,Access,on
str4-7060x6-512-11,Ethernet316,str4-7060x6-512-fan-11,Ethernet316,100000,1117,Access,on
str4-7060x6-512-11,Ethernet317,str4-7060x6-512-fan-11,Ethernet317,100000,1118,Access,on
str4-7060x6-512-11,Ethernet318,str4-7060x6-512-fan-11,Ethernet318,100000,1119,Access,on
str4-7060x6-512-11,Ethernet319,str4-7060x6-512-fan-11,Ethernet319,100000,1120,Access,on
str4-7060x6-512-11,Ethernet320,str4-7060x6-512-fan-11,Ethernet320,100000,1121,Access,on
str4-7060x6-512-11,Ethernet321,str4-7060x6-512-fan-11,Ethernet321,100000,1122,Access,on
str4-7060x6-512-11,Ethernet322,str4-7060x6-512-fan-11,Ethernet322,100000,1123,Access,on
str4-7060x6-512-11,Ethernet323,str4-7060x6-512-fan-11,Ethernet323,100000,1124,Access,on
str4-7060x6-512-11,Ethernet324,str4-7060x6-512-fan-11,Ethernet324,100000,1125,Access,on
str4-7060x6-512-11,Ethernet325,str4-7060x6-512-fan-11,Ethernet325,100000,1126,Access,on
str4-7060x6-512-11,Ethernet326,str4-7060x6-512-fan-11,Ethernet326,100000,1127,Access,on
str4-7060x6-512-11,Ethernet327,str4-7060x6-512-fan-11,Ethernet327,100000,1128,Access,on
str4-7060x6-512-11,Ethernet328,str4-7060x6-512-fan-11,Ethernet328,100000,1129,Access,on
str4-7060x6-512-11,Ethernet329,str4-7060x6-512-fan-11,Ethernet329,100000,1130,Access,on
str4-7060x6-512-11,Ethernet330,str4-7060x6-512-fan-11,Ethernet330,100000,1131,Access,on
str4-7060x6-512-11,Ethernet331,str4-7060x6-512-fan-11,Ethernet331,100000,1132,Access,on
str4-7060x6-512-11,Ethernet332,str4-7060x6-512-fan-11,Ethernet332,100000,1133,Access,on
str4-7060x6-512-11,Ethernet333,str4-7060x6-512-fan-11,Ethernet333,100000,1134,Access,on
str4-7060x6-512-11,Ethernet334,str4-7060x6-512-fan-11,Ethernet334,100000,1135,Access,on
str4-7060x6-512-11,Ethernet335,str4-7060x6-512-fan-11,Ethernet335,100000,1136,Access,on
str4-7060x6-512-11,Ethernet336,str4-7060x6-512-fan-11,Ethernet336,100000,1137,Access,on
str4-7060x6-512-11,Ethernet337,str4-7060x6-512-fan-11,Ethernet337,100000,1138,Access,on
str4-7060x6-512-11,Ethernet338,str4-7060x6-512-fan-11,Ethernet338,100000,1139,Access,on
str4-7060x6-512-11,Ethernet339,str4-7060x6-512-fan-11,Ethernet339,100000,1140,Access,on
str4-7060x6-512-11,Ethernet340,str4-7060x6-512-fan-11,Ethernet340,100000,1141,Access,on
str4-7060x6-512-11,Ethernet341,str4-7060x6-512-fan-11,Ethernet341,100000,1142,Access,on
str4-7060x6-512-11,Ethernet342,str4-7060x6-512-fan-11,Ethernet342,100000,1143,Access,on
str4-7060x6-512-11,Ethernet343,str4-7060x6-512-fan-11,Ethernet343,100000,1144,Access,on
str4-7060x6-512-11,Ethernet344,str4-7060x6-512-fan-11,Ethernet344,100000,1145,Access,on
str4-7060x6-512-11,Ethernet345,str4-7060x6-512-fan-11,Ethernet345,100000,1146,Access,on
str4-7060x6-512-11,Ethernet346,str4-7060x6-512-fan-11,Ethernet346,100000,1147,Access,on
str4-7060x6-512-11,Ethernet347,str4-7060x6-512-fan-11,Ethernet347,100000,1148,Access,on
str4-7060x6-512-11,Ethernet348,str4-7060x6-512-fan-11,Ethernet348,100000,1149,Access,on
str4-7060x6-512-11,Ethernet349,str4-7060x6-512-fan-11,Ethernet349,100000,1150,Access,on
str4-7060x6-512-11,Ethernet350,str4-7060x6-512-fan-11,Ethernet350,100000,1151,Access,on
str4-7060x6-512-11,Ethernet351,str4-7060x6-512-fan-11,Ethernet351,100000,1152,Access,on
str4-7060x6-512-11,Ethernet352,str4-7060x6-512-fan-11,Ethernet352,400000,1153,Access,on
str4-7060x6-512-11,Ethernet356,str4-7060x6-512-fan-11,Ethernet356,400000,1157,Access,on
str4-7060x6-512-11,Ethernet360,str4-7060x6-512-fan-11,Ethernet360,400000,1161,Access,on
str4-7060x6-512-11,Ethernet364,str4-7060x6-512-fan-11,Ethernet364,400000,1165,Access,on
str4-7060x6-512-11,Ethernet368,str4-7060x6-512-fan-11,Ethernet368,100000,1169,Access,on
str4-7060x6-512-11,Ethernet369,str4-7060x6-512-fan-11,Ethernet369,100000,1170,Access,on
str4-7060x6-512-11,Ethernet370,str4-7060x6-512-fan-11,Ethernet370,100000,1171,Access,on
str4-7060x6-512-11,Ethernet371,str4-7060x6-512-fan-11,Ethernet371,100000,1172,Access,on
str4-7060x6-512-11,Ethernet372,str4-7060x6-512-fan-11,Ethernet372,100000,1173,Access,on
str4-7060x6-512-11,Ethernet373,str4-7060x6-512-fan-11,Ethernet373,100000,1174,Access,on
str4-7060x6-512-11,Ethernet374,str4-7060x6-512-fan-11,Ethernet374,100000,1175,Access,on
str4-7060x6-512-11,Ethernet375,str4-7060x6-512-fan-11,Ethernet375,100000,1176,Access,on
str4-7060x6-512-11,Ethernet376,str4-7060x6-512-fan-11,Ethernet376,100000,1177,Access,on
str4-7060x6-512-11,Ethernet377,str4-7060x6-512-fan-11,Ethernet377,100000,1178,Access,on
str4-7060x6-512-11,Ethernet378,str4-7060x6-512-fan-11,Ethernet378,100000,1179,Access,on
str4-7060x6-512-11,Ethernet379,str4-7060x6-512-fan-11,Ethernet379,100000,1180,Access,on
str4-7060x6-512-11,Ethernet380,str4-7060x6-512-fan-11,Ethernet380,100000,1181,Access,on
str4-7060x6-512-11,Ethernet381,str4-7060x6-512-fan-11,Ethernet381,100000,1182,Access,on
str4-7060x6-512-11,Ethernet382,str4-7060x6-512-fan-11,Ethernet382,100000,1183,Access,on
str4-7060x6-512-11,Ethernet383,str4-7060x6-512-fan-11,Ethernet383,100000,1184,Access,on
str4-7060x6-512-11,Ethernet384,str4-7060x6-512-fan-11,Ethernet384,400000,1185,Access,on
str4-7060x6-512-11,Ethernet388,str4-7060x6-512-fan-11,Ethernet388,400000,1189,Access,on
str4-7060x6-512-11,Ethernet392,str4-7060x6-512-fan-11,Ethernet392,400000,1193,Access,on
str4-7060x6-512-11,Ethernet396,str4-7060x6-512-fan-11,Ethernet396,400000,1197,Access,on
str4-7060x6-512-11,Ethernet400,str4-7060x6-512-fan-11,Ethernet400,100000,1201,Access,on
str4-7060x6-512-11,Ethernet401,str4-7060x6-512-fan-11,Ethernet401,100000,1202,Access,on
str4-7060x6-512-11,Ethernet402,str4-7060x6-512-fan-11,Ethernet402,100000,1203,Access,on
str4-7060x6-512-11,Ethernet403,str4-7060x6-512-fan-11,Ethernet403,100000,1204,Access,on
str4-7060x6-512-11,Ethernet404,str4-7060x6-512-fan-11,Ethernet404,100000,1205,Access,on
str4-7060x6-512-11,Ethernet405,str4-7060x6-512-fan-11,Ethernet405,100000,1206,Access,on
str4-7060x6-512-11,Ethernet406,str4-7060x6-512-fan-11,Ethernet406,100000,1207,Access,on
str4-7060x6-512-11,Ethernet407,str4-7060x6-512-fan-11,Ethernet407,100000,1208,Access,on
str4-7060x6-512-11,Ethernet408,str4-7060x6-512-fan-11,Ethernet408,100000,1209,Access,on
str4-7060x6-512-11,Ethernet409,str4-7060x6-512-fan-11,Ethernet409,100000,1210,Access,on
str4-7060x6-512-11,Ethernet410,str4-7060x6-512-fan-11,Ethernet410,100000,1211,Access,on
str4-7060x6-512-11,Ethernet411,str4-7060x6-512-fan-11,Ethernet411,100000,1212,Access,on
str4-7060x6-512-11,Ethernet412,str4-7060x6-512-fan-11,Ethernet412,100000,1213,Access,on
str4-7060x6-512-11,Ethernet413,str4-7060x6-512-fan-11,Ethernet413,100000,1214,Access,on
str4-7060x6-512-11,Ethernet414,str4-7060x6-512-fan-11,Ethernet414,100000,1215,Access,on
str4-7060x6-512-11,Ethernet415,str4-7060x6-512-fan-11,Ethernet415,100000,1216,Access,on
str4-7060x6-512-11,Ethernet416,str4-7060x6-512-fan-11,Ethernet416,100000,1217,Access,on
str4-7060x6-512-11,Ethernet417,str4-7060x6-512-fan-11,Ethernet417,100000,1218,Access,on
str4-7060x6-512-11,Ethernet418,str4-7060x6-512-fan-11,Ethernet418,100000,1219,Access,on
str4-7060x6-512-11,Ethernet419,str4-7060x6-512-fan-11,Ethernet419,100000,1220,Access,on
str4-7060x6-512-11,Ethernet420,str4-7060x6-512-fan-11,Ethernet420,100000,1221,Access,on
str4-7060x6-512-11,Ethernet421,str4-7060x6-512-fan-11,Ethernet421,100000,1222,Access,on
str4-7060x6-512-11,Ethernet422,str4-7060x6-512-fan-11,Ethernet422,100000,1223,Access,on
str4-7060x6-512-11,Ethernet423,str4-7060x6-512-fan-11,Ethernet423,100000,1224,Access,on
str4-7060x6-512-11,Ethernet424,str4-7060x6-512-fan-11,Ethernet424,100000,1225,Access,on
str4-7060x6-512-11,Ethernet425,str4-7060x6-512-fan-11,Ethernet425,100000,1226,Access,on
str4-7060x6-512-11,Ethernet426,str4-7060x6-512-fan-11,Ethernet426,100000,1227,Access,on
str4-7060x6-512-11,Ethernet427,str4-7060x6-512-fan-11,Ethernet427,100000,1228,Access,on
str4-7060x6-512-11,Ethernet428,str4-7060x6-512-fan-11,Ethernet428,100000,1229,Access,on
str4-7060x6-512-11,Ethernet429,str4-7060x6-512-fan-11,Ethernet429,100000,1230,Access,on
str4-7060x6-512-11,Ethernet430,str4-7060x6-512-fan-11,Ethernet430,100000,1231,Access,on
str4-7060x6-512-11,Ethernet431,str4-7060x6-512-fan-11,Ethernet431,100000,1232,Access,on
str4-7060x6-512-11,Ethernet432,str4-7060x6-512-fan-11,Ethernet432,100000,1233,Access,on
str4-7060x6-512-11,Ethernet433,str4-7060x6-512-fan-11,Ethernet433,100000,3005,Access,on
str4-7060x6-512-11,Ethernet434,str4-7060x6-512-fan-11,Ethernet434,100000,3006,Access,on
str4-7060x6-512-11,Ethernet435,str4-7060x6-512-fan-11,Ethernet435,100000,3007,Access,on
str4-7060x6-512-11,Ethernet436,str4-7060x6-512-fan-11,Ethernet436,100000,3008,Access,on
str4-7060x6-512-11,Ethernet437,str4-7060x6-512-fan-11,Ethernet437,100000,3009,Access,on
str4-7060x6-512-11,Ethernet438,str4-7060x6-512-fan-11,Ethernet438,100000,3010,Access,on
str4-7060x6-512-11,Ethernet439,str4-7060x6-512-fan-11,Ethernet439,100000,3011,Access,on
str4-7060x6-512-11,Ethernet440,str4-7060x6-512-fan-11,Ethernet440,100000,3012,Access,on
str4-7060x6-512-11,Ethernet441,str4-7060x6-512-fan-11,Ethernet441,100000,3013,Access,on
str4-7060x6-512-11,Ethernet442,str4-7060x6-512-fan-11,Ethernet442,100000,3014,Access,on
str4-7060x6-512-11,Ethernet443,str4-7060x6-512-fan-11,Ethernet443,100000,3015,Access,on
str4-7060x6-512-11,Ethernet444,str4-7060x6-512-fan-11,Ethernet444,100000,3016,Access,on
str4-7060x6-512-11,Ethernet445,str4-7060x6-512-fan-11,Ethernet445,100000,3017,Access,on
str4-7060x6-512-11,Ethernet446,str4-7060x6-512-fan-11,Ethernet446,100000,3018,Access,on
str4-7060x6-512-11,Ethernet447,str4-7060x6-512-fan-11,Ethernet447,100000,3019,Access,on
str4-7060x6-512-11,Ethernet448,str4-7060x6-512-fan-11,Ethernet448,100000,3020,Access,on
str4-7060x6-512-11,Ethernet449,str4-7060x6-512-fan-11,Ethernet449,100000,3021,Access,on
str4-7060x6-512-11,Ethernet450,str4-7060x6-512-fan-11,Ethernet450,100000,3022,Access,on
str4-7060x6-512-11,Ethernet451,str4-7060x6-512-fan-11,Ethernet451,100000,3023,Access,on
str4-7060x6-512-11,Ethernet452,str4-7060x6-512-fan-11,Ethernet452,100000,3024,Access,on
str4-7060x6-512-11,Ethernet453,str4-7060x6-512-fan-11,Ethernet453,100000,3025,Access,on
str4-7060x6-512-11,Ethernet454,str4-7060x6-512-fan-11,Ethernet454,100000,3026,Access,on
str4-7060x6-512-11,Ethernet455,str4-7060x6-512-fan-11,Ethernet455,100000,3027,Access,on
str4-7060x6-512-11,Ethernet456,str4-7060x6-512-fan-11,Ethernet456,100000,3028,Access,on
str4-7060x6-512-11,Ethernet457,str4-7060x6-512-fan-11,Ethernet457,100000,3029,Access,on
str4-7060x6-512-11,Ethernet458,str4-7060x6-512-fan-11,Ethernet458,100000,3030,Access,on
str4-7060x6-512-11,Ethernet459,str4-7060x6-512-fan-11,Ethernet459,100000,3031,Access,on
str4-7060x6-512-11,Ethernet460,str4-7060x6-512-fan-11,Ethernet460,100000,3032,Access,on
str4-7060x6-512-11,Ethernet461,str4-7060x6-512-fan-11,Ethernet461,100000,3033,Access,on
str4-7060x6-512-11,Ethernet462,str4-7060x6-512-fan-11,Ethernet462,100000,3034,Access,on
str4-7060x6-512-11,Ethernet463,str4-7060x6-512-fan-11,Ethernet463,100000,3035,Access,on
str4-7060x6-512-11,Ethernet464,str4-7060x6-512-fan-11,Ethernet464,100000,3036,Access,on
str4-7060x6-512-11,Ethernet465,str4-7060x6-512-fan-11,Ethernet465,100000,3037,Access,on
str4-7060x6-512-11,Ethernet466,str4-7060x6-512-fan-11,Ethernet466,100000,3038,Access,on
str4-7060x6-512-11,Ethernet467,str4-7060x6-512-fan-11,Ethernet467,100000,3039,Access,on
str4-7060x6-512-11,Ethernet468,str4-7060x6-512-fan-11,Ethernet468,100000,3040,Access,on
str4-7060x6-512-11,Ethernet469,str4-7060x6-512-fan-11,Ethernet469,100000,3041,Access,on
str4-7060x6-512-11,Ethernet470,str4-7060x6-512-fan-11,Ethernet470,100000,3042,Access,on
str4-7060x6-512-11,Ethernet471,str4-7060x6-512-fan-11,Ethernet471,100000,3043,Access,on
str4-7060x6-512-11,Ethernet472,str4-7060x6-512-fan-11,Ethernet472,100000,3044,Access,on
str4-7060x6-512-11,Ethernet473,str4-7060x6-512-fan-11,Ethernet473,100000,3045,Access,on
str4-7060x6-512-11,Ethernet474,str4-7060x6-512-fan-11,Ethernet474,100000,3046,Access,on
str4-7060x6-512-11,Ethernet475,str4-7060x6-512-fan-11,Ethernet475,100000,3047,Access,on
str4-7060x6-512-11,Ethernet476,str4-7060x6-512-fan-11,Ethernet476,100000,3048,Access,on
str4-7060x6-512-11,Ethernet477,str4-7060x6-512-fan-11,Ethernet477,100000,3049,Access,on
str4-7060x6-512-11,Ethernet478,str4-7060x6-512-fan-11,Ethernet478,100000,3050,Access,on
str4-7060x6-512-11,Ethernet479,str4-7060x6-512-fan-11,Ethernet479,100000,3051,Access,on
str4-7060x6-512-11,Ethernet480,str4-7060x6-512-fan-11,Ethernet480,100000,3052,Access,off
str4-7060x6-512-11,Ethernet481,str4-7060x6-512-fan-11,Ethernet481,100000,3053,Access,off
str4-7060x6-512-11,Ethernet482,str4-7060x6-512-fan-11,Ethernet482,100000,3054,Access,off
str4-7060x6-512-11,Ethernet483,str4-7060x6-512-fan-11,Ethernet483,100000,3055,Access,off
str4-7060x6-512-11,Ethernet484,str4-7060x6-512-fan-11,Ethernet484,100000,3056,Access,off
str4-7060x6-512-11,Ethernet485,str4-7060x6-512-fan-11,Ethernet485,100000,3057,Access,off
str4-7060x6-512-11,Ethernet486,str4-7060x6-512-fan-11,Ethernet486,100000,3058,Access,off
str4-7060x6-512-11,Ethernet487,str4-7060x6-512-fan-11,Ethernet487,100000,3059,Access,off
str4-7060x6-512-11,Ethernet488,str4-7060x6-512-fan-11,Ethernet488,100000,3060,Access,on
str4-7060x6-512-11,Ethernet489,str4-7060x6-512-fan-11,Ethernet489,100000,3061,Access,on
str4-7060x6-512-11,Ethernet490,str4-7060x6-512-fan-11,Ethernet490,100000,3062,Access,on
str4-7060x6-512-11,Ethernet491,str4-7060x6-512-fan-11,Ethernet491,100000,3063,Access,on
str4-7060x6-512-11,Ethernet492,str4-7060x6-512-fan-11,Ethernet492,100000,3064,Access,on
str4-7060x6-512-11,Ethernet493,str4-7060x6-512-fan-11,Ethernet493,100000,3065,Access,on
str4-7060x6-512-11,Ethernet494,str4-7060x6-512-fan-11,Ethernet494,100000,3066,Access,on
str4-7060x6-512-11,Ethernet495,str4-7060x6-512-fan-11,Ethernet495,100000,3067,Access,on
str4-7060x6-512-11,Ethernet496,str4-7060x6-64pe-fan-share-1,Ethernet64,100000,3076,Access,off
str4-7060x6-512-11,Ethernet497,str4-7060x6-64pe-fan-share-1,Ethernet65,100000,3077,Access,off
str4-7060x6-512-11,Ethernet498,str4-7060x6-64pe-fan-share-1,Ethernet66,100000,3078,Access,off
str4-7060x6-512-11,Ethernet499,str4-7060x6-64pe-fan-share-1,Ethernet67,100000,3079,Access,off
str4-7060x6-512-11,Ethernet500,str4-7060x6-64pe-fan-share-1,Ethernet68,100000,3080,Access,off
str4-7060x6-512-11,Ethernet501,str4-7060x6-64pe-fan-share-1,Ethernet69,100000,3081,Access,off
str4-7060x6-512-11,Ethernet502,str4-7060x6-64pe-fan-share-1,Ethernet70,100000,3082,Access,off
str4-7060x6-512-11,Ethernet503,str4-7060x6-64pe-fan-share-1,Ethernet71,100000,3083,Access,off
str4-7060x6-512-11,Ethernet504,str4-7060x6-512-fan-11,Ethernet504,100000,3068,Access,on
str4-7060x6-512-11,Ethernet505,str4-7060x6-512-fan-11,Ethernet505,100000,3069,Access,on
str4-7060x6-512-11,Ethernet506,str4-7060x6-512-fan-11,Ethernet506,100000,3070,Access,on
str4-7060x6-512-11,Ethernet507,str4-7060x6-512-fan-11,Ethernet507,100000,3071,Access,on
str4-7060x6-512-11,Ethernet508,str4-7060x6-512-fan-11,Ethernet508,100000,3072,Access,on
str4-7060x6-512-11,Ethernet509,str4-7060x6-512-fan-11,Ethernet509,100000,3073,Access,on
str4-7060x6-512-11,Ethernet510,str4-7060x6-512-fan-11,Ethernet510,100000,3074,Access,on
str4-7060x6-512-11,Ethernet511,str4-7060x6-512-fan-11,Ethernet511,100000,3075,Access,on
str4-7060x6-512-12,Ethernet0,str4-7060x6-512-fan-12,Ethernet0,800000,1600,Access,on
str4-7060x6-512-12,Ethernet8,str4-7060x6-512-fan-12,Ethernet8,800000,1601,Access,on
str4-7060x6-512-12,Ethernet16,str4-7060x6-512-fan-12,Ethernet16,800000,1602,Access,on
str4-7060x6-512-12,Ethernet24,str4-7060x6-512-fan-12,Ethernet24,800000,1603,Access,on
str4-7060x6-512-12,Ethernet32,str4-7060x6-512-fan-12,Ethernet32,800000,1604,Access,on
str4-7060x6-512-12,Ethernet40,str4-7060x6-512-fan-12,Ethernet40,800000,1605,Access,on
str4-7060x6-512-12,Ethernet48,str4-7060x6-512-fan-12,Ethernet48,800000,1606,Access,on
str4-7060x6-512-12,Ethernet56,str4-7060x6-512-fan-12,Ethernet56,800000,1607,Access,on
str4-7060x6-512-12,Ethernet64,str4-7060x6-512-fan-12,Ethernet64,800000,1608,Access,on
str4-7060x6-512-12,Ethernet72,str4-7060x6-512-fan-12,Ethernet72,800000,1609,Access,on
str4-7060x6-512-12,Ethernet80,str4-7060x6-512-fan-12,Ethernet80,800000,1610,Access,on
str4-7060x6-512-12,Ethernet88,str4-7060x6-512-fan-12,Ethernet88,800000,1611,Access,on
str4-7060x6-512-12,Ethernet96,str4-7060x6-512-fan-12,Ethernet96,800000,1612,Access,on
str4-7060x6-512-12,Ethernet104,str4-7060x6-512-fan-12,Ethernet104,800000,1613,Access,on
str4-7060x6-512-12,Ethernet112,str4-7060x6-512-fan-12,Ethernet112,800000,1614,Access,on
str4-7060x6-512-12,Ethernet120,str4-7060x6-512-fan-12,Ethernet120,800000,1615,Access,on
str4-7060x6-512-12,Ethernet128,str4-7060x6-512-fan-12,Ethernet128,800000,1616,Access,on
str4-7060x6-512-12,Ethernet136,str4-7060x6-512-fan-12,Ethernet136,800000,1617,Access,on
str4-7060x6-512-12,Ethernet144,str4-7060x6-512-fan-12,Ethernet144,800000,1618,Access,on
str4-7060x6-512-12,Ethernet152,str4-7060x6-512-fan-12,Ethernet152,800000,1619,Access,on
str4-7060x6-512-12,Ethernet160,str4-7060x6-512-fan-12,Ethernet160,800000,1620,Access,on
str4-7060x6-512-12,Ethernet168,str4-7060x6-512-fan-12,Ethernet168,800000,1621,Access,on
str4-7060x6-512-12,Ethernet176,str4-7060x6-512-fan-12,Ethernet176,800000,1622,Access,on
str4-7060x6-512-12,Ethernet184,str4-7060x6-512-fan-12,Ethernet184,800000,1623,Access,on
str4-7060x6-512-12,Ethernet192,str4-7060x6-512-fan-12,Ethernet192,800000,1624,Access,on
str4-7060x6-512-12,Ethernet200,str4-7060x6-512-fan-12,Ethernet200,800000,1625,Access,on
str4-7060x6-512-12,Ethernet208,str4-7060x6-512-fan-12,Ethernet208,800000,1626,Access,on
str4-7060x6-512-12,Ethernet216,str4-7060x6-512-fan-12,Ethernet216,800000,1627,Access,on
str4-7060x6-512-12,Ethernet224,str4-7060x6-512-fan-12,Ethernet224,800000,1628,Access,on
str4-7060x6-512-12,Ethernet232,str4-7060x6-512-fan-12,Ethernet232,800000,1629,Access,on
str4-7060x6-512-12,Ethernet240,str4-7060x6-512-fan-12,Ethernet240,800000,1630,Access,on
str4-7060x6-512-12,Ethernet256,str4-7060x6-512-fan-12,Ethernet256,200000,1632,Access,off,on
str4-7060x6-512-12,Ethernet258,str4-7060x6-512-fan-12,Ethernet258,200000,1633,Access,off,on
str4-7060x6-512-12,Ethernet260,str4-7060x6-512-fan-12,Ethernet260,200000,1634,Access,off,on
str4-7060x6-512-12,Ethernet262,str4-7060x6-512-fan-12,Ethernet262,200000,1635,Access,off,on
str4-7060x6-512-12,Ethernet264,str4-7060x6-512-fan-12,Ethernet264,200000,1636,Access,off,on
str4-7060x6-512-12,Ethernet266,str4-7060x6-512-fan-12,Ethernet266,200000,1637,Access,off,on
str4-7060x6-512-12,Ethernet268,str4-7060x6-512-fan-12,Ethernet268,200000,1638,Access,off,on
str4-7060x6-512-12,Ethernet270,str4-7060x6-512-fan-12,Ethernet270,200000,1639,Access,off,on
str4-7060x6-512-12,Ethernet272,str4-7060x6-512-fan-12,Ethernet272,200000,1640,Access,off,on
str4-7060x6-512-12,Ethernet274,str4-7060x6-512-fan-12,Ethernet274,200000,1641,Access,off,on
str4-7060x6-512-12,Ethernet276,str4-7060x6-512-fan-12,Ethernet276,200000,1642,Access,off,on
str4-7060x6-512-12,Ethernet278,str4-7060x6-512-fan-12,Ethernet278,200000,1643,Access,off,on
str4-7060x6-512-12,Ethernet280,str4-7060x6-512-fan-12,Ethernet280,200000,1644,Access,off,on
str4-7060x6-512-12,Ethernet282,str4-7060x6-512-fan-12,Ethernet282,200000,1645,Access,off,on
str4-7060x6-512-12,Ethernet284,str4-7060x6-512-fan-12,Ethernet284,200000,1646,Access,off,on
str4-7060x6-512-12,Ethernet286,str4-7060x6-512-fan-12,Ethernet286,200000,1647,Access,off,on
str4-7060x6-512-12,Ethernet288,str4-7060x6-512-fan-12,Ethernet288,200000,1648,Access,off,on
str4-7060x6-512-12,Ethernet290,str4-7060x6-512-fan-12,Ethernet290,200000,1649,Access,off,on
str4-7060x6-512-12,Ethernet292,str4-7060x6-512-fan-12,Ethernet292,200000,1650,Access,off,on
str4-7060x6-512-12,Ethernet294,str4-7060x6-512-fan-12,Ethernet294,200000,1651,Access,off,on
str4-7060x6-512-12,Ethernet296,str4-7060x6-512-fan-12,Ethernet296,200000,1652,Access,off,on
str4-7060x6-512-12,Ethernet298,str4-7060x6-512-fan-12,Ethernet298,200000,1653,Access,off,on
str4-7060x6-512-12,Ethernet300,str4-7060x6-512-fan-12,Ethernet300,200000,1654,Access,off,on
str4-7060x6-512-12,Ethernet302,str4-7060x6-512-fan-12,Ethernet302,200000,1655,Access,off,on
str4-7060x6-512-12,Ethernet304,str4-7060x6-512-fan-12,Ethernet304,200000,1656,Access,off,on
str4-7060x6-512-12,Ethernet306,str4-7060x6-512-fan-12,Ethernet306,200000,1657,Access,off,on
str4-7060x6-512-12,Ethernet308,str4-7060x6-512-fan-12,Ethernet308,200000,1658,Access,off,on
str4-7060x6-512-12,Ethernet310,str4-7060x6-512-fan-12,Ethernet310,200000,1659,Access,off,on
str4-7060x6-512-12,Ethernet312,str4-7060x6-512-fan-12,Ethernet312,200000,1660,Access,off,on
str4-7060x6-512-12,Ethernet314,str4-7060x6-512-fan-12,Ethernet314,200000,1661,Access,off,on
str4-7060x6-512-12,Ethernet316,str4-7060x6-512-fan-12,Ethernet316,200000,1662,Access,off,on
str4-7060x6-512-12,Ethernet318,str4-7060x6-512-fan-12,Ethernet318,200000,1663,Access,off,on
str4-7060x6-512-12,Ethernet320,str4-7060x6-512-fan-12,Ethernet320,200000,1664,Access,off,on
str4-7060x6-512-12,Ethernet322,str4-7060x6-512-fan-12,Ethernet322,200000,1665,Access,off,on
str4-7060x6-512-12,Ethernet324,str4-7060x6-512-fan-12,Ethernet324,200000,1666,Access,off,on
str4-7060x6-512-12,Ethernet326,str4-7060x6-512-fan-12,Ethernet326,200000,1667,Access,off,on
str4-7060x6-512-12,Ethernet328,str4-7060x6-512-fan-12,Ethernet328,200000,1668,Access,off,on
str4-7060x6-512-12,Ethernet330,str4-7060x6-512-fan-12,Ethernet330,200000,1669,Access,off,on
str4-7060x6-512-12,Ethernet332,str4-7060x6-512-fan-12,Ethernet332,200000,1670,Access,off,on
str4-7060x6-512-12,Ethernet334,str4-7060x6-512-fan-12,Ethernet334,200000,1671,Access,off,on
str4-7060x6-512-12,Ethernet336,str4-7060x6-512-fan-12,Ethernet336,200000,1672,Access,off,on
str4-7060x6-512-12,Ethernet338,str4-7060x6-512-fan-12,Ethernet338,200000,1673,Access,off,on
str4-7060x6-512-12,Ethernet340,str4-7060x6-512-fan-12,Ethernet340,200000,1674,Access,off,on
str4-7060x6-512-12,Ethernet342,str4-7060x6-512-fan-12,Ethernet342,200000,1675,Access,off,on
str4-7060x6-512-12,Ethernet344,str4-7060x6-512-fan-12,Ethernet344,200000,1676,Access,off,on
str4-7060x6-512-12,Ethernet346,str4-7060x6-512-fan-12,Ethernet346,200000,1677,Access,off,on
str4-7060x6-512-12,Ethernet348,str4-7060x6-512-fan-12,Ethernet348,200000,1678,Access,off,on
str4-7060x6-512-12,Ethernet350,str4-7060x6-512-fan-12,Ethernet350,200000,1679,Access,off,on
str4-7060x6-512-12,Ethernet352,str4-7060x6-512-fan-12,Ethernet352,200000,1680,Access,off,on
str4-7060x6-512-12,Ethernet354,str4-7060x6-512-fan-12,Ethernet354,200000,1681,Access,off,on
str4-7060x6-512-12,Ethernet356,str4-7060x6-512-fan-12,Ethernet356,200000,1682,Access,off,on
str4-7060x6-512-12,Ethernet358,str4-7060x6-512-fan-12,Ethernet358,200000,1683,Access,off,on
str4-7060x6-512-12,Ethernet360,str4-7060x6-512-fan-12,Ethernet360,200000,1684,Access,off,on
str4-7060x6-512-12,Ethernet362,str4-7060x6-512-fan-12,Ethernet362,200000,1685,Access,off,on
str4-7060x6-512-12,Ethernet364,str4-7060x6-512-fan-12,Ethernet364,200000,1686,Access,off,on
str4-7060x6-512-12,Ethernet366,str4-7060x6-512-fan-12,Ethernet366,200000,1687,Access,off,on
str4-7060x6-512-12,Ethernet368,str4-7060x6-512-fan-12,Ethernet368,200000,1688,Access,off,on
str4-7060x6-512-12,Ethernet370,str4-7060x6-512-fan-12,Ethernet370,200000,1689,Access,off,on
str4-7060x6-512-12,Ethernet372,str4-7060x6-512-fan-12,Ethernet372,200000,1690,Access,off,on
str4-7060x6-512-12,Ethernet374,str4-7060x6-512-fan-12,Ethernet374,200000,1691,Access,off,on
str4-7060x6-512-12,Ethernet376,str4-7060x6-512-fan-12,Ethernet376,200000,1692,Access,off,on
str4-7060x6-512-12,Ethernet378,str4-7060x6-512-fan-12,Ethernet378,200000,1693,Access,off,on
str4-7060x6-512-12,Ethernet380,str4-7060x6-512-fan-12,Ethernet380,200000,1694,Access,off,on
str4-7060x6-512-12,Ethernet382,str4-7060x6-512-fan-12,Ethernet382,200000,1695,Access,off,on
str4-7060x6-512-12,Ethernet384,str4-7060x6-512-fan-12,Ethernet384,200000,1696,Access,off,on
str4-7060x6-512-12,Ethernet386,str4-7060x6-512-fan-12,Ethernet386,200000,1697,Access,off,on
str4-7060x6-512-12,Ethernet388,str4-7060x6-512-fan-12,Ethernet388,200000,1698,Access,off,on
str4-7060x6-512-12,Ethernet390,str4-7060x6-512-fan-12,Ethernet390,200000,1699,Access,off,on
str4-7060x6-512-12,Ethernet392,str4-7060x6-512-fan-12,Ethernet392,200000,1700,Access,off,on
str4-7060x6-512-12,Ethernet394,str4-7060x6-512-fan-12,Ethernet394,200000,1701,Access,off,on
str4-7060x6-512-12,Ethernet396,str4-7060x6-512-fan-12,Ethernet396,200000,1702,Access,off,on
str4-7060x6-512-12,Ethernet398,str4-7060x6-512-fan-12,Ethernet398,200000,1703,Access,off,on
str4-7060x6-512-12,Ethernet400,str4-7060x6-512-fan-12,Ethernet400,200000,1704,Access,off,on
str4-7060x6-512-12,Ethernet402,str4-7060x6-512-fan-12,Ethernet402,200000,1705,Access,off,on
str4-7060x6-512-12,Ethernet404,str4-7060x6-512-fan-12,Ethernet404,200000,1706,Access,off,on
str4-7060x6-512-12,Ethernet406,str4-7060x6-512-fan-12,Ethernet406,200000,1707,Access,off,on
str4-7060x6-512-12,Ethernet408,str4-7060x6-512-fan-12,Ethernet408,200000,1708,Access,off,on
str4-7060x6-512-12,Ethernet410,str4-7060x6-512-fan-12,Ethernet410,200000,1709,Access,off,on
str4-7060x6-512-12,Ethernet412,str4-7060x6-512-fan-12,Ethernet412,200000,1710,Access,off,on
str4-7060x6-512-12,Ethernet414,str4-7060x6-512-fan-12,Ethernet414,200000,1711,Access,off,on
str4-7060x6-512-12,Ethernet416,str4-7060x6-512-fan-12,Ethernet416,200000,1712,Access,off,on
str4-7060x6-512-12,Ethernet418,str4-7060x6-512-fan-12,Ethernet418,200000,1713,Access,off,on
str4-7060x6-512-12,Ethernet420,str4-7060x6-512-fan-12,Ethernet420,200000,1714,Access,off,on
str4-7060x6-512-12,Ethernet422,str4-7060x6-512-fan-12,Ethernet422,200000,1715,Access,off,on
str4-7060x6-512-12,Ethernet424,str4-7060x6-512-fan-12,Ethernet424,200000,1716,Access,off,on
str4-7060x6-512-12,Ethernet426,str4-7060x6-512-fan-12,Ethernet426,200000,1717,Access,off,on
str4-7060x6-512-12,Ethernet428,str4-7060x6-512-fan-12,Ethernet428,200000,1718,Access,off,on
str4-7060x6-512-12,Ethernet430,str4-7060x6-512-fan-12,Ethernet430,200000,1719,Access,off,on
str4-7060x6-512-12,Ethernet432,str4-7060x6-512-fan-12,Ethernet432,200000,1720,Access,off,on
str4-7060x6-512-12,Ethernet434,str4-7060x6-512-fan-12,Ethernet434,200000,1721,Access,off,on
str4-7060x6-512-12,Ethernet436,str4-7060x6-512-fan-12,Ethernet436,200000,1722,Access,off,on
str4-7060x6-512-12,Ethernet438,str4-7060x6-512-fan-12,Ethernet438,200000,1723,Access,off,on
str4-7060x6-512-12,Ethernet440,str4-7060x6-512-fan-12,Ethernet440,200000,1724,Access,off,on
str4-7060x6-512-12,Ethernet442,str4-7060x6-512-fan-12,Ethernet442,200000,1725,Access,off,on
str4-7060x6-512-12,Ethernet444,str4-7060x6-512-fan-12,Ethernet444,200000,1726,Access,off,on
str4-7060x6-512-12,Ethernet446,str4-7060x6-512-fan-12,Ethernet446,200000,1727,Access,off,on
str4-7060x6-512-12,Ethernet448,str4-7060x6-512-fan-12,Ethernet448,200000,1728,Access,off,on
str4-7060x6-512-12,Ethernet450,str4-7060x6-512-fan-12,Ethernet450,200000,1729,Access,off,on
str4-7060x6-512-12,Ethernet452,str4-7060x6-512-fan-12,Ethernet452,200000,1730,Access,off,on
str4-7060x6-512-12,Ethernet454,str4-7060x6-512-fan-12,Ethernet454,200000,1731,Access,off,on
str4-7060x6-512-12,Ethernet456,str4-7060x6-512-fan-12,Ethernet456,200000,1732,Access,off,on
str4-7060x6-512-12,Ethernet458,str4-7060x6-512-fan-12,Ethernet458,200000,1733,Access,off,on
str4-7060x6-512-12,Ethernet460,str4-7060x6-512-fan-12,Ethernet460,200000,1734,Access,off,on
str4-7060x6-512-12,Ethernet462,str4-7060x6-512-fan-12,Ethernet462,200000,1735,Access,off,on
str4-7060x6-512-12,Ethernet464,str4-7060x6-512-fan-12,Ethernet464,200000,1736,Access,off,on
str4-7060x6-512-12,Ethernet466,str4-7060x6-512-fan-12,Ethernet466,200000,1737,Access,off,on
str4-7060x6-512-12,Ethernet468,str4-7060x6-512-fan-12,Ethernet468,200000,1738,Access,off,on
str4-7060x6-512-12,Ethernet470,str4-7060x6-512-fan-12,Ethernet470,200000,1739,Access,off,on
str4-7060x6-512-12,Ethernet472,str4-7060x6-512-fan-12,Ethernet472,200000,1740,Access,off,on
str4-7060x6-512-12,Ethernet474,str4-7060x6-512-fan-12,Ethernet474,200000,1741,Access,off,on
str4-7060x6-512-12,Ethernet476,str4-7060x6-512-fan-12,Ethernet476,200000,1742,Access,off,on
str4-7060x6-512-12,Ethernet478,str4-7060x6-512-fan-12,Ethernet478,200000,1743,Access,off,on
str4-7060x6-512-12,Ethernet480,str4-7060x6-512-fan-12,Ethernet480,200000,1744,Access,off,on
str4-7060x6-512-12,Ethernet482,str4-7060x6-512-fan-12,Ethernet482,200000,1745,Access,off,on
str4-7060x6-512-12,Ethernet484,str4-7060x6-512-fan-12,Ethernet484,200000,1746,Access,off,on
str4-7060x6-512-12,Ethernet486,str4-7060x6-512-fan-12,Ethernet486,200000,1747,Access,off,on
str4-7060x6-512-12,Ethernet488,str4-7060x6-512-fan-12,Ethernet488,200000,1748,Access,off,on
str4-7060x6-512-12,Ethernet490,str4-7060x6-512-fan-12,Ethernet490,200000,1749,Access,off,on
str4-7060x6-512-12,Ethernet492,str4-7060x6-512-fan-12,Ethernet492,200000,1750,Access,off,on
str4-7060x6-512-12,Ethernet494,str4-7060x6-512-fan-12,Ethernet494,200000,1751,Access,off,on
str4-7060x6-512-12,Ethernet496,str4-7060x6-512-fan-12,Ethernet496,200000,1752,Access,off,on
str4-7060x6-512-12,Ethernet498,str4-7060x6-512-fan-12,Ethernet498,200000,1753,Access,off,on
str4-7060x6-512-12,Ethernet500,str4-7060x6-512-fan-12,Ethernet500,200000,1754,Access,off,on
str4-7060x6-512-12,Ethernet502,str4-7060x6-512-fan-12,Ethernet502,200000,1755,Access,off,on
str4-7060x6-512-12,Ethernet504,str4-7060x6-512-fan-12,Ethernet504,200000,1756,Access,off,on
str4-7060x6-512-12,Ethernet506,str4-7060x6-512-fan-12,Ethernet506,200000,1757,Access,off,on
str4-7060x6-512-12,Ethernet508,str4-7060x6-512-fan-12,Ethernet508,200000,1758,Access,off,on
str4-7060x6-512-12,Ethernet510,str4-7060x6-512-fan-12,Ethernet510,200000,1759,Access,off,on
str4-7060x6-512-13,Ethernet0,str4-7060x6-512-fan-13,Ethernet0,800000,1760,Access,on
str4-7060x6-512-13,Ethernet8,str4-7060x6-512-fan-13,Ethernet8,800000,1761,Access,on
str4-7060x6-512-13,Ethernet16,str4-7060x6-512-fan-13,Ethernet16,800000,1762,Access,on
str4-7060x6-512-13,Ethernet24,str4-7060x6-512-fan-13,Ethernet24,800000,1763,Access,on
str4-7060x6-512-13,Ethernet32,str4-7060x6-512-fan-13,Ethernet32,800000,1764,Access,on
str4-7060x6-512-13,Ethernet40,str4-7060x6-512-fan-13,Ethernet40,800000,1765,Access,on
str4-7060x6-512-13,Ethernet48,str4-7060x6-512-fan-13,Ethernet48,800000,1766,Access,on
str4-7060x6-512-13,Ethernet56,str4-7060x6-512-fan-13,Ethernet56,800000,1767,Access,on
str4-7060x6-512-13,Ethernet64,str4-7060x6-512-fan-13,Ethernet64,800000,1768,Access,on
str4-7060x6-512-13,Ethernet72,str4-7060x6-512-fan-13,Ethernet72,800000,1769,Access,on
str4-7060x6-512-13,Ethernet80,str4-7060x6-512-fan-13,Ethernet80,800000,1770,Access,on
str4-7060x6-512-13,Ethernet88,str4-7060x6-512-fan-13,Ethernet88,800000,1771,Access,on
str4-7060x6-512-13,Ethernet96,str4-7060x6-512-fan-13,Ethernet96,800000,1772,Access,on
str4-7060x6-512-13,Ethernet104,str4-7060x6-512-fan-13,Ethernet104,800000,1773,Access,on
str4-7060x6-512-13,Ethernet112,str4-7060x6-512-fan-13,Ethernet112,800000,1774,Access,on
str4-7060x6-512-13,Ethernet120,str4-7060x6-512-fan-13,Ethernet120,800000,1775,Access,on
str4-7060x6-512-13,Ethernet128,str4-7060x6-512-fan-13,Ethernet128,800000,1776,Access,on
str4-7060x6-512-13,Ethernet136,str4-7060x6-512-fan-13,Ethernet136,800000,1777,Access,on
str4-7060x6-512-13,Ethernet144,str4-7060x6-512-fan-13,Ethernet144,800000,1778,Access,on
str4-7060x6-512-13,Ethernet152,str4-7060x6-512-fan-13,Ethernet152,800000,1779,Access,on
str4-7060x6-512-13,Ethernet160,str4-7060x6-512-fan-13,Ethernet160,800000,1780,Access,on
str4-7060x6-512-13,Ethernet168,str4-7060x6-512-fan-13,Ethernet168,800000,1781,Access,on
str4-7060x6-512-13,Ethernet176,str4-7060x6-512-fan-13,Ethernet176,800000,1782,Access,on
str4-7060x6-512-13,Ethernet184,str4-7060x6-512-fan-13,Ethernet184,800000,1783,Access,on
str4-7060x6-512-13,Ethernet192,str4-7060x6-512-fan-13,Ethernet192,800000,1784,Access,on
str4-7060x6-512-13,Ethernet200,str4-7060x6-512-fan-13,Ethernet200,800000,1785,Access,on
str4-7060x6-512-13,Ethernet208,str4-7060x6-512-fan-13,Ethernet208,800000,1786,Access,on
str4-7060x6-512-13,Ethernet216,str4-7060x6-512-fan-13,Ethernet216,800000,1787,Access,on
str4-7060x6-512-13,Ethernet224,str4-7060x6-512-fan-13,Ethernet224,800000,1788,Access,on
str4-7060x6-512-13,Ethernet232,str4-7060x6-512-fan-13,Ethernet232,800000,1789,Access,on
str4-7060x6-512-13,Ethernet240,str4-7060x6-512-fan-13,Ethernet240,800000,1790,Access,on
str4-7060x6-512-13,Ethernet256,str4-7060x6-512-fan-13,Ethernet256,400000,1792,Access,on
str4-7060x6-512-13,Ethernet260,str4-7060x6-512-fan-13,Ethernet260,400000,1793,Access,on
str4-7060x6-512-13,Ethernet264,str4-7060x6-512-fan-13,Ethernet264,400000,1794,Access,on
str4-7060x6-512-13,Ethernet268,str4-7060x6-512-fan-13,Ethernet268,400000,1795,Access,on
str4-7060x6-512-13,Ethernet272,str4-7060x6-512-fan-13,Ethernet272,400000,1796,Access,on
str4-7060x6-512-13,Ethernet276,str4-7060x6-512-fan-13,Ethernet276,400000,1797,Access,on
str4-7060x6-512-13,Ethernet280,str4-7060x6-512-fan-13,Ethernet280,400000,1798,Access,on
str4-7060x6-512-13,Ethernet284,str4-7060x6-512-fan-13,Ethernet284,400000,1799,Access,on
str4-7060x6-512-13,Ethernet288,str4-7060x6-512-fan-13,Ethernet288,400000,1800,Access,on
str4-7060x6-512-13,Ethernet292,str4-7060x6-512-fan-13,Ethernet292,400000,1801,Access,on
str4-7060x6-512-13,Ethernet296,str4-7060x6-512-fan-13,Ethernet296,400000,1802,Access,on
str4-7060x6-512-13,Ethernet300,str4-7060x6-512-fan-13,Ethernet300,400000,1803,Access,on
str4-7060x6-512-13,Ethernet304,str4-7060x6-512-fan-13,Ethernet304,400000,1804,Access,on
str4-7060x6-512-13,Ethernet308,str4-7060x6-512-fan-13,Ethernet308,400000,1805,Access,on
str4-7060x6-512-13,Ethernet312,str4-7060x6-512-fan-13,Ethernet312,400000,1806,Access,on
str4-7060x6-512-13,Ethernet316,str4-7060x6-512-fan-13,Ethernet316,400000,1807,Access,on
str4-7060x6-512-13,Ethernet320,str4-7060x6-512-fan-13,Ethernet320,400000,1808,Access,on
str4-7060x6-512-13,Ethernet324,str4-7060x6-512-fan-13,Ethernet324,400000,1809,Access,on
str4-7060x6-512-13,Ethernet328,str4-7060x6-512-fan-13,Ethernet328,400000,1810,Access,on
str4-7060x6-512-13,Ethernet332,str4-7060x6-512-fan-13,Ethernet332,400000,1811,Access,on
str4-7060x6-512-13,Ethernet336,str4-7060x6-512-fan-13,Ethernet336,400000,1812,Access,on
str4-7060x6-512-13,Ethernet340,str4-7060x6-512-fan-13,Ethernet340,400000,1813,Access,on
str4-7060x6-512-13,Ethernet344,str4-7060x6-512-fan-13,Ethernet344,400000,1814,Access,on
str4-7060x6-512-13,Ethernet348,str4-7060x6-512-fan-13,Ethernet348,400000,1815,Access,on
str4-7060x6-512-13,Ethernet352,str4-7060x6-512-fan-13,Ethernet352,400000,1816,Access,on
str4-7060x6-512-13,Ethernet356,str4-7060x6-512-fan-13,Ethernet356,400000,1817,Access,on
str4-7060x6-512-13,Ethernet360,str4-7060x6-512-fan-13,Ethernet360,400000,1818,Access,on
str4-7060x6-512-13,Ethernet364,str4-7060x6-512-fan-13,Ethernet364,400000,1819,Access,on
str4-7060x6-512-13,Ethernet368,str4-7060x6-512-fan-13,Ethernet368,400000,1820,Access,on
str4-7060x6-512-13,Ethernet372,str4-7060x6-512-fan-13,Ethernet372,400000,1821,Access,on
str4-7060x6-512-13,Ethernet376,str4-7060x6-512-fan-13,Ethernet376,400000,1822,Access,on
str4-7060x6-512-13,Ethernet380,str4-7060x6-512-fan-13,Ethernet380,400000,1823,Access,on
str4-7060x6-512-13,Ethernet384,str4-7060x6-512-fan-13,Ethernet384,400000,1824,Access,on
str4-7060x6-512-13,Ethernet388,str4-7060x6-512-fan-13,Ethernet388,400000,1825,Access,on
str4-7060x6-512-13,Ethernet392,str4-7060x6-512-fan-13,Ethernet392,400000,1826,Access,on
str4-7060x6-512-13,Ethernet396,str4-7060x6-512-fan-13,Ethernet396,400000,1827,Access,on
str4-7060x6-512-13,Ethernet400,str4-7060x6-512-fan-13,Ethernet400,400000,1828,Access,on
str4-7060x6-512-13,Ethernet404,str4-7060x6-512-fan-13,Ethernet404,400000,1829,Access,on
str4-7060x6-512-13,Ethernet408,str4-7060x6-512-fan-13,Ethernet408,400000,1830,Access,on
str4-7060x6-512-13,Ethernet412,str4-7060x6-512-fan-13,Ethernet412,400000,1831,Access,on
str4-7060x6-512-13,Ethernet416,str4-7060x6-512-fan-13,Ethernet416,400000,1832,Access,on
str4-7060x6-512-13,Ethernet420,str4-7060x6-512-fan-13,Ethernet420,400000,1833,Access,on
str4-7060x6-512-13,Ethernet424,str4-7060x6-512-fan-13,Ethernet424,400000,1834,Access,on
str4-7060x6-512-13,Ethernet428,str4-7060x6-512-fan-13,Ethernet428,400000,1835,Access,on
str4-7060x6-512-13,Ethernet432,str4-7060x6-512-fan-13,Ethernet432,400000,1836,Access,on
str4-7060x6-512-13,Ethernet436,str4-7060x6-512-fan-13,Ethernet436,400000,1837,Access,on
str4-7060x6-512-13,Ethernet440,str4-7060x6-512-fan-13,Ethernet440,400000,1838,Access,on
str4-7060x6-512-13,Ethernet444,str4-7060x6-512-fan-13,Ethernet444,400000,1839,Access,on
str4-7060x6-512-13,Ethernet448,str4-7060x6-512-fan-13,Ethernet448,400000,1840,Access,on
str4-7060x6-512-13,Ethernet452,str4-7060x6-512-fan-13,Ethernet452,400000,1841,Access,on
str4-7060x6-512-13,Ethernet456,str4-7060x6-512-fan-13,Ethernet456,400000,1842,Access,on
str4-7060x6-512-13,Ethernet460,str4-7060x6-512-fan-13,Ethernet460,400000,1843,Access,on
str4-7060x6-512-13,Ethernet464,str4-7060x6-512-fan-13,Ethernet464,400000,1844,Access,on
str4-7060x6-512-13,Ethernet468,str4-7060x6-512-fan-13,Ethernet468,400000,1845,Access,on
str4-7060x6-512-13,Ethernet472,str4-7060x6-512-fan-13,Ethernet472,400000,1846,Access,on
str4-7060x6-512-13,Ethernet476,str4-7060x6-512-fan-13,Ethernet476,400000,1847,Access,on
str4-7060x6-512-13,Ethernet480,str4-7060x6-512-fan-13,Ethernet480,400000,1848,Access,on
str4-7060x6-512-13,Ethernet484,str4-7060x6-512-fan-13,Ethernet484,400000,1849,Access,on
str4-7060x6-512-13,Ethernet488,str4-7060x6-512-fan-13,Ethernet488,400000,1850,Access,on
str4-7060x6-512-13,Ethernet492,str4-7060x6-512-fan-13,Ethernet492,400000,1851,Access,on
str4-7060x6-512-13,Ethernet496,str4-7060x6-512-fan-13,Ethernet496,400000,1852,Access,on
str4-7060x6-512-13,Ethernet500,str4-7060x6-512-fan-13,Ethernet500,400000,1853,Access,on
str4-7060x6-512-13,Ethernet504,str4-7060x6-512-fan-13,Ethernet504,400000,1854,Access,on
str4-7060x6-512-13,Ethernet508,str4-7060x6-512-fan-13,Ethernet508,400000,1855,Access,on
str4-7050cx3-c28s4-1,Ethernet0,str4-7050cx3-fan-1,Ethernet0,100000,2400,Access,
str4-7050cx3-c28s4-1,Ethernet4,str4-7050cx3-fan-1,Ethernet4,100000,2401,Access,
str4-7050cx3-c28s4-1,Ethernet8,str4-7050cx3-fan-1,Ethernet8,100000,2402,Access,
str4-7050cx3-c28s4-1,Ethernet12,str4-7050cx3-fan-1,Ethernet12,100000,2403,Access,
str4-7050cx3-c28s4-1,Ethernet16,str4-7050cx3-fan-1,Ethernet16,100000,2404,Access,
str4-7050cx3-c28s4-1,Ethernet20,str4-7050cx3-fan-1,Ethernet20,100000,2405,Access,
str4-7050cx3-c28s4-1,Ethernet24,str4-7050cx3-fan-1,Ethernet24,100000,2406,Access,
str4-7050cx3-c28s4-1,Ethernet28,str4-7050cx3-fan-1,Ethernet28,100000,2407,Access,
str4-7050cx3-c28s4-1,Ethernet32,str4-7050cx3-fan-1,Ethernet32,100000,2408,Access,
str4-7050cx3-c28s4-1,Ethernet36,str4-7050cx3-fan-1,Ethernet36,100000,2409,Access,
str4-7050cx3-c28s4-1,Ethernet40,str4-7050cx3-fan-1,Ethernet40,100000,2410,Access,
str4-7050cx3-c28s4-1,Ethernet44,str4-7050cx3-fan-1,Ethernet44,100000,2411,Access,
str4-7050cx3-c28s4-1,Ethernet48,str4-7050cx3-fan-1,Ethernet48,100000,2412,Access,
str4-7050cx3-c28s4-1,Ethernet52,str4-7050cx3-fan-1,Ethernet52,100000,2413,Access,
str4-7050cx3-c28s4-1,Ethernet56,str4-7050cx3-fan-1,Ethernet56,10000,2414,Access,
str4-7050cx3-c28s4-1,Ethernet60,str4-7050cx3-fan-1,Ethernet60,10000,2415,Access,
str4-7050cx3-c28s4-1,Ethernet64,str4-7050cx3-fan-1,Ethernet64,10000,2416,Access,
str4-7050cx3-c28s4-1,Ethernet68,str4-7050cx3-fan-1,Ethernet68,10000,2417,Access,
str4-7050cx3-c28s4-1,Ethernet72,str4-7050cx3-fan-1,Ethernet72,100000,2418,Access,
str4-7050cx3-c28s4-1,Ethernet76,str4-7050cx3-fan-1,Ethernet76,100000,2419,Access,
str4-7050cx3-c28s4-1,Ethernet80,str4-7050cx3-fan-1,Ethernet80,100000,2420,Access,
str4-7050cx3-c28s4-1,Ethernet84,str4-7050cx3-fan-1,Ethernet84,100000,2421,Access,
str4-7050cx3-c28s4-1,Ethernet88,str4-7050cx3-fan-1,Ethernet88,100000,2422,Access,
str4-7050cx3-c28s4-1,Ethernet92,str4-7050cx3-fan-1,Ethernet92,100000,2423,Access,
str4-7050cx3-c28s4-1,Ethernet96,str4-7050cx3-fan-1,Ethernet96,100000,2424,Access,
str4-7050cx3-c28s4-1,Ethernet100,str4-7050cx3-fan-1,Ethernet100,100000,2425,Access,
str4-7050cx3-c28s4-1,Ethernet104,str4-7050cx3-fan-1,Ethernet104,100000,2426,Access,
str4-7050cx3-c28s4-1,Ethernet108,str4-7050cx3-fan-1,Ethernet108,100000,2427,Access,
str4-7050cx3-c28s4-1,Ethernet112,str4-7050cx3-fan-1,Ethernet112,100000,2428,Access,
str4-7050cx3-c28s4-1,Ethernet116,str4-7050cx3-fan-1,Ethernet116,100000,2429,Access,
str4-7050cx3-c28s4-1,Ethernet120,str4-7050cx3-fan-1,Ethernet120,100000,2430,Access,
str4-7050cx3-c28s4-1,Ethernet124,str4-7050cx3-fan-1,Ethernet124,100000,2431,Access,
str4-7060x6-64pe-11,Ethernet0,str4-7060x6-64pe-fan-11,Ethernet0,100000,2747,Access,
str4-7060x6-64pe-11,Ethernet1,str4-7060x6-64pe-fan-11,Ethernet1,100000,2748,Access,
str4-7060x6-64pe-11,Ethernet2,str4-7060x6-64pe-fan-11,Ethernet2,100000,2749,Access,
str4-7060x6-64pe-11,Ethernet3,str4-7060x6-64pe-fan-11,Ethernet3,100000,2750,Access,
str4-7060x6-64pe-11,Ethernet4,str4-7060x6-64pe-fan-11,Ethernet4,100000,2751,Access,
str4-7060x6-64pe-11,Ethernet5,str4-7060x6-64pe-fan-11,Ethernet5,100000,2752,Access,
str4-7060x6-64pe-11,Ethernet6,str4-7060x6-64pe-fan-11,Ethernet6,100000,2753,Access,
str4-7060x6-64pe-11,Ethernet7,str4-7060x6-64pe-fan-11,Ethernet7,100000,2754,Access,
str4-7060x6-64pe-11,Ethernet16,str4-7060x6-64pe-fan-11,Ethernet16,100000,2755,Access,
str4-7060x6-64pe-11,Ethernet17,str4-7060x6-64pe-fan-11,Ethernet17,100000,2756,Access,
str4-7060x6-64pe-11,Ethernet18,str4-7060x6-64pe-fan-11,Ethernet18,100000,2757,Access,
str4-7060x6-64pe-11,Ethernet19,str4-7060x6-64pe-fan-11,Ethernet19,100000,2758,Access,
str4-7060x6-64pe-11,Ethernet20,str4-7060x6-64pe-fan-11,Ethernet20,100000,2759,Access,
str4-7060x6-64pe-11,Ethernet21,str4-7060x6-64pe-fan-11,Ethernet21,100000,2760,Access,
str4-7060x6-64pe-11,Ethernet22,str4-7060x6-64pe-fan-11,Ethernet22,100000,2761,Access,
str4-7060x6-64pe-11,Ethernet23,str4-7060x6-64pe-fan-11,Ethernet23,100000,2762,Access,
str4-7060x6-64pe-11,Ethernet32,str4-7060x6-64pe-fan-11,Ethernet32,100000,2763,Access,
str4-7060x6-64pe-11,Ethernet33,str4-7060x6-64pe-fan-11,Ethernet33,100000,2764,Access,
str4-7060x6-64pe-11,Ethernet34,str4-7060x6-64pe-fan-11,Ethernet34,100000,2765,Access,
str4-7060x6-64pe-11,Ethernet35,str4-7060x6-64pe-fan-11,Ethernet35,100000,2766,Access,
str4-7060x6-64pe-11,Ethernet36,str4-7060x6-64pe-fan-11,Ethernet36,100000,2767,Access,
str4-7060x6-64pe-11,Ethernet37,str4-7060x6-64pe-fan-11,Ethernet37,100000,2768,Access,
str4-7060x6-64pe-11,Ethernet38,str4-7060x6-64pe-fan-11,Ethernet38,100000,2769,Access,
str4-7060x6-64pe-11,Ethernet39,str4-7060x6-64pe-fan-11,Ethernet39,100000,2770,Access,
str4-7060x6-64pe-11,Ethernet48,str4-7060x6-64pe-fan-11,Ethernet48,100000,2771,Access,
str4-7060x6-64pe-11,Ethernet49,str4-7060x6-64pe-fan-11,Ethernet49,100000,2772,Access,
str4-7060x6-64pe-11,Ethernet50,str4-7060x6-64pe-fan-11,Ethernet50,100000,2773,Access,
str4-7060x6-64pe-11,Ethernet51,str4-7060x6-64pe-fan-11,Ethernet51,100000,2774,Access,
str4-7060x6-64pe-11,Ethernet52,str4-7060x6-64pe-fan-11,Ethernet52,100000,2775,Access,
str4-7060x6-64pe-11,Ethernet53,str4-7060x6-64pe-fan-11,Ethernet53,100000,2776,Access,
str4-7060x6-64pe-11,Ethernet54,str4-7060x6-64pe-fan-11,Ethernet54,100000,2777,Access,
str4-7060x6-64pe-11,Ethernet55,str4-7060x6-64pe-fan-11,Ethernet55,100000,2778,Access,
str4-7060x6-64pe-11,Ethernet64,str4-7060x6-64pe-fan-11,Ethernet64,100000,2779,Access,
str4-7060x6-64pe-11,Ethernet65,str4-7060x6-64pe-fan-11,Ethernet65,100000,2780,Access,
str4-7060x6-64pe-11,Ethernet66,str4-7060x6-64pe-fan-11,Ethernet66,100000,2781,Access,
str4-7060x6-64pe-11,Ethernet67,str4-7060x6-64pe-fan-11,Ethernet67,100000,2782,Access,
str4-7060x6-64pe-11,Ethernet68,str4-7060x6-64pe-fan-11,Ethernet68,100000,2783,Access,
str4-7060x6-64pe-11,Ethernet69,str4-7060x6-64pe-fan-11,Ethernet69,100000,2784,Access,
str4-7060x6-64pe-11,Ethernet70,str4-7060x6-64pe-fan-11,Ethernet70,100000,2785,Access,
str4-7060x6-64pe-11,Ethernet71,str4-7060x6-64pe-fan-11,Ethernet71,100000,2786,Access,
str4-7060x6-64pe-11,Ethernet80,str4-7060x6-64pe-fan-11,Ethernet80,100000,2787,Access,
str4-7060x6-64pe-11,Ethernet81,str4-7060x6-64pe-fan-11,Ethernet81,100000,2788,Access,
str4-7060x6-64pe-11,Ethernet82,str4-7060x6-64pe-fan-11,Ethernet82,100000,2789,Access,
str4-7060x6-64pe-11,Ethernet83,str4-7060x6-64pe-fan-11,Ethernet83,100000,2790,Access,
str4-7060x6-64pe-11,Ethernet84,str4-7060x6-64pe-fan-11,Ethernet84,100000,2791,Access,
str4-7060x6-64pe-11,Ethernet85,str4-7060x6-64pe-fan-11,Ethernet85,100000,2792,Access,
str4-7060x6-64pe-11,Ethernet86,str4-7060x6-64pe-fan-11,Ethernet86,100000,2793,Access,
str4-7060x6-64pe-11,Ethernet87,str4-7060x6-64pe-fan-11,Ethernet87,100000,2794,Access,
str4-7060x6-64pe-11,Ethernet96,str4-7060x6-64pe-fan-11,Ethernet96,100000,2795,Access,
str4-7060x6-64pe-11,Ethernet97,str4-7060x6-64pe-fan-11,Ethernet97,100000,2796,Access,
str4-7060x6-64pe-11,Ethernet98,str4-7060x6-64pe-fan-11,Ethernet98,100000,2797,Access,
str4-7060x6-64pe-11,Ethernet99,str4-7060x6-64pe-fan-11,Ethernet99,100000,2798,Access,
str4-7060x6-64pe-11,Ethernet100,str4-7060x6-64pe-fan-11,Ethernet100,100000,2799,Access,
str4-7060x6-64pe-11,Ethernet101,str4-7060x6-64pe-fan-11,Ethernet101,100000,2800,Access,
str4-7060x6-64pe-11,Ethernet102,str4-7060x6-64pe-fan-11,Ethernet102,100000,2801,Access,
str4-7060x6-64pe-11,Ethernet103,str4-7060x6-64pe-fan-11,Ethernet103,100000,2802,Access,
str4-7060x6-64pe-11,Ethernet112,str4-7060x6-64pe-fan-11,Ethernet112,100000,2803,Access,
str4-7060x6-64pe-11,Ethernet113,str4-7060x6-64pe-fan-11,Ethernet113,100000,2804,Access,
str4-7060x6-64pe-11,Ethernet114,str4-7060x6-64pe-fan-11,Ethernet114,100000,2805,Access,
str4-7060x6-64pe-11,Ethernet115,str4-7060x6-64pe-fan-11,Ethernet115,100000,2806,Access,
str4-7060x6-64pe-11,Ethernet116,str4-7060x6-64pe-fan-11,Ethernet116,100000,2807,Access,
str4-7060x6-64pe-11,Ethernet117,str4-7060x6-64pe-fan-11,Ethernet117,100000,2808,Access,
str4-7060x6-64pe-11,Ethernet118,str4-7060x6-64pe-fan-11,Ethernet118,100000,2809,Access,
str4-7060x6-64pe-11,Ethernet119,str4-7060x6-64pe-fan-11,Ethernet119,100000,2810,Access,
str4-7060x6-64pe-11,Ethernet128,str4-7060x6-64pe-fan-11,Ethernet128,100000,2811,Access,
str4-7060x6-64pe-11,Ethernet129,str4-7060x6-64pe-fan-11,Ethernet129,100000,2812,Access,
str4-7060x6-64pe-11,Ethernet130,str4-7060x6-64pe-fan-11,Ethernet130,100000,2813,Access,
str4-7060x6-64pe-11,Ethernet131,str4-7060x6-64pe-fan-11,Ethernet131,100000,2814,Access,
str4-7060x6-64pe-11,Ethernet132,str4-7060x6-64pe-fan-11,Ethernet132,100000,2815,Access,
str4-7060x6-64pe-11,Ethernet133,str4-7060x6-64pe-fan-11,Ethernet133,100000,2816,Access,
str4-7060x6-64pe-11,Ethernet134,str4-7060x6-64pe-fan-11,Ethernet134,100000,2817,Access,
str4-7060x6-64pe-11,Ethernet135,str4-7060x6-64pe-fan-11,Ethernet135,100000,2818,Access,
str4-7060x6-64pe-11,Ethernet144,str4-7060x6-64pe-fan-11,Ethernet144,100000,2819,Access,
str4-7060x6-64pe-11,Ethernet145,str4-7060x6-64pe-fan-11,Ethernet145,100000,2820,Access,
str4-7060x6-64pe-11,Ethernet146,str4-7060x6-64pe-fan-11,Ethernet146,100000,2821,Access,
str4-7060x6-64pe-11,Ethernet147,str4-7060x6-64pe-fan-11,Ethernet147,100000,2822,Access,
str4-7060x6-64pe-11,Ethernet148,str4-7060x6-64pe-fan-11,Ethernet148,100000,2823,Access,
str4-7060x6-64pe-11,Ethernet149,str4-7060x6-64pe-fan-11,Ethernet149,100000,2824,Access,
str4-7060x6-64pe-11,Ethernet150,str4-7060x6-64pe-fan-11,Ethernet150,100000,2825,Access,
str4-7060x6-64pe-11,Ethernet151,str4-7060x6-64pe-fan-11,Ethernet151,100000,2826,Access,
str4-7060x6-64pe-11,Ethernet160,str4-7060x6-64pe-fan-11,Ethernet160,100000,2827,Access,
str4-7060x6-64pe-11,Ethernet161,str4-7060x6-64pe-fan-11,Ethernet161,100000,2828,Access,
str4-7060x6-64pe-11,Ethernet162,str4-7060x6-64pe-fan-11,Ethernet162,100000,2829,Access,
str4-7060x6-64pe-11,Ethernet163,str4-7060x6-64pe-fan-11,Ethernet163,100000,2830,Access,
str4-7060x6-64pe-11,Ethernet164,str4-7060x6-64pe-fan-11,Ethernet164,100000,2831,Access,
str4-7060x6-64pe-11,Ethernet165,str4-7060x6-64pe-fan-11,Ethernet165,100000,2832,Access,
str4-7060x6-64pe-11,Ethernet166,str4-7060x6-64pe-fan-11,Ethernet166,100000,2833,Access,
str4-7060x6-64pe-11,Ethernet167,str4-7060x6-64pe-fan-11,Ethernet167,100000,2834,Access,
str4-7060x6-64pe-11,Ethernet176,str4-7060x6-64pe-fan-11,Ethernet176,100000,2835,Access,
str4-7060x6-64pe-11,Ethernet177,str4-7060x6-64pe-fan-11,Ethernet177,100000,2836,Access,
str4-7060x6-64pe-11,Ethernet178,str4-7060x6-64pe-fan-11,Ethernet178,100000,2837,Access,
str4-7060x6-64pe-11,Ethernet179,str4-7060x6-64pe-fan-11,Ethernet179,100000,2838,Access,
str4-7060x6-64pe-11,Ethernet180,str4-7060x6-64pe-fan-11,Ethernet180,100000,2839,Access,
str4-7060x6-64pe-11,Ethernet181,str4-7060x6-64pe-fan-11,Ethernet181,100000,2840,Access,
str4-7060x6-64pe-11,Ethernet182,str4-7060x6-64pe-fan-11,Ethernet182,100000,2841,Access,
str4-7060x6-64pe-11,Ethernet183,str4-7060x6-64pe-fan-11,Ethernet183,100000,2842,Access,
str4-7060x6-64pe-11,Ethernet192,str4-7060x6-64pe-fan-11,Ethernet192,100000,2843,Access,
str4-7060x6-64pe-11,Ethernet193,str4-7060x6-64pe-fan-11,Ethernet193,100000,2844,Access,
str4-7060x6-64pe-11,Ethernet194,str4-7060x6-64pe-fan-11,Ethernet194,100000,2845,Access,
str4-7060x6-64pe-11,Ethernet195,str4-7060x6-64pe-fan-11,Ethernet195,100000,2846,Access,
str4-7060x6-64pe-11,Ethernet196,str4-7060x6-64pe-fan-11,Ethernet196,100000,2847,Access,
str4-7060x6-64pe-11,Ethernet197,str4-7060x6-64pe-fan-11,Ethernet197,100000,2848,Access,
str4-7060x6-64pe-11,Ethernet198,str4-7060x6-64pe-fan-11,Ethernet198,100000,2849,Access,
str4-7060x6-64pe-11,Ethernet199,str4-7060x6-64pe-fan-11,Ethernet199,100000,2850,Access,
str4-7060x6-64pe-11,Ethernet208,str4-7060x6-64pe-fan-11,Ethernet208,100000,2851,Access,
str4-7060x6-64pe-11,Ethernet209,str4-7060x6-64pe-fan-11,Ethernet209,100000,2852,Access,
str4-7060x6-64pe-11,Ethernet210,str4-7060x6-64pe-fan-11,Ethernet210,100000,2853,Access,
str4-7060x6-64pe-11,Ethernet211,str4-7060x6-64pe-fan-11,Ethernet211,100000,2854,Access,
str4-7060x6-64pe-11,Ethernet212,str4-7060x6-64pe-fan-11,Ethernet212,100000,2855,Access,
str4-7060x6-64pe-11,Ethernet213,str4-7060x6-64pe-fan-11,Ethernet213,100000,2856,Access,
str4-7060x6-64pe-11,Ethernet214,str4-7060x6-64pe-fan-11,Ethernet214,100000,2857,Access,
str4-7060x6-64pe-11,Ethernet215,str4-7060x6-64pe-fan-11,Ethernet215,100000,2858,Access,
str4-7060x6-64pe-11,Ethernet224,str4-7060x6-64pe-fan-11,Ethernet224,100000,2859,Access,
str4-7060x6-64pe-11,Ethernet225,str4-7060x6-64pe-fan-11,Ethernet225,100000,2860,Access,
str4-7060x6-64pe-11,Ethernet226,str4-7060x6-64pe-fan-11,Ethernet226,100000,2861,Access,
str4-7060x6-64pe-11,Ethernet227,str4-7060x6-64pe-fan-11,Ethernet227,100000,2862,Access,
str4-7060x6-64pe-11,Ethernet228,str4-7060x6-64pe-fan-11,Ethernet228,100000,2863,Access,
str4-7060x6-64pe-11,Ethernet229,str4-7060x6-64pe-fan-11,Ethernet229,100000,2864,Access,
str4-7060x6-64pe-11,Ethernet230,str4-7060x6-64pe-fan-11,Ethernet230,100000,2865,Access,
str4-7060x6-64pe-11,Ethernet231,str4-7060x6-64pe-fan-11,Ethernet231,100000,2866,Access,
str4-7060x6-64pe-11,Ethernet240,str4-7060x6-64pe-fan-11,Ethernet240,100000,2867,Access,
str4-7060x6-64pe-11,Ethernet241,str4-7060x6-64pe-fan-11,Ethernet241,100000,2868,Access,
str4-7060x6-64pe-11,Ethernet242,str4-7060x6-64pe-fan-11,Ethernet242,100000,2869,Access,
str4-7060x6-64pe-11,Ethernet243,str4-7060x6-64pe-fan-11,Ethernet243,100000,2870,Access,
str4-7060x6-64pe-11,Ethernet244,str4-7060x6-64pe-fan-11,Ethernet244,100000,2871,Access,
str4-7060x6-64pe-11,Ethernet245,str4-7060x6-64pe-fan-11,Ethernet245,100000,2872,Access,
str4-7060x6-64pe-11,Ethernet246,str4-7060x6-64pe-fan-11,Ethernet246,100000,2873,Access,
str4-7060x6-64pe-11,Ethernet247,str4-7060x6-64pe-fan-11,Ethernet247,100000,2874,Access,
str4-7060x6-64pe-11,Ethernet256,str4-7060x6-64pe-fan-11,Ethernet256,100000,2875,Access,
str4-7060x6-64pe-11,Ethernet257,str4-7060x6-64pe-fan-11,Ethernet257,100000,2876,Access,
str4-7060x6-64pe-11,Ethernet258,str4-7060x6-64pe-fan-11,Ethernet258,100000,2877,Access,
str4-7060x6-64pe-11,Ethernet259,str4-7060x6-64pe-fan-11,Ethernet259,100000,2878,Access,
str4-7060x6-64pe-11,Ethernet260,str4-7060x6-64pe-fan-11,Ethernet260,100000,2879,Access,
str4-7060x6-64pe-11,Ethernet261,str4-7060x6-64pe-fan-11,Ethernet261,100000,2880,Access,
str4-7060x6-64pe-11,Ethernet262,str4-7060x6-64pe-fan-11,Ethernet262,100000,2881,Access,
str4-7060x6-64pe-11,Ethernet263,str4-7060x6-64pe-fan-11,Ethernet263,100000,2882,Access,
str4-7060x6-64pe-11,Ethernet272,str4-7060x6-64pe-fan-11,Ethernet272,100000,2883,Access,
str4-7060x6-64pe-11,Ethernet273,str4-7060x6-64pe-fan-11,Ethernet273,100000,2884,Access,
str4-7060x6-64pe-11,Ethernet274,str4-7060x6-64pe-fan-11,Ethernet274,100000,2885,Access,
str4-7060x6-64pe-11,Ethernet275,str4-7060x6-64pe-fan-11,Ethernet275,100000,2886,Access,
str4-7060x6-64pe-11,Ethernet276,str4-7060x6-64pe-fan-11,Ethernet276,100000,2887,Access,
str4-7060x6-64pe-11,Ethernet277,str4-7060x6-64pe-fan-11,Ethernet277,100000,2888,Access,
str4-7060x6-64pe-11,Ethernet278,str4-7060x6-64pe-fan-11,Ethernet278,100000,2889,Access,
str4-7060x6-64pe-11,Ethernet279,str4-7060x6-64pe-fan-11,Ethernet279,100000,2890,Access,
str4-7060x6-64pe-11,Ethernet288,str4-7060x6-64pe-fan-11,Ethernet288,100000,2891,Access,
str4-7060x6-64pe-11,Ethernet289,str4-7060x6-64pe-fan-11,Ethernet289,100000,2892,Access,
str4-7060x6-64pe-11,Ethernet290,str4-7060x6-64pe-fan-11,Ethernet290,100000,2893,Access,
str4-7060x6-64pe-11,Ethernet291,str4-7060x6-64pe-fan-11,Ethernet291,100000,2894,Access,
str4-7060x6-64pe-11,Ethernet292,str4-7060x6-64pe-fan-11,Ethernet292,100000,2895,Access,
str4-7060x6-64pe-11,Ethernet293,str4-7060x6-64pe-fan-11,Ethernet293,100000,2896,Access,
str4-7060x6-64pe-11,Ethernet294,str4-7060x6-64pe-fan-11,Ethernet294,100000,2897,Access,
str4-7060x6-64pe-11,Ethernet295,str4-7060x6-64pe-fan-11,Ethernet295,100000,2898,Access,
str4-7060x6-64pe-11,Ethernet304,str4-7060x6-64pe-fan-11,Ethernet304,100000,2899,Access,
str4-7060x6-64pe-11,Ethernet305,str4-7060x6-64pe-fan-11,Ethernet305,100000,2900,Access,
str4-7060x6-64pe-11,Ethernet306,str4-7060x6-64pe-fan-11,Ethernet306,100000,2901,Access,
str4-7060x6-64pe-11,Ethernet307,str4-7060x6-64pe-fan-11,Ethernet307,100000,2902,Access,
str4-7060x6-64pe-11,Ethernet308,str4-7060x6-64pe-fan-11,Ethernet308,100000,2903,Access,
str4-7060x6-64pe-11,Ethernet309,str4-7060x6-64pe-fan-11,Ethernet309,100000,2904,Access,
str4-7060x6-64pe-11,Ethernet310,str4-7060x6-64pe-fan-11,Ethernet310,100000,2905,Access,
str4-7060x6-64pe-11,Ethernet311,str4-7060x6-64pe-fan-11,Ethernet311,100000,2906,Access,
str4-7060x6-64pe-11,Ethernet320,str4-7060x6-64pe-fan-11,Ethernet320,100000,2907,Access,
str4-7060x6-64pe-11,Ethernet321,str4-7060x6-64pe-fan-11,Ethernet321,100000,2908,Access,
str4-7060x6-64pe-11,Ethernet322,str4-7060x6-64pe-fan-11,Ethernet322,100000,2909,Access,
str4-7060x6-64pe-11,Ethernet323,str4-7060x6-64pe-fan-11,Ethernet323,100000,2910,Access,
str4-7060x6-64pe-11,Ethernet324,str4-7060x6-64pe-fan-11,Ethernet324,100000,2911,Access,
str4-7060x6-64pe-11,Ethernet325,str4-7060x6-64pe-fan-11,Ethernet325,100000,2912,Access,
str4-7060x6-64pe-11,Ethernet326,str4-7060x6-64pe-fan-11,Ethernet326,100000,2913,Access,
str4-7060x6-64pe-11,Ethernet327,str4-7060x6-64pe-fan-11,Ethernet327,100000,2914,Access,
str4-7060x6-64pe-11,Ethernet336,str4-7060x6-64pe-fan-11,Ethernet336,100000,2915,Access,
str4-7060x6-64pe-11,Ethernet337,str4-7060x6-64pe-fan-11,Ethernet337,100000,2916,Access,
str4-7060x6-64pe-11,Ethernet338,str4-7060x6-64pe-fan-11,Ethernet338,100000,2917,Access,
str4-7060x6-64pe-11,Ethernet339,str4-7060x6-64pe-fan-11,Ethernet339,100000,2918,Access,
str4-7060x6-64pe-11,Ethernet340,str4-7060x6-64pe-fan-11,Ethernet340,100000,2919,Access,
str4-7060x6-64pe-11,Ethernet341,str4-7060x6-64pe-fan-11,Ethernet341,100000,2920,Access,
str4-7060x6-64pe-11,Ethernet342,str4-7060x6-64pe-fan-11,Ethernet342,100000,2921,Access,
str4-7060x6-64pe-11,Ethernet343,str4-7060x6-64pe-fan-11,Ethernet343,100000,2922,Access,
str4-7060x6-64pe-11,Ethernet352,str4-7060x6-64pe-fan-11,Ethernet352,100000,2923,Access,
str4-7060x6-64pe-11,Ethernet353,str4-7060x6-64pe-fan-11,Ethernet353,100000,2924,Access,
str4-7060x6-64pe-11,Ethernet354,str4-7060x6-64pe-fan-11,Ethernet354,100000,2925,Access,
str4-7060x6-64pe-11,Ethernet355,str4-7060x6-64pe-fan-11,Ethernet355,100000,2926,Access,
str4-7060x6-64pe-11,Ethernet356,str4-7060x6-64pe-fan-11,Ethernet356,100000,2927,Access,
str4-7060x6-64pe-11,Ethernet357,str4-7060x6-64pe-fan-11,Ethernet357,100000,2928,Access,
str4-7060x6-64pe-11,Ethernet358,str4-7060x6-64pe-fan-11,Ethernet358,100000,2929,Access,
str4-7060x6-64pe-11,Ethernet359,str4-7060x6-64pe-fan-11,Ethernet359,100000,2930,Access,
str4-7060x6-64pe-11,Ethernet368,str4-7060x6-64pe-fan-11,Ethernet368,100000,2931,Access,
str4-7060x6-64pe-11,Ethernet369,str4-7060x6-64pe-fan-11,Ethernet369,100000,2932,Access,
str4-7060x6-64pe-11,Ethernet370,str4-7060x6-64pe-fan-11,Ethernet370,100000,2933,Access,
str4-7060x6-64pe-11,Ethernet371,str4-7060x6-64pe-fan-11,Ethernet371,100000,2934,Access,
str4-7060x6-64pe-11,Ethernet372,str4-7060x6-64pe-fan-11,Ethernet372,100000,2935,Access,
str4-7060x6-64pe-11,Ethernet373,str4-7060x6-64pe-fan-11,Ethernet373,100000,2936,Access,
str4-7060x6-64pe-11,Ethernet374,str4-7060x6-64pe-fan-11,Ethernet374,100000,2937,Access,
str4-7060x6-64pe-11,Ethernet375,str4-7060x6-64pe-fan-11,Ethernet375,100000,2938,Access,
str4-7060x6-64pe-11,Ethernet384,str4-7060x6-64pe-fan-11,Ethernet384,100000,2939,Access,
str4-7060x6-64pe-11,Ethernet385,str4-7060x6-64pe-fan-11,Ethernet385,100000,2940,Access,
str4-7060x6-64pe-11,Ethernet386,str4-7060x6-64pe-fan-11,Ethernet386,100000,2941,Access,
str4-7060x6-64pe-11,Ethernet387,str4-7060x6-64pe-fan-11,Ethernet387,100000,2942,Access,
str4-7060x6-64pe-11,Ethernet388,str4-7060x6-64pe-fan-11,Ethernet388,100000,2943,Access,
str4-7060x6-64pe-11,Ethernet389,str4-7060x6-64pe-fan-11,Ethernet389,100000,2944,Access,
str4-7060x6-64pe-11,Ethernet390,str4-7060x6-64pe-fan-11,Ethernet390,100000,2945,Access,
str4-7060x6-64pe-11,Ethernet391,str4-7060x6-64pe-fan-11,Ethernet391,100000,2946,Access,
str4-7060x6-64pe-11,Ethernet400,str4-7060x6-64pe-fan-11,Ethernet400,100000,2947,Access,
str4-7060x6-64pe-11,Ethernet401,str4-7060x6-64pe-fan-11,Ethernet401,100000,2948,Access,
str4-7060x6-64pe-11,Ethernet402,str4-7060x6-64pe-fan-11,Ethernet402,100000,2949,Access,
str4-7060x6-64pe-11,Ethernet403,str4-7060x6-64pe-fan-11,Ethernet403,100000,2950,Access,
str4-7060x6-64pe-11,Ethernet404,str4-7060x6-64pe-fan-11,Ethernet404,100000,2951,Access,
str4-7060x6-64pe-11,Ethernet405,str4-7060x6-64pe-fan-11,Ethernet405,100000,2952,Access,
str4-7060x6-64pe-11,Ethernet406,str4-7060x6-64pe-fan-11,Ethernet406,100000,2953,Access,
str4-7060x6-64pe-11,Ethernet407,str4-7060x6-64pe-fan-11,Ethernet407,100000,2954,Access,
str4-7060x6-64pe-11,Ethernet416,str4-7060x6-64pe-fan-11,Ethernet416,100000,2955,Access,
str4-7060x6-64pe-11,Ethernet417,str4-7060x6-64pe-fan-11,Ethernet417,100000,2956,Access,
str4-7060x6-64pe-11,Ethernet418,str4-7060x6-64pe-fan-11,Ethernet418,100000,2957,Access,
str4-7060x6-64pe-11,Ethernet419,str4-7060x6-64pe-fan-11,Ethernet419,100000,2958,Access,
str4-7060x6-64pe-11,Ethernet420,str4-7060x6-64pe-fan-11,Ethernet420,100000,2959,Access,
str4-7060x6-64pe-11,Ethernet421,str4-7060x6-64pe-fan-11,Ethernet421,100000,2960,Access,
str4-7060x6-64pe-11,Ethernet422,str4-7060x6-64pe-fan-11,Ethernet422,100000,2961,Access,
str4-7060x6-64pe-11,Ethernet423,str4-7060x6-64pe-fan-11,Ethernet423,100000,2962,Access,
str4-7060x6-64pe-11,Ethernet432,str4-7060x6-64pe-fan-11,Ethernet432,100000,2963,Access,
str4-7060x6-64pe-11,Ethernet433,str4-7060x6-64pe-fan-11,Ethernet433,100000,2964,Access,
str4-7060x6-64pe-11,Ethernet434,str4-7060x6-64pe-fan-11,Ethernet434,100000,2965,Access,
str4-7060x6-64pe-11,Ethernet435,str4-7060x6-64pe-fan-11,Ethernet435,100000,2966,Access,
str4-7060x6-64pe-11,Ethernet436,str4-7060x6-64pe-fan-11,Ethernet436,100000,2967,Access,
str4-7060x6-64pe-11,Ethernet437,str4-7060x6-64pe-fan-11,Ethernet437,100000,2968,Access,
str4-7060x6-64pe-11,Ethernet438,str4-7060x6-64pe-fan-11,Ethernet438,100000,2969,Access,
str4-7060x6-64pe-11,Ethernet439,str4-7060x6-64pe-fan-11,Ethernet439,100000,2970,Access,
str4-7060x6-64pe-11,Ethernet448,str4-7060x6-64pe-fan-11,Ethernet448,100000,2971,Access,
str4-7060x6-64pe-11,Ethernet449,str4-7060x6-64pe-fan-11,Ethernet449,100000,2972,Access,
str4-7060x6-64pe-11,Ethernet450,str4-7060x6-64pe-fan-11,Ethernet450,100000,2973,Access,
str4-7060x6-64pe-11,Ethernet451,str4-7060x6-64pe-fan-11,Ethernet451,100000,2974,Access,
str4-7060x6-64pe-11,Ethernet452,str4-7060x6-64pe-fan-11,Ethernet452,100000,2975,Access,
str4-7060x6-64pe-11,Ethernet453,str4-7060x6-64pe-fan-11,Ethernet453,100000,2976,Access,
str4-7060x6-64pe-11,Ethernet454,str4-7060x6-64pe-fan-11,Ethernet454,100000,2977,Access,
str4-7060x6-64pe-11,Ethernet455,str4-7060x6-64pe-fan-11,Ethernet455,100000,2978,Access,
str4-7060x6-64pe-11,Ethernet464,str4-7060x6-64pe-fan-11,Ethernet464,100000,2979,Access,
str4-7060x6-64pe-11,Ethernet465,str4-7060x6-64pe-fan-11,Ethernet465,100000,2980,Access,
str4-7060x6-64pe-11,Ethernet466,str4-7060x6-64pe-fan-11,Ethernet466,100000,2981,Access,
str4-7060x6-64pe-11,Ethernet467,str4-7060x6-64pe-fan-11,Ethernet467,100000,2982,Access,
str4-7060x6-64pe-11,Ethernet468,str4-7060x6-64pe-fan-11,Ethernet468,100000,2983,Access,
str4-7060x6-64pe-11,Ethernet469,str4-7060x6-64pe-fan-11,Ethernet469,100000,2984,Access,
str4-7060x6-64pe-11,Ethernet470,str4-7060x6-64pe-fan-11,Ethernet470,100000,2985,Access,
str4-7060x6-64pe-11,Ethernet471,str4-7060x6-64pe-fan-11,Ethernet471,100000,2986,Access,
str4-7060x6-64pe-11,Ethernet480,str4-7060x6-64pe-fan-11,Ethernet480,100000,2987,Access,
str4-7060x6-64pe-11,Ethernet481,str4-7060x6-64pe-fan-11,Ethernet481,100000,2988,Access,
str4-7060x6-64pe-11,Ethernet482,str4-7060x6-64pe-fan-11,Ethernet482,100000,2989,Access,
str4-7060x6-64pe-11,Ethernet483,str4-7060x6-64pe-fan-11,Ethernet483,100000,2990,Access,
str4-7060x6-64pe-11,Ethernet484,str4-7060x6-64pe-fan-11,Ethernet484,100000,2991,Access,
str4-7060x6-64pe-11,Ethernet485,str4-7060x6-64pe-fan-11,Ethernet485,100000,2992,Access,
str4-7060x6-64pe-11,Ethernet486,str4-7060x6-64pe-fan-11,Ethernet486,100000,2993,Access,
str4-7060x6-64pe-11,Ethernet487,str4-7060x6-64pe-fan-11,Ethernet487,100000,2994,Access,
str4-7060x6-64pe-11,Ethernet496,str4-7060x6-64pe-fan-share-1,Ethernet128,100000,2997,Access,off
str4-7060x6-64pe-11,Ethernet497,str4-7060x6-64pe-fan-share-1,Ethernet129,100000,2998,Access,off
str4-7060x6-64pe-11,Ethernet498,str4-7060x6-64pe-fan-share-1,Ethernet130,100000,2999,Access,off
str4-7060x6-64pe-11,Ethernet499,str4-7060x6-64pe-fan-share-1,Ethernet131,100000,3000,Access,off
str4-7060x6-64pe-11,Ethernet500,str4-7060x6-64pe-fan-share-1,Ethernet132,100000,3001,Access,off
str4-7060x6-64pe-11,Ethernet501,str4-7060x6-64pe-fan-share-1,Ethernet133,100000,3002,Access,off
str4-7060x6-64pe-11,Ethernet502,str4-7060x6-64pe-fan-share-1,Ethernet134,100000,3003,Access,off
str4-7060x6-64pe-11,Ethernet503,str4-7060x6-64pe-fan-share-1,Ethernet135,100000,3004,Access,off
str4-7060x6-64pe-11,Ethernet512,str4-7060x6-64pe-fan-11,Ethernet512,10000,2995,Access,
str4-7060x6-64pe-11,Ethernet513,str4-7060x6-64pe-fan-11,Ethernet513,10000,2996,Access,
str4-7060x6-512-1,Ethernet0,str4-7060x6-512-fan-1,Ethernet0,100000,3200,Access,on
str4-7060x6-512-1,Ethernet1,str4-7060x6-512-fan-1,Ethernet1,100000,,Access,on
str4-7060x6-512-1,Ethernet2,str4-7060x6-512-fan-1,Ethernet2,100000,,Access,on
str4-7060x6-512-1,Ethernet3,str4-7060x6-512-fan-1,Ethernet3,100000,,Access,on
str4-7060x6-512-1,Ethernet4,str4-7060x6-512-fan-1,Ethernet4,100000,,Access,on
str4-7060x6-512-1,Ethernet5,str4-7060x6-512-fan-1,Ethernet5,100000,,Access,on
str4-7060x6-512-1,Ethernet6,str4-7060x6-512-fan-1,Ethernet6,100000,,Access,on
str4-7060x6-512-1,Ethernet7,str4-7060x6-512-fan-1,Ethernet7,100000,,Access,on
str4-7060x6-512-1,Ethernet8,str4-7060x6-512-fan-1,Ethernet8,100000,3201,Access,on
str4-7060x6-512-1,Ethernet9,str4-7060x6-512-fan-1,Ethernet9,100000,,Access,on
str4-7060x6-512-1,Ethernet10,str4-7060x6-512-fan-1,Ethernet10,100000,,Access,on
str4-7060x6-512-1,Ethernet11,str4-7060x6-512-fan-1,Ethernet11,100000,,Access,on
str4-7060x6-512-1,Ethernet12,str4-7060x6-512-fan-1,Ethernet12,100000,,Access,on
str4-7060x6-512-1,Ethernet13,str4-7060x6-512-fan-1,Ethernet13,100000,,Access,on
str4-7060x6-512-1,Ethernet14,str4-7060x6-512-fan-1,Ethernet14,100000,,Access,on
str4-7060x6-512-1,Ethernet15,str4-7060x6-512-fan-1,Ethernet15,100000,,Access,on
str4-7060x6-512-1,Ethernet16,str4-7060x6-512-fan-1,Ethernet16,100000,3202,Access,on
str4-7060x6-512-1,Ethernet17,str4-7060x6-512-fan-1,Ethernet17,100000,,Access,on
str4-7060x6-512-1,Ethernet18,str4-7060x6-512-fan-1,Ethernet18,100000,,Access,on
str4-7060x6-512-1,Ethernet19,str4-7060x6-512-fan-1,Ethernet19,100000,,Access,on
str4-7060x6-512-1,Ethernet20,str4-7060x6-512-fan-1,Ethernet20,100000,,Access,on
str4-7060x6-512-1,Ethernet21,str4-7060x6-512-fan-1,Ethernet21,100000,,Access,on
str4-7060x6-512-1,Ethernet22,str4-7060x6-512-fan-1,Ethernet22,100000,,Access,on
str4-7060x6-512-1,Ethernet23,str4-7060x6-512-fan-1,Ethernet23,100000,,Access,on
str4-7060x6-512-1,Ethernet24,str4-7060x6-512-fan-1,Ethernet24,100000,3203,Access,on
str4-7060x6-512-1,Ethernet25,str4-7060x6-512-fan-1,Ethernet25,100000,,Access,on
str4-7060x6-512-1,Ethernet26,str4-7060x6-512-fan-1,Ethernet26,100000,,Access,on
str4-7060x6-512-1,Ethernet27,str4-7060x6-512-fan-1,Ethernet27,100000,,Access,on
str4-7060x6-512-1,Ethernet28,str4-7060x6-512-fan-1,Ethernet28,100000,,Access,on
str4-7060x6-512-1,Ethernet29,str4-7060x6-512-fan-1,Ethernet29,100000,,Access,on
str4-7060x6-512-1,Ethernet30,str4-7060x6-512-fan-1,Ethernet30,100000,,Access,on
str4-7060x6-512-1,Ethernet31,str4-7060x6-512-fan-1,Ethernet31,100000,,Access,on
str4-7060x6-512-1,Ethernet32,str4-7060x6-512-fan-1,Ethernet32,100000,3204,Access,on
str4-7060x6-512-1,Ethernet33,str4-7060x6-512-fan-1,Ethernet33,100000,,Access,on
str4-7060x6-512-1,Ethernet34,str4-7060x6-512-fan-1,Ethernet34,100000,,Access,on
str4-7060x6-512-1,Ethernet35,str4-7060x6-512-fan-1,Ethernet35,100000,,Access,on
str4-7060x6-512-1,Ethernet36,str4-7060x6-512-fan-1,Ethernet36,100000,,Access,on
str4-7060x6-512-1,Ethernet37,str4-7060x6-512-fan-1,Ethernet37,100000,,Access,on
str4-7060x6-512-1,Ethernet38,str4-7060x6-512-fan-1,Ethernet38,100000,,Access,on
str4-7060x6-512-1,Ethernet39,str4-7060x6-512-fan-1,Ethernet39,100000,,Access,on
str4-7060x6-512-1,Ethernet40,str4-7060x6-512-fan-1,Ethernet40,100000,3205,Access,on
str4-7060x6-512-1,Ethernet41,str4-7060x6-512-fan-1,Ethernet41,100000,,Access,on
str4-7060x6-512-1,Ethernet42,str4-7060x6-512-fan-1,Ethernet42,100000,,Access,on
str4-7060x6-512-1,Ethernet43,str4-7060x6-512-fan-1,Ethernet43,100000,,Access,on
str4-7060x6-512-1,Ethernet44,str4-7060x6-512-fan-1,Ethernet44,100000,,Access,on
str4-7060x6-512-1,Ethernet45,str4-7060x6-512-fan-1,Ethernet45,100000,,Access,on
str4-7060x6-512-1,Ethernet46,str4-7060x6-512-fan-1,Ethernet46,100000,,Access,on
str4-7060x6-512-1,Ethernet47,str4-7060x6-512-fan-1,Ethernet47,100000,,Access,on
str4-7060x6-512-1,Ethernet48,str4-7060x6-512-fan-1,Ethernet48,100000,3206,Access,on
str4-7060x6-512-1,Ethernet49,str4-7060x6-512-fan-1,Ethernet49,100000,,Access,on
str4-7060x6-512-1,Ethernet50,str4-7060x6-512-fan-1,Ethernet50,100000,,Access,on
str4-7060x6-512-1,Ethernet51,str4-7060x6-512-fan-1,Ethernet51,100000,,Access,on
str4-7060x6-512-1,Ethernet52,str4-7060x6-512-fan-1,Ethernet52,100000,,Access,on
str4-7060x6-512-1,Ethernet53,str4-7060x6-512-fan-1,Ethernet53,100000,,Access,on
str4-7060x6-512-1,Ethernet54,str4-7060x6-512-fan-1,Ethernet54,100000,,Access,on
str4-7060x6-512-1,Ethernet55,str4-7060x6-512-fan-1,Ethernet55,100000,,Access,on
str4-7060x6-512-1,Ethernet56,str4-7060x6-512-fan-1,Ethernet56,100000,3207,Access,on
str4-7060x6-512-1,Ethernet57,str4-7060x6-512-fan-1,Ethernet57,100000,,Access,on
str4-7060x6-512-1,Ethernet58,str4-7060x6-512-fan-1,Ethernet58,100000,,Access,on
str4-7060x6-512-1,Ethernet59,str4-7060x6-512-fan-1,Ethernet59,100000,,Access,on
str4-7060x6-512-1,Ethernet60,str4-7060x6-512-fan-1,Ethernet60,100000,,Access,on
str4-7060x6-512-1,Ethernet61,str4-7060x6-512-fan-1,Ethernet61,100000,,Access,on
str4-7060x6-512-1,Ethernet62,str4-7060x6-512-fan-1,Ethernet62,100000,,Access,on
str4-7060x6-512-1,Ethernet63,str4-7060x6-512-fan-1,Ethernet63,100000,,Access,on
str4-7060x6-512-1,Ethernet64,str4-7060x6-512-fan-1,Ethernet64,100000,3208,Access,on
str4-7060x6-512-1,Ethernet65,str4-7060x6-512-fan-1,Ethernet65,100000,,Access,on
str4-7060x6-512-1,Ethernet66,str4-7060x6-512-fan-1,Ethernet66,100000,,Access,on
str4-7060x6-512-1,Ethernet67,str4-7060x6-512-fan-1,Ethernet67,100000,,Access,on
str4-7060x6-512-1,Ethernet68,str4-7060x6-512-fan-1,Ethernet68,100000,,Access,on
str4-7060x6-512-1,Ethernet69,str4-7060x6-512-fan-1,Ethernet69,100000,,Access,on
str4-7060x6-512-1,Ethernet70,str4-7060x6-512-fan-1,Ethernet70,100000,,Access,on
str4-7060x6-512-1,Ethernet71,str4-7060x6-512-fan-1,Ethernet71,100000,,Access,on
str4-7060x6-512-1,Ethernet72,str4-7060x6-512-fan-1,Ethernet72,100000,3209,Access,on
str4-7060x6-512-1,Ethernet73,str4-7060x6-512-fan-1,Ethernet73,100000,,Access,on
str4-7060x6-512-1,Ethernet74,str4-7060x6-512-fan-1,Ethernet74,100000,,Access,on
str4-7060x6-512-1,Ethernet75,str4-7060x6-512-fan-1,Ethernet75,100000,,Access,on
str4-7060x6-512-1,Ethernet76,str4-7060x6-512-fan-1,Ethernet76,100000,,Access,on
str4-7060x6-512-1,Ethernet77,str4-7060x6-512-fan-1,Ethernet77,100000,,Access,on
str4-7060x6-512-1,Ethernet78,str4-7060x6-512-fan-1,Ethernet78,100000,,Access,on
str4-7060x6-512-1,Ethernet79,str4-7060x6-512-fan-1,Ethernet79,100000,,Access,on
str4-7060x6-512-1,Ethernet80,str4-7060x6-512-fan-1,Ethernet80,100000,3210,Access,on
str4-7060x6-512-1,Ethernet81,str4-7060x6-512-fan-1,Ethernet81,100000,,Access,on
str4-7060x6-512-1,Ethernet82,str4-7060x6-512-fan-1,Ethernet82,100000,,Access,on
str4-7060x6-512-1,Ethernet83,str4-7060x6-512-fan-1,Ethernet83,100000,,Access,on
str4-7060x6-512-1,Ethernet84,str4-7060x6-512-fan-1,Ethernet84,100000,,Access,on
str4-7060x6-512-1,Ethernet85,str4-7060x6-512-fan-1,Ethernet85,100000,,Access,on
str4-7060x6-512-1,Ethernet86,str4-7060x6-512-fan-1,Ethernet86,100000,,Access,on
str4-7060x6-512-1,Ethernet87,str4-7060x6-512-fan-1,Ethernet87,100000,,Access,on
str4-7060x6-512-1,Ethernet88,str4-7060x6-512-fan-1,Ethernet88,100000,3211,Access,on
str4-7060x6-512-1,Ethernet89,str4-7060x6-512-fan-1,Ethernet89,100000,,Access,on
str4-7060x6-512-1,Ethernet90,str4-7060x6-512-fan-1,Ethernet90,100000,,Access,on
str4-7060x6-512-1,Ethernet91,str4-7060x6-512-fan-1,Ethernet91,100000,,Access,on
str4-7060x6-512-1,Ethernet92,str4-7060x6-512-fan-1,Ethernet92,100000,,Access,on
str4-7060x6-512-1,Ethernet93,str4-7060x6-512-fan-1,Ethernet93,100000,,Access,on
str4-7060x6-512-1,Ethernet94,str4-7060x6-512-fan-1,Ethernet94,100000,,Access,on
str4-7060x6-512-1,Ethernet95,str4-7060x6-512-fan-1,Ethernet95,100000,,Access,on
str4-7060x6-512-1,Ethernet96,str4-7060x6-512-fan-1,Ethernet96,100000,3212,Access,on
str4-7060x6-512-1,Ethernet97,str4-7060x6-512-fan-1,Ethernet97,100000,,Access,on
str4-7060x6-512-1,Ethernet98,str4-7060x6-512-fan-1,Ethernet98,100000,,Access,on
str4-7060x6-512-1,Ethernet99,str4-7060x6-512-fan-1,Ethernet99,100000,,Access,on
str4-7060x6-512-1,Ethernet100,str4-7060x6-512-fan-1,Ethernet100,100000,,Access,on
str4-7060x6-512-1,Ethernet101,str4-7060x6-512-fan-1,Ethernet101,100000,,Access,on
str4-7060x6-512-1,Ethernet102,str4-7060x6-512-fan-1,Ethernet102,100000,,Access,on
str4-7060x6-512-1,Ethernet103,str4-7060x6-512-fan-1,Ethernet103,100000,,Access,on
str4-7060x6-512-1,Ethernet104,str4-7060x6-512-fan-1,Ethernet104,100000,3213,Access,on
str4-7060x6-512-1,Ethernet105,str4-7060x6-512-fan-1,Ethernet105,100000,,Access,on
str4-7060x6-512-1,Ethernet106,str4-7060x6-512-fan-1,Ethernet106,100000,,Access,on
str4-7060x6-512-1,Ethernet107,str4-7060x6-512-fan-1,Ethernet107,100000,,Access,on
str4-7060x6-512-1,Ethernet108,str4-7060x6-512-fan-1,Ethernet108,100000,,Access,on
str4-7060x6-512-1,Ethernet109,str4-7060x6-512-fan-1,Ethernet109,100000,,Access,on
str4-7060x6-512-1,Ethernet110,str4-7060x6-512-fan-1,Ethernet110,100000,,Access,on
str4-7060x6-512-1,Ethernet111,str4-7060x6-512-fan-1,Ethernet111,100000,,Access,on
str4-7060x6-512-1,Ethernet112,str4-7060x6-512-fan-1,Ethernet112,100000,3214,Access,on
str4-7060x6-512-1,Ethernet113,str4-7060x6-512-fan-1,Ethernet113,100000,,Access,on
str4-7060x6-512-1,Ethernet114,str4-7060x6-512-fan-1,Ethernet114,100000,,Access,on
str4-7060x6-512-1,Ethernet115,str4-7060x6-512-fan-1,Ethernet115,100000,,Access,on
str4-7060x6-512-1,Ethernet116,str4-7060x6-512-fan-1,Ethernet116,100000,,Access,on
str4-7060x6-512-1,Ethernet117,str4-7060x6-512-fan-1,Ethernet117,100000,,Access,on
str4-7060x6-512-1,Ethernet118,str4-7060x6-512-fan-1,Ethernet118,100000,,Access,on
str4-7060x6-512-1,Ethernet119,str4-7060x6-512-fan-1,Ethernet119,100000,,Access,on
str4-7060x6-512-1,Ethernet120,str4-7060x6-512-fan-1,Ethernet120,100000,3215,Access,on
str4-7060x6-512-1,Ethernet121,str4-7060x6-512-fan-1,Ethernet121,100000,,Access,on
str4-7060x6-512-1,Ethernet122,str4-7060x6-512-fan-1,Ethernet122,100000,,Access,on
str4-7060x6-512-1,Ethernet123,str4-7060x6-512-fan-1,Ethernet123,100000,,Access,on
str4-7060x6-512-1,Ethernet124,str4-7060x6-512-fan-1,Ethernet124,100000,,Access,on
str4-7060x6-512-1,Ethernet125,str4-7060x6-512-fan-1,Ethernet125,100000,,Access,on
str4-7060x6-512-1,Ethernet126,str4-7060x6-512-fan-1,Ethernet126,100000,,Access,on
str4-7060x6-512-1,Ethernet127,str4-7060x6-512-fan-1,Ethernet127,100000,,Access,on
str4-7060x6-512-1,Ethernet128,str4-7060x6-512-fan-1,Ethernet128,100000,3216,Access,on
str4-7060x6-512-1,Ethernet129,str4-7060x6-512-fan-1,Ethernet129,100000,,Access,on
str4-7060x6-512-1,Ethernet130,str4-7060x6-512-fan-1,Ethernet130,100000,,Access,on
str4-7060x6-512-1,Ethernet131,str4-7060x6-512-fan-1,Ethernet131,100000,,Access,on
str4-7060x6-512-1,Ethernet132,str4-7060x6-512-fan-1,Ethernet132,100000,,Access,on
str4-7060x6-512-1,Ethernet133,str4-7060x6-512-fan-1,Ethernet133,100000,,Access,on
str4-7060x6-512-1,Ethernet134,str4-7060x6-512-fan-1,Ethernet134,100000,,Access,on
str4-7060x6-512-1,Ethernet135,str4-7060x6-512-fan-1,Ethernet135,100000,,Access,on
str4-7060x6-512-1,Ethernet136,str4-7060x6-512-fan-1,Ethernet136,100000,3217,Access,on
str4-7060x6-512-1,Ethernet137,str4-7060x6-512-fan-1,Ethernet137,100000,,Access,on
str4-7060x6-512-1,Ethernet138,str4-7060x6-512-fan-1,Ethernet138,100000,,Access,on
str4-7060x6-512-1,Ethernet139,str4-7060x6-512-fan-1,Ethernet139,100000,,Access,on
str4-7060x6-512-1,Ethernet140,str4-7060x6-512-fan-1,Ethernet140,100000,,Access,on
str4-7060x6-512-1,Ethernet141,str4-7060x6-512-fan-1,Ethernet141,100000,,Access,on
str4-7060x6-512-1,Ethernet142,str4-7060x6-512-fan-1,Ethernet142,100000,,Access,on
str4-7060x6-512-1,Ethernet143,str4-7060x6-512-fan-1,Ethernet143,100000,,Access,on
str4-7060x6-512-1,Ethernet144,str4-7060x6-512-fan-1,Ethernet144,100000,3218,Access,on
str4-7060x6-512-1,Ethernet145,str4-7060x6-512-fan-1,Ethernet145,100000,,Access,on
str4-7060x6-512-1,Ethernet146,str4-7060x6-512-fan-1,Ethernet146,100000,,Access,on
str4-7060x6-512-1,Ethernet147,str4-7060x6-512-fan-1,Ethernet147,100000,,Access,on
str4-7060x6-512-1,Ethernet148,str4-7060x6-512-fan-1,Ethernet148,100000,,Access,on
str4-7060x6-512-1,Ethernet149,str4-7060x6-512-fan-1,Ethernet149,100000,,Access,on
str4-7060x6-512-1,Ethernet150,str4-7060x6-512-fan-1,Ethernet150,100000,,Access,on
str4-7060x6-512-1,Ethernet151,str4-7060x6-512-fan-1,Ethernet151,100000,,Access,on
str4-7060x6-512-1,Ethernet152,str4-7060x6-512-fan-1,Ethernet152,100000,3219,Access,on
str4-7060x6-512-1,Ethernet153,str4-7060x6-512-fan-1,Ethernet153,100000,,Access,on
str4-7060x6-512-1,Ethernet154,str4-7060x6-512-fan-1,Ethernet154,100000,,Access,on
str4-7060x6-512-1,Ethernet155,str4-7060x6-512-fan-1,Ethernet155,100000,,Access,on
str4-7060x6-512-1,Ethernet156,str4-7060x6-512-fan-1,Ethernet156,100000,,Access,on
str4-7060x6-512-1,Ethernet157,str4-7060x6-512-fan-1,Ethernet157,100000,,Access,on
str4-7060x6-512-1,Ethernet158,str4-7060x6-512-fan-1,Ethernet158,100000,,Access,on
str4-7060x6-512-1,Ethernet159,str4-7060x6-512-fan-1,Ethernet159,100000,,Access,on
str4-7060x6-512-1,Ethernet160,str4-7060x6-512-fan-1,Ethernet160,100000,3220,Access,on
str4-7060x6-512-1,Ethernet161,str4-7060x6-512-fan-1,Ethernet161,100000,,Access,on
str4-7060x6-512-1,Ethernet162,str4-7060x6-512-fan-1,Ethernet162,100000,,Access,on
str4-7060x6-512-1,Ethernet163,str4-7060x6-512-fan-1,Ethernet163,100000,,Access,on
str4-7060x6-512-1,Ethernet164,str4-7060x6-512-fan-1,Ethernet164,100000,,Access,on
str4-7060x6-512-1,Ethernet165,str4-7060x6-512-fan-1,Ethernet165,100000,,Access,on
str4-7060x6-512-1,Ethernet166,str4-7060x6-512-fan-1,Ethernet166,100000,,Access,on
str4-7060x6-512-1,Ethernet167,str4-7060x6-512-fan-1,Ethernet167,100000,,Access,on
str4-7060x6-512-1,Ethernet168,str4-7060x6-512-fan-1,Ethernet168,100000,3221,Access,on
str4-7060x6-512-1,Ethernet169,str4-7060x6-512-fan-1,Ethernet169,100000,,Access,on
str4-7060x6-512-1,Ethernet170,str4-7060x6-512-fan-1,Ethernet170,100000,,Access,on
str4-7060x6-512-1,Ethernet171,str4-7060x6-512-fan-1,Ethernet171,100000,,Access,on
str4-7060x6-512-1,Ethernet172,str4-7060x6-512-fan-1,Ethernet172,100000,,Access,on
str4-7060x6-512-1,Ethernet173,str4-7060x6-512-fan-1,Ethernet173,100000,,Access,on
str4-7060x6-512-1,Ethernet174,str4-7060x6-512-fan-1,Ethernet174,100000,,Access,on
str4-7060x6-512-1,Ethernet175,str4-7060x6-512-fan-1,Ethernet175,100000,,Access,on
str4-7060x6-512-1,Ethernet176,str4-7060x6-512-fan-1,Ethernet176,100000,3222,Access,on
str4-7060x6-512-1,Ethernet177,str4-7060x6-512-fan-1,Ethernet177,100000,,Access,on
str4-7060x6-512-1,Ethernet178,str4-7060x6-512-fan-1,Ethernet178,100000,,Access,on
str4-7060x6-512-1,Ethernet179,str4-7060x6-512-fan-1,Ethernet179,100000,,Access,on
str4-7060x6-512-1,Ethernet180,str4-7060x6-512-fan-1,Ethernet180,100000,,Access,on
str4-7060x6-512-1,Ethernet181,str4-7060x6-512-fan-1,Ethernet181,100000,,Access,on
str4-7060x6-512-1,Ethernet182,str4-7060x6-512-fan-1,Ethernet182,100000,,Access,on
str4-7060x6-512-1,Ethernet183,str4-7060x6-512-fan-1,Ethernet183,100000,,Access,on
str4-7060x6-512-1,Ethernet184,str4-7060x6-512-fan-1,Ethernet184,100000,3223,Access,on
str4-7060x6-512-1,Ethernet185,str4-7060x6-512-fan-1,Ethernet185,100000,,Access,on
str4-7060x6-512-1,Ethernet186,str4-7060x6-512-fan-1,Ethernet186,100000,,Access,on
str4-7060x6-512-1,Ethernet187,str4-7060x6-512-fan-1,Ethernet187,100000,,Access,on
str4-7060x6-512-1,Ethernet188,str4-7060x6-512-fan-1,Ethernet188,100000,,Access,on
str4-7060x6-512-1,Ethernet189,str4-7060x6-512-fan-1,Ethernet189,100000,,Access,on
str4-7060x6-512-1,Ethernet190,str4-7060x6-512-fan-1,Ethernet190,100000,,Access,on
str4-7060x6-512-1,Ethernet191,str4-7060x6-512-fan-1,Ethernet191,100000,,Access,on
str4-7060x6-512-1,Ethernet192,str4-7060x6-512-fan-1,Ethernet192,100000,3224,Access,on
str4-7060x6-512-1,Ethernet193,str4-7060x6-512-fan-1,Ethernet193,100000,,Access,on
str4-7060x6-512-1,Ethernet194,str4-7060x6-512-fan-1,Ethernet194,100000,,Access,on
str4-7060x6-512-1,Ethernet195,str4-7060x6-512-fan-1,Ethernet195,100000,,Access,on
str4-7060x6-512-1,Ethernet196,str4-7060x6-512-fan-1,Ethernet196,100000,,Access,on
str4-7060x6-512-1,Ethernet197,str4-7060x6-512-fan-1,Ethernet197,100000,,Access,on
str4-7060x6-512-1,Ethernet198,str4-7060x6-512-fan-1,Ethernet198,100000,,Access,on
str4-7060x6-512-1,Ethernet199,str4-7060x6-512-fan-1,Ethernet199,100000,,Access,on
str4-7060x6-512-1,Ethernet200,str4-7060x6-512-fan-1,Ethernet200,100000,3225,Access,on
str4-7060x6-512-1,Ethernet201,str4-7060x6-512-fan-1,Ethernet201,100000,,Access,on
str4-7060x6-512-1,Ethernet202,str4-7060x6-512-fan-1,Ethernet202,100000,,Access,on
str4-7060x6-512-1,Ethernet203,str4-7060x6-512-fan-1,Ethernet203,100000,,Access,on
str4-7060x6-512-1,Ethernet204,str4-7060x6-512-fan-1,Ethernet204,100000,,Access,on
str4-7060x6-512-1,Ethernet205,str4-7060x6-512-fan-1,Ethernet205,100000,,Access,on
str4-7060x6-512-1,Ethernet206,str4-7060x6-512-fan-1,Ethernet206,100000,,Access,on
str4-7060x6-512-1,Ethernet207,str4-7060x6-512-fan-1,Ethernet207,100000,,Access,on
str4-7060x6-512-1,Ethernet208,str4-7060x6-512-fan-1,Ethernet208,100000,3226,Access,on
str4-7060x6-512-1,Ethernet209,str4-7060x6-512-fan-1,Ethernet209,100000,,Access,on
str4-7060x6-512-1,Ethernet210,str4-7060x6-512-fan-1,Ethernet210,100000,,Access,on
str4-7060x6-512-1,Ethernet211,str4-7060x6-512-fan-1,Ethernet211,100000,,Access,on
str4-7060x6-512-1,Ethernet212,str4-7060x6-512-fan-1,Ethernet212,100000,,Access,on
str4-7060x6-512-1,Ethernet213,str4-7060x6-512-fan-1,Ethernet213,100000,,Access,on
str4-7060x6-512-1,Ethernet214,str4-7060x6-512-fan-1,Ethernet214,100000,,Access,on
str4-7060x6-512-1,Ethernet215,str4-7060x6-512-fan-1,Ethernet215,100000,,Access,on
str4-7060x6-512-1,Ethernet216,str4-7060x6-512-fan-1,Ethernet216,100000,3227,Access,on
str4-7060x6-512-1,Ethernet217,str4-7060x6-512-fan-1,Ethernet217,100000,,Access,on
str4-7060x6-512-1,Ethernet218,str4-7060x6-512-fan-1,Ethernet218,100000,,Access,on
str4-7060x6-512-1,Ethernet219,str4-7060x6-512-fan-1,Ethernet219,100000,,Access,on
str4-7060x6-512-1,Ethernet220,str4-7060x6-512-fan-1,Ethernet220,100000,,Access,on
str4-7060x6-512-1,Ethernet221,str4-7060x6-512-fan-1,Ethernet221,100000,,Access,on
str4-7060x6-512-1,Ethernet222,str4-7060x6-512-fan-1,Ethernet222,100000,,Access,on
str4-7060x6-512-1,Ethernet223,str4-7060x6-512-fan-1,Ethernet223,100000,,Access,on
str4-7060x6-512-1,Ethernet224,str4-7060x6-512-fan-1,Ethernet224,100000,3228,Access,on
str4-7060x6-512-1,Ethernet225,str4-7060x6-512-fan-1,Ethernet225,100000,,Access,on
str4-7060x6-512-1,Ethernet226,str4-7060x6-512-fan-1,Ethernet226,100000,,Access,on
str4-7060x6-512-1,Ethernet227,str4-7060x6-512-fan-1,Ethernet227,100000,,Access,on
str4-7060x6-512-1,Ethernet228,str4-7060x6-512-fan-1,Ethernet228,100000,,Access,on
str4-7060x6-512-1,Ethernet229,str4-7060x6-512-fan-1,Ethernet229,100000,,Access,on
str4-7060x6-512-1,Ethernet230,str4-7060x6-512-fan-1,Ethernet230,100000,,Access,on
str4-7060x6-512-1,Ethernet231,str4-7060x6-512-fan-1,Ethernet231,100000,,Access,on
str4-7060x6-512-1,Ethernet232,str4-7060x6-512-fan-1,Ethernet232,100000,3229,Access,on
str4-7060x6-512-1,Ethernet233,str4-7060x6-512-fan-1,Ethernet233,100000,,Access,on
str4-7060x6-512-1,Ethernet234,str4-7060x6-512-fan-1,Ethernet234,100000,,Access,on
str4-7060x6-512-1,Ethernet235,str4-7060x6-512-fan-1,Ethernet235,100000,,Access,on
str4-7060x6-512-1,Ethernet236,str4-7060x6-512-fan-1,Ethernet236,100000,,Access,on
str4-7060x6-512-1,Ethernet237,str4-7060x6-512-fan-1,Ethernet237,100000,,Access,on
str4-7060x6-512-1,Ethernet238,str4-7060x6-512-fan-1,Ethernet238,100000,,Access,on
str4-7060x6-512-1,Ethernet239,str4-7060x6-512-fan-1,Ethernet239,100000,,Access,on
str4-7060x6-512-1,Ethernet240,str4-7060x6-512-fan-1,Ethernet240,100000,3230,Access,on
str4-7060x6-512-1,Ethernet241,str4-7060x6-512-fan-1,Ethernet241,100000,,Access,on
str4-7060x6-512-1,Ethernet242,str4-7060x6-512-fan-1,Ethernet242,100000,,Access,on
str4-7060x6-512-1,Ethernet243,str4-7060x6-512-fan-1,Ethernet243,100000,,Access,on
str4-7060x6-512-1,Ethernet244,str4-7060x6-512-fan-1,Ethernet244,100000,,Access,on
str4-7060x6-512-1,Ethernet245,str4-7060x6-512-fan-1,Ethernet245,100000,,Access,on
str4-7060x6-512-1,Ethernet246,str4-7060x6-512-fan-1,Ethernet246,100000,,Access,on
str4-7060x6-512-1,Ethernet247,str4-7060x6-512-fan-1,Ethernet247,100000,,Access,on
str4-7060x6-512-1,Ethernet248,str4-7060x6-512-fan-1,Ethernet248,100000,3231,Access,on
str4-7060x6-512-1,Ethernet249,str4-7060x6-512-fan-1,Ethernet249,100000,,Access,on
str4-7060x6-512-1,Ethernet250,str4-7060x6-512-fan-1,Ethernet250,100000,,Access,on
str4-7060x6-512-1,Ethernet251,str4-7060x6-512-fan-1,Ethernet251,100000,,Access,on
str4-7060x6-512-1,Ethernet252,str4-7060x6-512-fan-1,Ethernet252,100000,,Access,on
str4-7060x6-512-1,Ethernet253,str4-7060x6-512-fan-1,Ethernet253,100000,,Access,on
str4-7060x6-512-1,Ethernet254,str4-7060x6-512-fan-1,Ethernet254,100000,,Access,on
str4-7060x6-512-1,Ethernet255,str4-7060x6-512-fan-1,Ethernet255,100000,,Access,on
str4-7060x6-512-1,Ethernet256,str4-7060x6-512-fan-1,Ethernet256,100000,3232,Access,on
str4-7060x6-512-1,Ethernet257,str4-7060x6-512-fan-1,Ethernet257,100000,,Access,on
str4-7060x6-512-1,Ethernet258,str4-7060x6-512-fan-1,Ethernet258,100000,,Access,on
str4-7060x6-512-1,Ethernet259,str4-7060x6-512-fan-1,Ethernet259,100000,,Access,on
str4-7060x6-512-1,Ethernet260,str4-7060x6-512-fan-1,Ethernet260,100000,,Access,on
str4-7060x6-512-1,Ethernet261,str4-7060x6-512-fan-1,Ethernet261,100000,,Access,on
str4-7060x6-512-1,Ethernet262,str4-7060x6-512-fan-1,Ethernet262,100000,,Access,on
str4-7060x6-512-1,Ethernet263,str4-7060x6-512-fan-1,Ethernet263,100000,,Access,on
str4-7060x6-512-1,Ethernet264,str4-7060x6-512-fan-1,Ethernet264,100000,3233,Access,on
str4-7060x6-512-1,Ethernet265,str4-7060x6-512-fan-1,Ethernet265,100000,,Access,on
str4-7060x6-512-1,Ethernet266,str4-7060x6-512-fan-1,Ethernet266,100000,,Access,on
str4-7060x6-512-1,Ethernet267,str4-7060x6-512-fan-1,Ethernet267,100000,,Access,on
str4-7060x6-512-1,Ethernet268,str4-7060x6-512-fan-1,Ethernet268,100000,,Access,on
str4-7060x6-512-1,Ethernet269,str4-7060x6-512-fan-1,Ethernet269,100000,,Access,on
str4-7060x6-512-1,Ethernet270,str4-7060x6-512-fan-1,Ethernet270,100000,,Access,on
str4-7060x6-512-1,Ethernet271,str4-7060x6-512-fan-1,Ethernet271,100000,,Access,on
str4-7060x6-512-1,Ethernet272,str4-7060x6-512-fan-1,Ethernet272,100000,3234,Access,on
str4-7060x6-512-1,Ethernet273,str4-7060x6-512-fan-1,Ethernet273,100000,,Access,on
str4-7060x6-512-1,Ethernet274,str4-7060x6-512-fan-1,Ethernet274,100000,,Access,on
str4-7060x6-512-1,Ethernet275,str4-7060x6-512-fan-1,Ethernet275,100000,,Access,on
str4-7060x6-512-1,Ethernet276,str4-7060x6-512-fan-1,Ethernet276,100000,,Access,on
str4-7060x6-512-1,Ethernet277,str4-7060x6-512-fan-1,Ethernet277,100000,,Access,on
str4-7060x6-512-1,Ethernet278,str4-7060x6-512-fan-1,Ethernet278,100000,,Access,on
str4-7060x6-512-1,Ethernet279,str4-7060x6-512-fan-1,Ethernet279,100000,,Access,on
str4-7060x6-512-1,Ethernet280,str4-7060x6-512-fan-1,Ethernet280,100000,3235,Access,on
str4-7060x6-512-1,Ethernet281,str4-7060x6-512-fan-1,Ethernet281,100000,,Access,on
str4-7060x6-512-1,Ethernet282,str4-7060x6-512-fan-1,Ethernet282,100000,,Access,on
str4-7060x6-512-1,Ethernet283,str4-7060x6-512-fan-1,Ethernet283,100000,,Access,on
str4-7060x6-512-1,Ethernet284,str4-7060x6-512-fan-1,Ethernet284,100000,,Access,on
str4-7060x6-512-1,Ethernet285,str4-7060x6-512-fan-1,Ethernet285,100000,,Access,on
str4-7060x6-512-1,Ethernet286,str4-7060x6-512-fan-1,Ethernet286,100000,,Access,on
str4-7060x6-512-1,Ethernet287,str4-7060x6-512-fan-1,Ethernet287,100000,,Access,on
str4-7060x6-512-1,Ethernet288,str4-7060x6-512-fan-1,Ethernet288,100000,3236,Access,on
str4-7060x6-512-1,Ethernet289,str4-7060x6-512-fan-1,Ethernet289,100000,,Access,on
str4-7060x6-512-1,Ethernet290,str4-7060x6-512-fan-1,Ethernet290,100000,,Access,on
str4-7060x6-512-1,Ethernet291,str4-7060x6-512-fan-1,Ethernet291,100000,,Access,on
str4-7060x6-512-1,Ethernet292,str4-7060x6-512-fan-1,Ethernet292,100000,,Access,on
str4-7060x6-512-1,Ethernet293,str4-7060x6-512-fan-1,Ethernet293,100000,,Access,on
str4-7060x6-512-1,Ethernet294,str4-7060x6-512-fan-1,Ethernet294,100000,,Access,on
str4-7060x6-512-1,Ethernet295,str4-7060x6-512-fan-1,Ethernet295,100000,,Access,on
str4-7060x6-512-1,Ethernet296,str4-7060x6-512-fan-1,Ethernet296,100000,3237,Access,on
str4-7060x6-512-1,Ethernet297,str4-7060x6-512-fan-1,Ethernet297,100000,,Access,on
str4-7060x6-512-1,Ethernet298,str4-7060x6-512-fan-1,Ethernet298,100000,,Access,on
str4-7060x6-512-1,Ethernet299,str4-7060x6-512-fan-1,Ethernet299,100000,,Access,on
str4-7060x6-512-1,Ethernet300,str4-7060x6-512-fan-1,Ethernet300,100000,,Access,on
str4-7060x6-512-1,Ethernet301,str4-7060x6-512-fan-1,Ethernet301,100000,,Access,on
str4-7060x6-512-1,Ethernet302,str4-7060x6-512-fan-1,Ethernet302,100000,,Access,on
str4-7060x6-512-1,Ethernet303,str4-7060x6-512-fan-1,Ethernet303,100000,,Access,on
str4-7060x6-512-1,Ethernet304,str4-7060x6-512-fan-1,Ethernet304,100000,3238,Access,on
str4-7060x6-512-1,Ethernet305,str4-7060x6-512-fan-1,Ethernet305,100000,,Access,on
str4-7060x6-512-1,Ethernet306,str4-7060x6-512-fan-1,Ethernet306,100000,,Access,on
str4-7060x6-512-1,Ethernet307,str4-7060x6-512-fan-1,Ethernet307,100000,,Access,on
str4-7060x6-512-1,Ethernet308,str4-7060x6-512-fan-1,Ethernet308,100000,,Access,on
str4-7060x6-512-1,Ethernet309,str4-7060x6-512-fan-1,Ethernet309,100000,,Access,on
str4-7060x6-512-1,Ethernet310,str4-7060x6-512-fan-1,Ethernet310,100000,,Access,on
str4-7060x6-512-1,Ethernet311,str4-7060x6-512-fan-1,Ethernet311,100000,,Access,on
str4-7060x6-512-1,Ethernet312,str4-7060x6-512-fan-1,Ethernet312,100000,3239,Access,on
str4-7060x6-512-1,Ethernet313,str4-7060x6-512-fan-1,Ethernet313,100000,,Access,on
str4-7060x6-512-1,Ethernet314,str4-7060x6-512-fan-1,Ethernet314,100000,,Access,on
str4-7060x6-512-1,Ethernet315,str4-7060x6-512-fan-1,Ethernet315,100000,,Access,on
str4-7060x6-512-1,Ethernet316,str4-7060x6-512-fan-1,Ethernet316,100000,,Access,on
str4-7060x6-512-1,Ethernet317,str4-7060x6-512-fan-1,Ethernet317,100000,,Access,on
str4-7060x6-512-1,Ethernet318,str4-7060x6-512-fan-1,Ethernet318,100000,,Access,on
str4-7060x6-512-1,Ethernet319,str4-7060x6-512-fan-1,Ethernet319,100000,,Access,on
str4-7060x6-512-1,Ethernet320,str4-7060x6-512-fan-1,Ethernet320,100000,3240,Access,on
str4-7060x6-512-1,Ethernet321,str4-7060x6-512-fan-1,Ethernet321,100000,,Access,on
str4-7060x6-512-1,Ethernet322,str4-7060x6-512-fan-1,Ethernet322,100000,,Access,on
str4-7060x6-512-1,Ethernet323,str4-7060x6-512-fan-1,Ethernet323,100000,,Access,on
str4-7060x6-512-1,Ethernet324,str4-7060x6-512-fan-1,Ethernet324,100000,,Access,on
str4-7060x6-512-1,Ethernet325,str4-7060x6-512-fan-1,Ethernet325,100000,,Access,on
str4-7060x6-512-1,Ethernet326,str4-7060x6-512-fan-1,Ethernet326,100000,,Access,on
str4-7060x6-512-1,Ethernet327,str4-7060x6-512-fan-1,Ethernet327,100000,,Access,on
str4-7060x6-512-1,Ethernet328,str4-7060x6-512-fan-1,Ethernet328,100000,3241,Access,on
str4-7060x6-512-1,Ethernet329,str4-7060x6-512-fan-1,Ethernet329,100000,,Access,on
str4-7060x6-512-1,Ethernet330,str4-7060x6-512-fan-1,Ethernet330,100000,,Access,on
str4-7060x6-512-1,Ethernet331,str4-7060x6-512-fan-1,Ethernet331,100000,,Access,on
str4-7060x6-512-1,Ethernet332,str4-7060x6-512-fan-1,Ethernet332,100000,,Access,on
str4-7060x6-512-1,Ethernet333,str4-7060x6-512-fan-1,Ethernet333,100000,,Access,on
str4-7060x6-512-1,Ethernet334,str4-7060x6-512-fan-1,Ethernet334,100000,,Access,on
str4-7060x6-512-1,Ethernet335,str4-7060x6-512-fan-1,Ethernet335,100000,,Access,on
str4-7060x6-512-1,Ethernet336,str4-7060x6-512-fan-1,Ethernet336,100000,3242,Access,on
str4-7060x6-512-1,Ethernet337,str4-7060x6-512-fan-1,Ethernet337,100000,,Access,on
str4-7060x6-512-1,Ethernet338,str4-7060x6-512-fan-1,Ethernet338,100000,,Access,on
str4-7060x6-512-1,Ethernet339,str4-7060x6-512-fan-1,Ethernet339,100000,,Access,on
str4-7060x6-512-1,Ethernet340,str4-7060x6-512-fan-1,Ethernet340,100000,,Access,on
str4-7060x6-512-1,Ethernet341,str4-7060x6-512-fan-1,Ethernet341,100000,,Access,on
str4-7060x6-512-1,Ethernet342,str4-7060x6-512-fan-1,Ethernet342,100000,,Access,on
str4-7060x6-512-1,Ethernet343,str4-7060x6-512-fan-1,Ethernet343,100000,,Access,on
str4-7060x6-512-1,Ethernet344,str4-7060x6-512-fan-1,Ethernet344,100000,3243,Access,on
str4-7060x6-512-1,Ethernet345,str4-7060x6-512-fan-1,Ethernet345,100000,,Access,on
str4-7060x6-512-1,Ethernet346,str4-7060x6-512-fan-1,Ethernet346,100000,,Access,on
str4-7060x6-512-1,Ethernet347,str4-7060x6-512-fan-1,Ethernet347,100000,,Access,on
str4-7060x6-512-1,Ethernet348,str4-7060x6-512-fan-1,Ethernet348,100000,,Access,on
str4-7060x6-512-1,Ethernet349,str4-7060x6-512-fan-1,Ethernet349,100000,,Access,on
str4-7060x6-512-1,Ethernet350,str4-7060x6-512-fan-1,Ethernet350,100000,,Access,on
str4-7060x6-512-1,Ethernet351,str4-7060x6-512-fan-1,Ethernet351,100000,,Access,on
str4-7060x6-512-1,Ethernet352,str4-7060x6-512-fan-1,Ethernet352,100000,3244,Access,on
str4-7060x6-512-1,Ethernet353,str4-7060x6-512-fan-1,Ethernet353,100000,,Access,on
str4-7060x6-512-1,Ethernet354,str4-7060x6-512-fan-1,Ethernet354,100000,,Access,on
str4-7060x6-512-1,Ethernet355,str4-7060x6-512-fan-1,Ethernet355,100000,,Access,on
str4-7060x6-512-1,Ethernet356,str4-7060x6-512-fan-1,Ethernet356,100000,,Access,on
str4-7060x6-512-1,Ethernet357,str4-7060x6-512-fan-1,Ethernet357,100000,,Access,on
str4-7060x6-512-1,Ethernet358,str4-7060x6-512-fan-1,Ethernet358,100000,,Access,on
str4-7060x6-512-1,Ethernet359,str4-7060x6-512-fan-1,Ethernet359,100000,,Access,on
str4-7060x6-512-1,Ethernet360,str4-7060x6-512-fan-1,Ethernet360,100000,3245,Access,on
str4-7060x6-512-1,Ethernet361,str4-7060x6-512-fan-1,Ethernet361,100000,,Access,on
str4-7060x6-512-1,Ethernet362,str4-7060x6-512-fan-1,Ethernet362,100000,,Access,on
str4-7060x6-512-1,Ethernet363,str4-7060x6-512-fan-1,Ethernet363,100000,,Access,on
str4-7060x6-512-1,Ethernet364,str4-7060x6-512-fan-1,Ethernet364,100000,,Access,on
str4-7060x6-512-1,Ethernet365,str4-7060x6-512-fan-1,Ethernet365,100000,,Access,on
str4-7060x6-512-1,Ethernet366,str4-7060x6-512-fan-1,Ethernet366,100000,,Access,on
str4-7060x6-512-1,Ethernet367,str4-7060x6-512-fan-1,Ethernet367,100000,,Access,on
str4-7060x6-512-1,Ethernet368,str4-7060x6-512-fan-1,Ethernet368,100000,3246,Access,on
str4-7060x6-512-1,Ethernet369,str4-7060x6-512-fan-1,Ethernet369,100000,,Access,on
str4-7060x6-512-1,Ethernet370,str4-7060x6-512-fan-1,Ethernet370,100000,,Access,on
str4-7060x6-512-1,Ethernet371,str4-7060x6-512-fan-1,Ethernet371,100000,,Access,on
str4-7060x6-512-1,Ethernet372,str4-7060x6-512-fan-1,Ethernet372,100000,,Access,on
str4-7060x6-512-1,Ethernet373,str4-7060x6-512-fan-1,Ethernet373,100000,,Access,on
str4-7060x6-512-1,Ethernet374,str4-7060x6-512-fan-1,Ethernet374,100000,,Access,on
str4-7060x6-512-1,Ethernet375,str4-7060x6-512-fan-1,Ethernet375,100000,,Access,on
str4-7060x6-512-1,Ethernet376,str4-7060x6-512-fan-1,Ethernet376,100000,3247,Access,on
str4-7060x6-512-1,Ethernet377,str4-7060x6-512-fan-1,Ethernet377,100000,,Access,on
str4-7060x6-512-1,Ethernet378,str4-7060x6-512-fan-1,Ethernet378,100000,,Access,on
str4-7060x6-512-1,Ethernet379,str4-7060x6-512-fan-1,Ethernet379,100000,,Access,on
str4-7060x6-512-1,Ethernet380,str4-7060x6-512-fan-1,Ethernet380,100000,,Access,on
str4-7060x6-512-1,Ethernet381,str4-7060x6-512-fan-1,Ethernet381,100000,,Access,on
str4-7060x6-512-1,Ethernet382,str4-7060x6-512-fan-1,Ethernet382,100000,,Access,on
str4-7060x6-512-1,Ethernet383,str4-7060x6-512-fan-1,Ethernet383,100000,,Access,on
str4-7060x6-512-1,Ethernet384,str4-7060x6-512-fan-1,Ethernet384,100000,3248,Access,on
str4-7060x6-512-1,Ethernet385,str4-7060x6-512-fan-1,Ethernet385,100000,,Access,on
str4-7060x6-512-1,Ethernet386,str4-7060x6-512-fan-1,Ethernet386,100000,,Access,on
str4-7060x6-512-1,Ethernet387,str4-7060x6-512-fan-1,Ethernet387,100000,,Access,on
str4-7060x6-512-1,Ethernet388,str4-7060x6-512-fan-1,Ethernet388,100000,,Access,on
str4-7060x6-512-1,Ethernet389,str4-7060x6-512-fan-1,Ethernet389,100000,,Access,on
str4-7060x6-512-1,Ethernet390,str4-7060x6-512-fan-1,Ethernet390,100000,,Access,on
str4-7060x6-512-1,Ethernet391,str4-7060x6-512-fan-1,Ethernet391,100000,,Access,on
str4-7060x6-512-1,Ethernet392,str4-7060x6-512-fan-1,Ethernet392,100000,3249,Access,on
str4-7060x6-512-1,Ethernet393,str4-7060x6-512-fan-1,Ethernet393,100000,,Access,on
str4-7060x6-512-1,Ethernet394,str4-7060x6-512-fan-1,Ethernet394,100000,,Access,on
str4-7060x6-512-1,Ethernet395,str4-7060x6-512-fan-1,Ethernet395,100000,,Access,on
str4-7060x6-512-1,Ethernet396,str4-7060x6-512-fan-1,Ethernet396,100000,,Access,on
str4-7060x6-512-1,Ethernet397,str4-7060x6-512-fan-1,Ethernet397,100000,,Access,on
str4-7060x6-512-1,Ethernet398,str4-7060x6-512-fan-1,Ethernet398,100000,,Access,on
str4-7060x6-512-1,Ethernet399,str4-7060x6-512-fan-1,Ethernet399,100000,,Access,on
str4-7060x6-512-1,Ethernet400,str4-7060x6-512-fan-1,Ethernet400,100000,3250,Access,on
str4-7060x6-512-1,Ethernet401,str4-7060x6-512-fan-1,Ethernet401,100000,,Access,on
str4-7060x6-512-1,Ethernet402,str4-7060x6-512-fan-1,Ethernet402,100000,,Access,on
str4-7060x6-512-1,Ethernet403,str4-7060x6-512-fan-1,Ethernet403,100000,,Access,on
str4-7060x6-512-1,Ethernet404,str4-7060x6-512-fan-1,Ethernet404,100000,,Access,on
str4-7060x6-512-1,Ethernet405,str4-7060x6-512-fan-1,Ethernet405,100000,,Access,on
str4-7060x6-512-1,Ethernet406,str4-7060x6-512-fan-1,Ethernet406,100000,,Access,on
str4-7060x6-512-1,Ethernet407,str4-7060x6-512-fan-1,Ethernet407,100000,,Access,on
str4-7060x6-512-1,Ethernet408,str4-7060x6-512-fan-1,Ethernet408,100000,3251,Access,on
str4-7060x6-512-1,Ethernet409,str4-7060x6-512-fan-1,Ethernet409,100000,,Access,on
str4-7060x6-512-1,Ethernet410,str4-7060x6-512-fan-1,Ethernet410,100000,,Access,on
str4-7060x6-512-1,Ethernet411,str4-7060x6-512-fan-1,Ethernet411,100000,,Access,on
str4-7060x6-512-1,Ethernet412,str4-7060x6-512-fan-1,Ethernet412,100000,,Access,on
str4-7060x6-512-1,Ethernet413,str4-7060x6-512-fan-1,Ethernet413,100000,,Access,on
str4-7060x6-512-1,Ethernet414,str4-7060x6-512-fan-1,Ethernet414,100000,,Access,on
str4-7060x6-512-1,Ethernet415,str4-7060x6-512-fan-1,Ethernet415,100000,,Access,on
str4-7060x6-512-1,Ethernet416,str4-7060x6-512-fan-1,Ethernet416,100000,3252,Access,on
str4-7060x6-512-1,Ethernet417,str4-7060x6-512-fan-1,Ethernet417,100000,,Access,on
str4-7060x6-512-1,Ethernet418,str4-7060x6-512-fan-1,Ethernet418,100000,,Access,on
str4-7060x6-512-1,Ethernet419,str4-7060x6-512-fan-1,Ethernet419,100000,,Access,on
str4-7060x6-512-1,Ethernet420,str4-7060x6-512-fan-1,Ethernet420,100000,,Access,on
str4-7060x6-512-1,Ethernet421,str4-7060x6-512-fan-1,Ethernet421,100000,,Access,on
str4-7060x6-512-1,Ethernet422,str4-7060x6-512-fan-1,Ethernet422,100000,,Access,on
str4-7060x6-512-1,Ethernet423,str4-7060x6-512-fan-1,Ethernet423,100000,,Access,on
str4-7060x6-512-1,Ethernet424,str4-7060x6-512-fan-1,Ethernet424,100000,3253,Access,on
str4-7060x6-512-1,Ethernet425,str4-7060x6-512-fan-1,Ethernet425,100000,,Access,on
str4-7060x6-512-1,Ethernet426,str4-7060x6-512-fan-1,Ethernet426,100000,,Access,on
str4-7060x6-512-1,Ethernet427,str4-7060x6-512-fan-1,Ethernet427,100000,,Access,on
str4-7060x6-512-1,Ethernet428,str4-7060x6-512-fan-1,Ethernet428,100000,,Access,on
str4-7060x6-512-1,Ethernet429,str4-7060x6-512-fan-1,Ethernet429,100000,,Access,on
str4-7060x6-512-1,Ethernet430,str4-7060x6-512-fan-1,Ethernet430,100000,,Access,on
str4-7060x6-512-1,Ethernet431,str4-7060x6-512-fan-1,Ethernet431,100000,,Access,on
str4-7060x6-512-1,Ethernet432,str4-7060x6-512-fan-1,Ethernet432,100000,3254,Access,on
str4-7060x6-512-1,Ethernet433,str4-7060x6-512-fan-1,Ethernet433,100000,,Access,on
str4-7060x6-512-1,Ethernet434,str4-7060x6-512-fan-1,Ethernet434,100000,,Access,on
str4-7060x6-512-1,Ethernet435,str4-7060x6-512-fan-1,Ethernet435,100000,,Access,on
str4-7060x6-512-1,Ethernet436,str4-7060x6-512-fan-1,Ethernet436,100000,,Access,on
str4-7060x6-512-1,Ethernet437,str4-7060x6-512-fan-1,Ethernet437,100000,,Access,on
str4-7060x6-512-1,Ethernet438,str4-7060x6-512-fan-1,Ethernet438,100000,,Access,on
str4-7060x6-512-1,Ethernet439,str4-7060x6-512-fan-1,Ethernet439,100000,,Access,on
str4-7060x6-512-1,Ethernet440,str4-7060x6-512-fan-1,Ethernet440,100000,3255,Access,on
str4-7060x6-512-1,Ethernet441,str4-7060x6-512-fan-1,Ethernet441,100000,,Access,on
str4-7060x6-512-1,Ethernet442,str4-7060x6-512-fan-1,Ethernet442,100000,,Access,on
str4-7060x6-512-1,Ethernet443,str4-7060x6-512-fan-1,Ethernet443,100000,,Access,on
str4-7060x6-512-1,Ethernet444,str4-7060x6-512-fan-1,Ethernet444,100000,,Access,on
str4-7060x6-512-1,Ethernet445,str4-7060x6-512-fan-1,Ethernet445,100000,,Access,on
str4-7060x6-512-1,Ethernet446,str4-7060x6-512-fan-1,Ethernet446,100000,,Access,on
str4-7060x6-512-1,Ethernet447,str4-7060x6-512-fan-1,Ethernet447,100000,,Access,on
str4-7060x6-512-1,Ethernet448,str4-7060x6-512-fan-1,Ethernet448,100000,3256,Access,on
str4-7060x6-512-1,Ethernet449,str4-7060x6-512-fan-1,Ethernet449,100000,,Access,on
str4-7060x6-512-1,Ethernet450,str4-7060x6-512-fan-1,Ethernet450,100000,,Access,on
str4-7060x6-512-1,Ethernet451,str4-7060x6-512-fan-1,Ethernet451,100000,,Access,on
str4-7060x6-512-1,Ethernet452,str4-7060x6-512-fan-1,Ethernet452,100000,,Access,on
str4-7060x6-512-1,Ethernet453,str4-7060x6-512-fan-1,Ethernet453,100000,,Access,on
str4-7060x6-512-1,Ethernet454,str4-7060x6-512-fan-1,Ethernet454,100000,,Access,on
str4-7060x6-512-1,Ethernet455,str4-7060x6-512-fan-1,Ethernet455,100000,,Access,on
str4-7060x6-512-1,Ethernet456,str4-7060x6-512-fan-1,Ethernet456,100000,3257,Access,on
str4-7060x6-512-1,Ethernet457,str4-7060x6-512-fan-1,Ethernet457,100000,,Access,on
str4-7060x6-512-1,Ethernet458,str4-7060x6-512-fan-1,Ethernet458,100000,,Access,on
str4-7060x6-512-1,Ethernet459,str4-7060x6-512-fan-1,Ethernet459,100000,,Access,on
str4-7060x6-512-1,Ethernet460,str4-7060x6-512-fan-1,Ethernet460,100000,,Access,on
str4-7060x6-512-1,Ethernet461,str4-7060x6-512-fan-1,Ethernet461,100000,,Access,on
str4-7060x6-512-1,Ethernet462,str4-7060x6-512-fan-1,Ethernet462,100000,,Access,on
str4-7060x6-512-1,Ethernet463,str4-7060x6-512-fan-1,Ethernet463,100000,,Access,on
str4-7060x6-512-1,Ethernet464,str4-7060x6-512-fan-1,Ethernet464,100000,3258,Access,on
str4-7060x6-512-1,Ethernet465,str4-7060x6-512-fan-1,Ethernet465,100000,,Access,on
str4-7060x6-512-1,Ethernet466,str4-7060x6-512-fan-1,Ethernet466,100000,,Access,on
str4-7060x6-512-1,Ethernet467,str4-7060x6-512-fan-1,Ethernet467,100000,,Access,on
str4-7060x6-512-1,Ethernet468,str4-7060x6-512-fan-1,Ethernet468,100000,,Access,on
str4-7060x6-512-1,Ethernet469,str4-7060x6-512-fan-1,Ethernet469,100000,,Access,on
str4-7060x6-512-1,Ethernet470,str4-7060x6-512-fan-1,Ethernet470,100000,,Access,on
str4-7060x6-512-1,Ethernet471,str4-7060x6-512-fan-1,Ethernet471,100000,,Access,on
str4-7060x6-512-1,Ethernet472,str4-7060x6-512-fan-1,Ethernet472,100000,3259,Access,on
str4-7060x6-512-1,Ethernet473,str4-7060x6-512-fan-1,Ethernet473,100000,,Access,on
str4-7060x6-512-1,Ethernet474,str4-7060x6-512-fan-1,Ethernet474,100000,,Access,on
str4-7060x6-512-1,Ethernet475,str4-7060x6-512-fan-1,Ethernet475,100000,,Access,on
str4-7060x6-512-1,Ethernet476,str4-7060x6-512-fan-1,Ethernet476,100000,,Access,on
str4-7060x6-512-1,Ethernet477,str4-7060x6-512-fan-1,Ethernet477,100000,,Access,on
str4-7060x6-512-1,Ethernet478,str4-7060x6-512-fan-1,Ethernet478,100000,,Access,on
str4-7060x6-512-1,Ethernet479,str4-7060x6-512-fan-1,Ethernet479,100000,,Access,on
str4-7060x6-512-1,Ethernet480,str4-7060x6-512-fan-1,Ethernet480,100000,3260,Access,on
str4-7060x6-512-1,Ethernet481,str4-7060x6-512-fan-1,Ethernet481,100000,,Access,on
str4-7060x6-512-1,Ethernet482,str4-7060x6-512-fan-1,Ethernet482,100000,,Access,on
str4-7060x6-512-1,Ethernet483,str4-7060x6-512-fan-1,Ethernet483,100000,,Access,on
str4-7060x6-512-1,Ethernet484,str4-7060x6-512-fan-1,Ethernet484,100000,,Access,on
str4-7060x6-512-1,Ethernet485,str4-7060x6-512-fan-1,Ethernet485,100000,,Access,on
str4-7060x6-512-1,Ethernet486,str4-7060x6-512-fan-1,Ethernet486,100000,,Access,on
str4-7060x6-512-1,Ethernet487,str4-7060x6-512-fan-1,Ethernet487,100000,,Access,on
str4-7060x6-512-1,Ethernet488,str4-7060x6-512-fan-1,Ethernet488,100000,3261,Access,on
str4-7060x6-512-1,Ethernet489,str4-7060x6-512-fan-1,Ethernet489,100000,,Access,on
str4-7060x6-512-1,Ethernet490,str4-7060x6-512-fan-1,Ethernet490,100000,,Access,on
str4-7060x6-512-1,Ethernet491,str4-7060x6-512-fan-1,Ethernet491,100000,,Access,on
str4-7060x6-512-1,Ethernet492,str4-7060x6-512-fan-1,Ethernet492,100000,,Access,on
str4-7060x6-512-1,Ethernet493,str4-7060x6-512-fan-1,Ethernet493,100000,,Access,on
str4-7060x6-512-1,Ethernet494,str4-7060x6-512-fan-1,Ethernet494,100000,,Access,on
str4-7060x6-512-1,Ethernet495,str4-7060x6-512-fan-1,Ethernet495,100000,,Access,on
str4-7060x6-512-1,Ethernet496,str4-7060x6-64pe-fan-share-1,Ethernet228,100000,3262,Access,off
str4-7060x6-512-1,Ethernet497,str4-7060x6-64pe-fan-share-1,Ethernet229,100000,,Access,off
str4-7060x6-512-1,Ethernet498,str4-7060x6-64pe-fan-share-1,Ethernet230,100000,,Access,off
str4-7060x6-512-1,Ethernet499,str4-7060x6-64pe-fan-share-1,Ethernet231,100000,,Access,off
str4-7060x6-512-1,Ethernet500,str4-7060x6-64pe-fan-share-1,Ethernet224,100000,,Access,off
str4-7060x6-512-1,Ethernet501,str4-7060x6-64pe-fan-share-1,Ethernet225,100000,,Access,off
str4-7060x6-512-1,Ethernet502,str4-7060x6-64pe-fan-share-1,Ethernet226,100000,,Access,off
str4-7060x6-512-1,Ethernet503,str4-7060x6-64pe-fan-share-1,Ethernet227,100000,,Access,off
str4-7060x6-512-1,Ethernet504,str4-7060x6-512-fan-1,Ethernet504,100000,3263,Access,on
str4-7060x6-512-1,Ethernet505,str4-7060x6-512-fan-1,Ethernet505,100000,,Access,on
str4-7060x6-512-1,Ethernet506,str4-7060x6-512-fan-1,Ethernet506,100000,,Access,on
str4-7060x6-512-1,Ethernet507,str4-7060x6-512-fan-1,Ethernet507,100000,,Access,on
str4-7060x6-512-1,Ethernet508,str4-7060x6-512-fan-1,Ethernet508,100000,,Access,on
str4-7060x6-512-1,Ethernet509,str4-7060x6-512-fan-1,Ethernet509,100000,,Access,on
str4-7060x6-512-1,Ethernet510,str4-7060x6-512-fan-1,Ethernet510,100000,,Access,on
str4-7060x6-512-1,Ethernet511,str4-7060x6-512-fan-1,Ethernet511,100000,,Access,on
str4-7060x6-512-1,Ethernet512,str4-7060x6-512-fan-1,Ethernet512,10000,3264,Access,
str4-7060x6-512-1,Ethernet513,str4-7060x6-512-fan-1,Ethernet513,10000,3265,Access,
str4-7060x6-512-2,Ethernet0,str4-7060x6-512-fan-2,Ethernet0,100000,3100,Access,on
str4-7060x6-512-2,Ethernet1,str4-7060x6-512-fan-2,Ethernet1,100000,,Access,on
str4-7060x6-512-2,Ethernet2,str4-7060x6-512-fan-2,Ethernet2,100000,,Access,on
str4-7060x6-512-2,Ethernet3,str4-7060x6-512-fan-2,Ethernet3,100000,,Access,on
str4-7060x6-512-2,Ethernet4,str4-7060x6-512-fan-2,Ethernet4,100000,,Access,on
str4-7060x6-512-2,Ethernet5,str4-7060x6-512-fan-2,Ethernet5,100000,,Access,on
str4-7060x6-512-2,Ethernet6,str4-7060x6-512-fan-2,Ethernet6,100000,,Access,on
str4-7060x6-512-2,Ethernet7,str4-7060x6-512-fan-2,Ethernet7,100000,,Access,on
str4-7060x6-512-2,Ethernet8,str4-7060x6-512-fan-2,Ethernet8,100000,3101,Access,on
str4-7060x6-512-2,Ethernet9,str4-7060x6-512-fan-2,Ethernet9,100000,,Access,on
str4-7060x6-512-2,Ethernet10,str4-7060x6-512-fan-2,Ethernet10,100000,,Access,on
str4-7060x6-512-2,Ethernet11,str4-7060x6-512-fan-2,Ethernet11,100000,,Access,on
str4-7060x6-512-2,Ethernet12,str4-7060x6-512-fan-2,Ethernet12,100000,,Access,on
str4-7060x6-512-2,Ethernet13,str4-7060x6-512-fan-2,Ethernet13,100000,,Access,on
str4-7060x6-512-2,Ethernet14,str4-7060x6-512-fan-2,Ethernet14,100000,,Access,on
str4-7060x6-512-2,Ethernet15,str4-7060x6-512-fan-2,Ethernet15,100000,,Access,on
str4-7060x6-512-2,Ethernet16,str4-7060x6-512-fan-2,Ethernet16,100000,3102,Access,on
str4-7060x6-512-2,Ethernet17,str4-7060x6-512-fan-2,Ethernet17,100000,,Access,on
str4-7060x6-512-2,Ethernet18,str4-7060x6-512-fan-2,Ethernet18,100000,,Access,on
str4-7060x6-512-2,Ethernet19,str4-7060x6-512-fan-2,Ethernet19,100000,,Access,on
str4-7060x6-512-2,Ethernet20,str4-7060x6-512-fan-2,Ethernet20,100000,,Access,on
str4-7060x6-512-2,Ethernet21,str4-7060x6-512-fan-2,Ethernet21,100000,,Access,on
str4-7060x6-512-2,Ethernet22,str4-7060x6-512-fan-2,Ethernet22,100000,,Access,on
str4-7060x6-512-2,Ethernet23,str4-7060x6-512-fan-2,Ethernet23,100000,,Access,on
str4-7060x6-512-2,Ethernet24,str4-7060x6-512-fan-2,Ethernet24,100000,3103,Access,on
str4-7060x6-512-2,Ethernet25,str4-7060x6-512-fan-2,Ethernet25,100000,,Access,on
str4-7060x6-512-2,Ethernet26,str4-7060x6-512-fan-2,Ethernet26,100000,,Access,on
str4-7060x6-512-2,Ethernet27,str4-7060x6-512-fan-2,Ethernet27,100000,,Access,on
str4-7060x6-512-2,Ethernet28,str4-7060x6-512-fan-2,Ethernet28,100000,,Access,on
str4-7060x6-512-2,Ethernet29,str4-7060x6-512-fan-2,Ethernet29,100000,,Access,on
str4-7060x6-512-2,Ethernet30,str4-7060x6-512-fan-2,Ethernet30,100000,,Access,on
str4-7060x6-512-2,Ethernet31,str4-7060x6-512-fan-2,Ethernet31,100000,,Access,on
str4-7060x6-512-2,Ethernet32,str4-7060x6-512-fan-2,Ethernet32,100000,3104,Access,on
str4-7060x6-512-2,Ethernet33,str4-7060x6-512-fan-2,Ethernet33,100000,,Access,on
str4-7060x6-512-2,Ethernet34,str4-7060x6-512-fan-2,Ethernet34,100000,,Access,on
str4-7060x6-512-2,Ethernet35,str4-7060x6-512-fan-2,Ethernet35,100000,,Access,on
str4-7060x6-512-2,Ethernet36,str4-7060x6-512-fan-2,Ethernet36,100000,,Access,on
str4-7060x6-512-2,Ethernet37,str4-7060x6-512-fan-2,Ethernet37,100000,,Access,on
str4-7060x6-512-2,Ethernet38,str4-7060x6-512-fan-2,Ethernet38,100000,,Access,on
str4-7060x6-512-2,Ethernet39,str4-7060x6-512-fan-2,Ethernet39,100000,,Access,on
str4-7060x6-512-2,Ethernet40,str4-7060x6-512-fan-2,Ethernet40,100000,3105,Access,on
str4-7060x6-512-2,Ethernet41,str4-7060x6-512-fan-2,Ethernet41,100000,,Access,on
str4-7060x6-512-2,Ethernet42,str4-7060x6-512-fan-2,Ethernet42,100000,,Access,on
str4-7060x6-512-2,Ethernet43,str4-7060x6-512-fan-2,Ethernet43,100000,,Access,on
str4-7060x6-512-2,Ethernet44,str4-7060x6-512-fan-2,Ethernet44,100000,,Access,on
str4-7060x6-512-2,Ethernet45,str4-7060x6-512-fan-2,Ethernet45,100000,,Access,on
str4-7060x6-512-2,Ethernet46,str4-7060x6-512-fan-2,Ethernet46,100000,,Access,on
str4-7060x6-512-2,Ethernet47,str4-7060x6-512-fan-2,Ethernet47,100000,,Access,on
str4-7060x6-512-2,Ethernet48,str4-7060x6-512-fan-2,Ethernet48,100000,3106,Access,on
str4-7060x6-512-2,Ethernet49,str4-7060x6-512-fan-2,Ethernet49,100000,,Access,on
str4-7060x6-512-2,Ethernet50,str4-7060x6-512-fan-2,Ethernet50,100000,,Access,on
str4-7060x6-512-2,Ethernet51,str4-7060x6-512-fan-2,Ethernet51,100000,,Access,on
str4-7060x6-512-2,Ethernet52,str4-7060x6-512-fan-2,Ethernet52,100000,,Access,on
str4-7060x6-512-2,Ethernet53,str4-7060x6-512-fan-2,Ethernet53,100000,,Access,on
str4-7060x6-512-2,Ethernet54,str4-7060x6-512-fan-2,Ethernet54,100000,,Access,on
str4-7060x6-512-2,Ethernet55,str4-7060x6-512-fan-2,Ethernet55,100000,,Access,on
str4-7060x6-512-2,Ethernet56,str4-7060x6-512-fan-2,Ethernet56,100000,3107,Access,on
str4-7060x6-512-2,Ethernet57,str4-7060x6-512-fan-2,Ethernet57,100000,,Access,on
str4-7060x6-512-2,Ethernet58,str4-7060x6-512-fan-2,Ethernet58,100000,,Access,on
str4-7060x6-512-2,Ethernet59,str4-7060x6-512-fan-2,Ethernet59,100000,,Access,on
str4-7060x6-512-2,Ethernet60,str4-7060x6-512-fan-2,Ethernet60,100000,,Access,on
str4-7060x6-512-2,Ethernet61,str4-7060x6-512-fan-2,Ethernet61,100000,,Access,on
str4-7060x6-512-2,Ethernet62,str4-7060x6-512-fan-2,Ethernet62,100000,,Access,on
str4-7060x6-512-2,Ethernet63,str4-7060x6-512-fan-2,Ethernet63,100000,,Access,on
str4-7060x6-512-2,Ethernet64,str4-7060x6-512-fan-2,Ethernet64,100000,3108,Access,on
str4-7060x6-512-2,Ethernet65,str4-7060x6-512-fan-2,Ethernet65,100000,,Access,on
str4-7060x6-512-2,Ethernet66,str4-7060x6-512-fan-2,Ethernet66,100000,,Access,on
str4-7060x6-512-2,Ethernet67,str4-7060x6-512-fan-2,Ethernet67,100000,,Access,on
str4-7060x6-512-2,Ethernet68,str4-7060x6-512-fan-2,Ethernet68,100000,,Access,on
str4-7060x6-512-2,Ethernet69,str4-7060x6-512-fan-2,Ethernet69,100000,,Access,on
str4-7060x6-512-2,Ethernet70,str4-7060x6-512-fan-2,Ethernet70,100000,,Access,on
str4-7060x6-512-2,Ethernet71,str4-7060x6-512-fan-2,Ethernet71,100000,,Access,on
str4-7060x6-512-2,Ethernet72,str4-7060x6-512-fan-2,Ethernet72,100000,3109,Access,on
str4-7060x6-512-2,Ethernet73,str4-7060x6-512-fan-2,Ethernet73,100000,,Access,on
str4-7060x6-512-2,Ethernet74,str4-7060x6-512-fan-2,Ethernet74,100000,,Access,on
str4-7060x6-512-2,Ethernet75,str4-7060x6-512-fan-2,Ethernet75,100000,,Access,on
str4-7060x6-512-2,Ethernet76,str4-7060x6-512-fan-2,Ethernet76,100000,,Access,on
str4-7060x6-512-2,Ethernet77,str4-7060x6-512-fan-2,Ethernet77,100000,,Access,on
str4-7060x6-512-2,Ethernet78,str4-7060x6-512-fan-2,Ethernet78,100000,,Access,on
str4-7060x6-512-2,Ethernet79,str4-7060x6-512-fan-2,Ethernet79,100000,,Access,on
str4-7060x6-512-2,Ethernet80,str4-7060x6-512-fan-2,Ethernet80,100000,3110,Access,on
str4-7060x6-512-2,Ethernet81,str4-7060x6-512-fan-2,Ethernet81,100000,,Access,on
str4-7060x6-512-2,Ethernet82,str4-7060x6-512-fan-2,Ethernet82,100000,,Access,on
str4-7060x6-512-2,Ethernet83,str4-7060x6-512-fan-2,Ethernet83,100000,,Access,on
str4-7060x6-512-2,Ethernet84,str4-7060x6-512-fan-2,Ethernet84,100000,,Access,on
str4-7060x6-512-2,Ethernet85,str4-7060x6-512-fan-2,Ethernet85,100000,,Access,on
str4-7060x6-512-2,Ethernet86,str4-7060x6-512-fan-2,Ethernet86,100000,,Access,on
str4-7060x6-512-2,Ethernet87,str4-7060x6-512-fan-2,Ethernet87,100000,,Access,on
str4-7060x6-512-2,Ethernet88,str4-7060x6-512-fan-2,Ethernet88,100000,3111,Access,on
str4-7060x6-512-2,Ethernet89,str4-7060x6-512-fan-2,Ethernet89,100000,,Access,on
str4-7060x6-512-2,Ethernet90,str4-7060x6-512-fan-2,Ethernet90,100000,,Access,on
str4-7060x6-512-2,Ethernet91,str4-7060x6-512-fan-2,Ethernet91,100000,,Access,on
str4-7060x6-512-2,Ethernet92,str4-7060x6-512-fan-2,Ethernet92,100000,,Access,on
str4-7060x6-512-2,Ethernet93,str4-7060x6-512-fan-2,Ethernet93,100000,,Access,on
str4-7060x6-512-2,Ethernet94,str4-7060x6-512-fan-2,Ethernet94,100000,,Access,on
str4-7060x6-512-2,Ethernet95,str4-7060x6-512-fan-2,Ethernet95,100000,,Access,on
str4-7060x6-512-2,Ethernet96,str4-7060x6-512-fan-2,Ethernet96,400000,3112,Access,on
str4-7060x6-512-2,Ethernet100,str4-7060x6-512-fan-2,Ethernet100,400000,3113,Access,on
str4-7060x6-512-2,Ethernet104,str4-7060x6-512-fan-2,Ethernet104,400000,3114,Access,on
str4-7060x6-512-2,Ethernet108,str4-7060x6-512-fan-2,Ethernet108,400000,3115,Access,on
str4-7060x6-512-2,Ethernet112,str4-7060x6-512-fan-2,Ethernet112,100000,3116,Access,on
str4-7060x6-512-2,Ethernet113,str4-7060x6-512-fan-2,Ethernet113,100000,,Access,on
str4-7060x6-512-2,Ethernet114,str4-7060x6-512-fan-2,Ethernet114,100000,,Access,on
str4-7060x6-512-2,Ethernet115,str4-7060x6-512-fan-2,Ethernet115,100000,,Access,on
str4-7060x6-512-2,Ethernet116,str4-7060x6-512-fan-2,Ethernet116,100000,,Access,on
str4-7060x6-512-2,Ethernet117,str4-7060x6-512-fan-2,Ethernet117,100000,,Access,on
str4-7060x6-512-2,Ethernet118,str4-7060x6-512-fan-2,Ethernet118,100000,,Access,on
str4-7060x6-512-2,Ethernet119,str4-7060x6-512-fan-2,Ethernet119,100000,,Access,on
str4-7060x6-512-2,Ethernet120,str4-7060x6-512-fan-2,Ethernet120,100000,3117,Access,on
str4-7060x6-512-2,Ethernet121,str4-7060x6-512-fan-2,Ethernet121,100000,,Access,on
str4-7060x6-512-2,Ethernet122,str4-7060x6-512-fan-2,Ethernet122,100000,,Access,on
str4-7060x6-512-2,Ethernet123,str4-7060x6-512-fan-2,Ethernet123,100000,,Access,on
str4-7060x6-512-2,Ethernet124,str4-7060x6-512-fan-2,Ethernet124,100000,,Access,on
str4-7060x6-512-2,Ethernet125,str4-7060x6-512-fan-2,Ethernet125,100000,,Access,on
str4-7060x6-512-2,Ethernet126,str4-7060x6-512-fan-2,Ethernet126,100000,,Access,on
str4-7060x6-512-2,Ethernet127,str4-7060x6-512-fan-2,Ethernet127,100000,,Access,on
str4-7060x6-512-2,Ethernet128,str4-7060x6-512-fan-2,Ethernet128,400000,3118,Access,on
str4-7060x6-512-2,Ethernet132,str4-7060x6-512-fan-2,Ethernet132,400000,3119,Access,on
str4-7060x6-512-2,Ethernet136,str4-7060x6-512-fan-2,Ethernet136,400000,3120,Access,on
str4-7060x6-512-2,Ethernet140,str4-7060x6-512-fan-2,Ethernet140,400000,3121,Access,on
str4-7060x6-512-2,Ethernet144,str4-7060x6-512-fan-2,Ethernet144,100000,3122,Access,on
str4-7060x6-512-2,Ethernet145,str4-7060x6-512-fan-2,Ethernet145,100000,,Access,on
str4-7060x6-512-2,Ethernet146,str4-7060x6-512-fan-2,Ethernet146,100000,,Access,on
str4-7060x6-512-2,Ethernet147,str4-7060x6-512-fan-2,Ethernet147,100000,,Access,on
str4-7060x6-512-2,Ethernet148,str4-7060x6-512-fan-2,Ethernet148,100000,,Access,on
str4-7060x6-512-2,Ethernet149,str4-7060x6-512-fan-2,Ethernet149,100000,,Access,on
str4-7060x6-512-2,Ethernet150,str4-7060x6-512-fan-2,Ethernet150,100000,,Access,on
str4-7060x6-512-2,Ethernet151,str4-7060x6-512-fan-2,Ethernet151,100000,,Access,on
str4-7060x6-512-2,Ethernet152,str4-7060x6-512-fan-2,Ethernet152,100000,3123,Access,on
str4-7060x6-512-2,Ethernet153,str4-7060x6-512-fan-2,Ethernet153,100000,,Access,on
str4-7060x6-512-2,Ethernet154,str4-7060x6-512-fan-2,Ethernet154,100000,,Access,on
str4-7060x6-512-2,Ethernet155,str4-7060x6-512-fan-2,Ethernet155,100000,,Access,on
str4-7060x6-512-2,Ethernet156,str4-7060x6-512-fan-2,Ethernet156,100000,,Access,on
str4-7060x6-512-2,Ethernet157,str4-7060x6-512-fan-2,Ethernet157,100000,,Access,on
str4-7060x6-512-2,Ethernet158,str4-7060x6-512-fan-2,Ethernet158,100000,,Access,on
str4-7060x6-512-2,Ethernet159,str4-7060x6-512-fan-2,Ethernet159,100000,,Access,on
str4-7060x6-512-2,Ethernet160,str4-7060x6-512-fan-2,Ethernet160,100000,3124,Access,on
str4-7060x6-512-2,Ethernet161,str4-7060x6-512-fan-2,Ethernet161,100000,,Access,on
str4-7060x6-512-2,Ethernet162,str4-7060x6-512-fan-2,Ethernet162,100000,,Access,on
str4-7060x6-512-2,Ethernet163,str4-7060x6-512-fan-2,Ethernet163,100000,,Access,on
str4-7060x6-512-2,Ethernet164,str4-7060x6-512-fan-2,Ethernet164,100000,,Access,on
str4-7060x6-512-2,Ethernet165,str4-7060x6-512-fan-2,Ethernet165,100000,,Access,on
str4-7060x6-512-2,Ethernet166,str4-7060x6-512-fan-2,Ethernet166,100000,,Access,on
str4-7060x6-512-2,Ethernet167,str4-7060x6-512-fan-2,Ethernet167,100000,,Access,on
str4-7060x6-512-2,Ethernet168,str4-7060x6-512-fan-2,Ethernet168,100000,3125,Access,on
str4-7060x6-512-2,Ethernet169,str4-7060x6-512-fan-2,Ethernet169,100000,,Access,on
str4-7060x6-512-2,Ethernet170,str4-7060x6-512-fan-2,Ethernet170,100000,,Access,on
str4-7060x6-512-2,Ethernet171,str4-7060x6-512-fan-2,Ethernet171,100000,,Access,on
str4-7060x6-512-2,Ethernet172,str4-7060x6-512-fan-2,Ethernet172,100000,,Access,on
str4-7060x6-512-2,Ethernet173,str4-7060x6-512-fan-2,Ethernet173,100000,,Access,on
str4-7060x6-512-2,Ethernet174,str4-7060x6-512-fan-2,Ethernet174,100000,,Access,on
str4-7060x6-512-2,Ethernet175,str4-7060x6-512-fan-2,Ethernet175,100000,,Access,on
str4-7060x6-512-2,Ethernet176,str4-7060x6-512-fan-2,Ethernet176,100000,3126,Access,on
str4-7060x6-512-2,Ethernet177,str4-7060x6-512-fan-2,Ethernet177,100000,,Access,on
str4-7060x6-512-2,Ethernet178,str4-7060x6-512-fan-2,Ethernet178,100000,,Access,on
str4-7060x6-512-2,Ethernet179,str4-7060x6-512-fan-2,Ethernet179,100000,,Access,on
str4-7060x6-512-2,Ethernet180,str4-7060x6-512-fan-2,Ethernet180,100000,,Access,on
str4-7060x6-512-2,Ethernet181,str4-7060x6-512-fan-2,Ethernet181,100000,,Access,on
str4-7060x6-512-2,Ethernet182,str4-7060x6-512-fan-2,Ethernet182,100000,,Access,on
str4-7060x6-512-2,Ethernet183,str4-7060x6-512-fan-2,Ethernet183,100000,,Access,on
str4-7060x6-512-2,Ethernet184,str4-7060x6-512-fan-2,Ethernet184,100000,3127,Access,on
str4-7060x6-512-2,Ethernet185,str4-7060x6-512-fan-2,Ethernet185,100000,,Access,on
str4-7060x6-512-2,Ethernet186,str4-7060x6-512-fan-2,Ethernet186,100000,,Access,on
str4-7060x6-512-2,Ethernet187,str4-7060x6-512-fan-2,Ethernet187,100000,,Access,on
str4-7060x6-512-2,Ethernet188,str4-7060x6-512-fan-2,Ethernet188,100000,,Access,on
str4-7060x6-512-2,Ethernet189,str4-7060x6-512-fan-2,Ethernet189,100000,,Access,on
str4-7060x6-512-2,Ethernet190,str4-7060x6-512-fan-2,Ethernet190,100000,,Access,on
str4-7060x6-512-2,Ethernet191,str4-7060x6-512-fan-2,Ethernet191,100000,,Access,on
str4-7060x6-512-2,Ethernet192,str4-7060x6-512-fan-2,Ethernet192,100000,3128,Access,on
str4-7060x6-512-2,Ethernet193,str4-7060x6-512-fan-2,Ethernet193,100000,,Access,on
str4-7060x6-512-2,Ethernet194,str4-7060x6-512-fan-2,Ethernet194,100000,,Access,on
str4-7060x6-512-2,Ethernet195,str4-7060x6-512-fan-2,Ethernet195,100000,,Access,on
str4-7060x6-512-2,Ethernet196,str4-7060x6-512-fan-2,Ethernet196,100000,,Access,on
str4-7060x6-512-2,Ethernet197,str4-7060x6-512-fan-2,Ethernet197,100000,,Access,on
str4-7060x6-512-2,Ethernet198,str4-7060x6-512-fan-2,Ethernet198,100000,,Access,on
str4-7060x6-512-2,Ethernet199,str4-7060x6-512-fan-2,Ethernet199,100000,,Access,on
str4-7060x6-512-2,Ethernet200,str4-7060x6-512-fan-2,Ethernet200,100000,3129,Access,on
str4-7060x6-512-2,Ethernet201,str4-7060x6-512-fan-2,Ethernet201,100000,,Access,on
str4-7060x6-512-2,Ethernet202,str4-7060x6-512-fan-2,Ethernet202,100000,,Access,on
str4-7060x6-512-2,Ethernet203,str4-7060x6-512-fan-2,Ethernet203,100000,,Access,on
str4-7060x6-512-2,Ethernet204,str4-7060x6-512-fan-2,Ethernet204,100000,,Access,on
str4-7060x6-512-2,Ethernet205,str4-7060x6-512-fan-2,Ethernet205,100000,,Access,on
str4-7060x6-512-2,Ethernet206,str4-7060x6-512-fan-2,Ethernet206,100000,,Access,on
str4-7060x6-512-2,Ethernet207,str4-7060x6-512-fan-2,Ethernet207,100000,,Access,on
str4-7060x6-512-2,Ethernet208,str4-7060x6-512-fan-2,Ethernet208,100000,3130,Access,on
str4-7060x6-512-2,Ethernet209,str4-7060x6-512-fan-2,Ethernet209,100000,,Access,on
str4-7060x6-512-2,Ethernet210,str4-7060x6-512-fan-2,Ethernet210,100000,,Access,on
str4-7060x6-512-2,Ethernet211,str4-7060x6-512-fan-2,Ethernet211,100000,,Access,on
str4-7060x6-512-2,Ethernet212,str4-7060x6-512-fan-2,Ethernet212,100000,,Access,on
str4-7060x6-512-2,Ethernet213,str4-7060x6-512-fan-2,Ethernet213,100000,,Access,on
str4-7060x6-512-2,Ethernet214,str4-7060x6-512-fan-2,Ethernet214,100000,,Access,on
str4-7060x6-512-2,Ethernet215,str4-7060x6-512-fan-2,Ethernet215,100000,,Access,on
str4-7060x6-512-2,Ethernet216,str4-7060x6-512-fan-2,Ethernet216,100000,3131,Access,on
str4-7060x6-512-2,Ethernet217,str4-7060x6-512-fan-2,Ethernet217,100000,,Access,on
str4-7060x6-512-2,Ethernet218,str4-7060x6-512-fan-2,Ethernet218,100000,,Access,on
str4-7060x6-512-2,Ethernet219,str4-7060x6-512-fan-2,Ethernet219,100000,,Access,on
str4-7060x6-512-2,Ethernet220,str4-7060x6-512-fan-2,Ethernet220,100000,,Access,on
str4-7060x6-512-2,Ethernet221,str4-7060x6-512-fan-2,Ethernet221,100000,,Access,on
str4-7060x6-512-2,Ethernet222,str4-7060x6-512-fan-2,Ethernet222,100000,,Access,on
str4-7060x6-512-2,Ethernet223,str4-7060x6-512-fan-2,Ethernet223,100000,,Access,on
str4-7060x6-512-2,Ethernet224,str4-7060x6-512-fan-2,Ethernet224,100000,3132,Access,on
str4-7060x6-512-2,Ethernet225,str4-7060x6-512-fan-2,Ethernet225,100000,,Access,on
str4-7060x6-512-2,Ethernet226,str4-7060x6-512-fan-2,Ethernet226,100000,,Access,on
str4-7060x6-512-2,Ethernet227,str4-7060x6-512-fan-2,Ethernet227,100000,,Access,on
str4-7060x6-512-2,Ethernet228,str4-7060x6-512-fan-2,Ethernet228,100000,,Access,on
str4-7060x6-512-2,Ethernet229,str4-7060x6-512-fan-2,Ethernet229,100000,,Access,on
str4-7060x6-512-2,Ethernet230,str4-7060x6-512-fan-2,Ethernet230,100000,,Access,on
str4-7060x6-512-2,Ethernet231,str4-7060x6-512-fan-2,Ethernet231,100000,,Access,on
str4-7060x6-512-2,Ethernet232,str4-7060x6-512-fan-2,Ethernet232,100000,3133,Access,on
str4-7060x6-512-2,Ethernet233,str4-7060x6-512-fan-2,Ethernet233,100000,,Access,on
str4-7060x6-512-2,Ethernet234,str4-7060x6-512-fan-2,Ethernet234,100000,,Access,on
str4-7060x6-512-2,Ethernet235,str4-7060x6-512-fan-2,Ethernet235,100000,,Access,on
str4-7060x6-512-2,Ethernet236,str4-7060x6-512-fan-2,Ethernet236,100000,,Access,on
str4-7060x6-512-2,Ethernet237,str4-7060x6-512-fan-2,Ethernet237,100000,,Access,on
str4-7060x6-512-2,Ethernet238,str4-7060x6-512-fan-2,Ethernet238,100000,,Access,on
str4-7060x6-512-2,Ethernet239,str4-7060x6-512-fan-2,Ethernet239,100000,,Access,on
str4-7060x6-512-2,Ethernet240,str4-7060x6-512-fan-2,Ethernet240,100000,3134,Access,on
str4-7060x6-512-2,Ethernet241,str4-7060x6-512-fan-2,Ethernet241,100000,,Access,on
str4-7060x6-512-2,Ethernet242,str4-7060x6-512-fan-2,Ethernet242,100000,,Access,on
str4-7060x6-512-2,Ethernet243,str4-7060x6-512-fan-2,Ethernet243,100000,,Access,on
str4-7060x6-512-2,Ethernet244,str4-7060x6-512-fan-2,Ethernet244,100000,,Access,on
str4-7060x6-512-2,Ethernet245,str4-7060x6-512-fan-2,Ethernet245,100000,,Access,on
str4-7060x6-512-2,Ethernet246,str4-7060x6-512-fan-2,Ethernet246,100000,,Access,on
str4-7060x6-512-2,Ethernet247,str4-7060x6-512-fan-2,Ethernet247,100000,,Access,on
str4-7060x6-512-2,Ethernet248,str4-7060x6-512-fan-2,Ethernet248,100000,3135,Access,on
str4-7060x6-512-2,Ethernet249,str4-7060x6-512-fan-2,Ethernet249,100000,,Access,on
str4-7060x6-512-2,Ethernet250,str4-7060x6-512-fan-2,Ethernet250,100000,,Access,on
str4-7060x6-512-2,Ethernet251,str4-7060x6-512-fan-2,Ethernet251,100000,,Access,on
str4-7060x6-512-2,Ethernet252,str4-7060x6-512-fan-2,Ethernet252,100000,,Access,on
str4-7060x6-512-2,Ethernet253,str4-7060x6-512-fan-2,Ethernet253,100000,,Access,on
str4-7060x6-512-2,Ethernet254,str4-7060x6-512-fan-2,Ethernet254,100000,,Access,on
str4-7060x6-512-2,Ethernet255,str4-7060x6-512-fan-2,Ethernet255,100000,,Access,on
str4-7060x6-512-2,Ethernet256,str4-7060x6-512-fan-2,Ethernet256,100000,3136,Access,on
str4-7060x6-512-2,Ethernet257,str4-7060x6-512-fan-2,Ethernet257,100000,,Access,on
str4-7060x6-512-2,Ethernet258,str4-7060x6-512-fan-2,Ethernet258,100000,,Access,on
str4-7060x6-512-2,Ethernet259,str4-7060x6-512-fan-2,Ethernet259,100000,,Access,on
str4-7060x6-512-2,Ethernet260,str4-7060x6-512-fan-2,Ethernet260,100000,,Access,on
str4-7060x6-512-2,Ethernet261,str4-7060x6-512-fan-2,Ethernet261,100000,,Access,on
str4-7060x6-512-2,Ethernet262,str4-7060x6-512-fan-2,Ethernet262,100000,,Access,on
str4-7060x6-512-2,Ethernet263,str4-7060x6-512-fan-2,Ethernet263,100000,,Access,on
str4-7060x6-512-2,Ethernet264,str4-7060x6-512-fan-2,Ethernet264,100000,3137,Access,on
str4-7060x6-512-2,Ethernet265,str4-7060x6-512-fan-2,Ethernet265,100000,,Access,on
str4-7060x6-512-2,Ethernet266,str4-7060x6-512-fan-2,Ethernet266,100000,,Access,on
str4-7060x6-512-2,Ethernet267,str4-7060x6-512-fan-2,Ethernet267,100000,,Access,on
str4-7060x6-512-2,Ethernet268,str4-7060x6-512-fan-2,Ethernet268,100000,,Access,on
str4-7060x6-512-2,Ethernet269,str4-7060x6-512-fan-2,Ethernet269,100000,,Access,on
str4-7060x6-512-2,Ethernet270,str4-7060x6-512-fan-2,Ethernet270,100000,,Access,on
str4-7060x6-512-2,Ethernet271,str4-7060x6-512-fan-2,Ethernet271,100000,,Access,on
str4-7060x6-512-2,Ethernet272,str4-7060x6-512-fan-2,Ethernet272,100000,3138,Access,on
str4-7060x6-512-2,Ethernet273,str4-7060x6-512-fan-2,Ethernet273,100000,,Access,on
str4-7060x6-512-2,Ethernet274,str4-7060x6-512-fan-2,Ethernet274,100000,,Access,on
str4-7060x6-512-2,Ethernet275,str4-7060x6-512-fan-2,Ethernet275,100000,,Access,on
str4-7060x6-512-2,Ethernet276,str4-7060x6-512-fan-2,Ethernet276,100000,,Access,on
str4-7060x6-512-2,Ethernet277,str4-7060x6-512-fan-2,Ethernet277,100000,,Access,on
str4-7060x6-512-2,Ethernet278,str4-7060x6-512-fan-2,Ethernet278,100000,,Access,on
str4-7060x6-512-2,Ethernet279,str4-7060x6-512-fan-2,Ethernet279,100000,,Access,on
str4-7060x6-512-2,Ethernet280,str4-7060x6-512-fan-2,Ethernet280,100000,3139,Access,on
str4-7060x6-512-2,Ethernet281,str4-7060x6-512-fan-2,Ethernet281,100000,,Access,on
str4-7060x6-512-2,Ethernet282,str4-7060x6-512-fan-2,Ethernet282,100000,,Access,on
str4-7060x6-512-2,Ethernet283,str4-7060x6-512-fan-2,Ethernet283,100000,,Access,on
str4-7060x6-512-2,Ethernet284,str4-7060x6-512-fan-2,Ethernet284,100000,,Access,on
str4-7060x6-512-2,Ethernet285,str4-7060x6-512-fan-2,Ethernet285,100000,,Access,on
str4-7060x6-512-2,Ethernet286,str4-7060x6-512-fan-2,Ethernet286,100000,,Access,on
str4-7060x6-512-2,Ethernet287,str4-7060x6-512-fan-2,Ethernet287,100000,,Access,on
str4-7060x6-512-2,Ethernet288,str4-7060x6-512-fan-2,Ethernet288,100000,3140,Access,on
str4-7060x6-512-2,Ethernet289,str4-7060x6-512-fan-2,Ethernet289,100000,,Access,on
str4-7060x6-512-2,Ethernet290,str4-7060x6-512-fan-2,Ethernet290,100000,,Access,on
str4-7060x6-512-2,Ethernet291,str4-7060x6-512-fan-2,Ethernet291,100000,,Access,on
str4-7060x6-512-2,Ethernet292,str4-7060x6-512-fan-2,Ethernet292,100000,,Access,on
str4-7060x6-512-2,Ethernet293,str4-7060x6-512-fan-2,Ethernet293,100000,,Access,on
str4-7060x6-512-2,Ethernet294,str4-7060x6-512-fan-2,Ethernet294,100000,,Access,on
str4-7060x6-512-2,Ethernet295,str4-7060x6-512-fan-2,Ethernet295,100000,,Access,on
str4-7060x6-512-2,Ethernet296,str4-7060x6-512-fan-2,Ethernet296,100000,3141,Access,on
str4-7060x6-512-2,Ethernet297,str4-7060x6-512-fan-2,Ethernet297,100000,,Access,on
str4-7060x6-512-2,Ethernet298,str4-7060x6-512-fan-2,Ethernet298,100000,,Access,on
str4-7060x6-512-2,Ethernet299,str4-7060x6-512-fan-2,Ethernet299,100000,,Access,on
str4-7060x6-512-2,Ethernet300,str4-7060x6-512-fan-2,Ethernet300,100000,,Access,on
str4-7060x6-512-2,Ethernet301,str4-7060x6-512-fan-2,Ethernet301,100000,,Access,on
str4-7060x6-512-2,Ethernet302,str4-7060x6-512-fan-2,Ethernet302,100000,,Access,on
str4-7060x6-512-2,Ethernet303,str4-7060x6-512-fan-2,Ethernet303,100000,,Access,on
str4-7060x6-512-2,Ethernet304,str4-7060x6-512-fan-2,Ethernet304,100000,3142,Access,on
str4-7060x6-512-2,Ethernet305,str4-7060x6-512-fan-2,Ethernet305,100000,,Access,on
str4-7060x6-512-2,Ethernet306,str4-7060x6-512-fan-2,Ethernet306,100000,,Access,on
str4-7060x6-512-2,Ethernet307,str4-7060x6-512-fan-2,Ethernet307,100000,,Access,on
str4-7060x6-512-2,Ethernet308,str4-7060x6-512-fan-2,Ethernet308,100000,,Access,on
str4-7060x6-512-2,Ethernet309,str4-7060x6-512-fan-2,Ethernet309,100000,,Access,on
str4-7060x6-512-2,Ethernet310,str4-7060x6-512-fan-2,Ethernet310,100000,,Access,on
str4-7060x6-512-2,Ethernet311,str4-7060x6-512-fan-2,Ethernet311,100000,,Access,on
str4-7060x6-512-2,Ethernet312,str4-7060x6-512-fan-2,Ethernet312,100000,3143,Access,on
str4-7060x6-512-2,Ethernet313,str4-7060x6-512-fan-2,Ethernet313,100000,,Access,on
str4-7060x6-512-2,Ethernet314,str4-7060x6-512-fan-2,Ethernet314,100000,,Access,on
str4-7060x6-512-2,Ethernet315,str4-7060x6-512-fan-2,Ethernet315,100000,,Access,on
str4-7060x6-512-2,Ethernet316,str4-7060x6-512-fan-2,Ethernet316,100000,,Access,on
str4-7060x6-512-2,Ethernet317,str4-7060x6-512-fan-2,Ethernet317,100000,,Access,on
str4-7060x6-512-2,Ethernet318,str4-7060x6-512-fan-2,Ethernet318,100000,,Access,on
str4-7060x6-512-2,Ethernet319,str4-7060x6-512-fan-2,Ethernet319,100000,,Access,on
str4-7060x6-512-2,Ethernet320,str4-7060x6-512-fan-2,Ethernet320,100000,3144,Access,on
str4-7060x6-512-2,Ethernet321,str4-7060x6-512-fan-2,Ethernet321,100000,,Access,on
str4-7060x6-512-2,Ethernet322,str4-7060x6-512-fan-2,Ethernet322,100000,,Access,on
str4-7060x6-512-2,Ethernet323,str4-7060x6-512-fan-2,Ethernet323,100000,,Access,on
str4-7060x6-512-2,Ethernet324,str4-7060x6-512-fan-2,Ethernet324,100000,,Access,on
str4-7060x6-512-2,Ethernet325,str4-7060x6-512-fan-2,Ethernet325,100000,,Access,on
str4-7060x6-512-2,Ethernet326,str4-7060x6-512-fan-2,Ethernet326,100000,,Access,on
str4-7060x6-512-2,Ethernet327,str4-7060x6-512-fan-2,Ethernet327,100000,,Access,on
str4-7060x6-512-2,Ethernet328,str4-7060x6-512-fan-2,Ethernet328,100000,3145,Access,on
str4-7060x6-512-2,Ethernet329,str4-7060x6-512-fan-2,Ethernet329,100000,,Access,on
str4-7060x6-512-2,Ethernet330,str4-7060x6-512-fan-2,Ethernet330,100000,,Access,on
str4-7060x6-512-2,Ethernet331,str4-7060x6-512-fan-2,Ethernet331,100000,,Access,on
str4-7060x6-512-2,Ethernet332,str4-7060x6-512-fan-2,Ethernet332,100000,,Access,on
str4-7060x6-512-2,Ethernet333,str4-7060x6-512-fan-2,Ethernet333,100000,,Access,on
str4-7060x6-512-2,Ethernet334,str4-7060x6-512-fan-2,Ethernet334,100000,,Access,on
str4-7060x6-512-2,Ethernet335,str4-7060x6-512-fan-2,Ethernet335,100000,,Access,on
str4-7060x6-512-2,Ethernet336,str4-7060x6-512-fan-2,Ethernet336,100000,3146,Access,on
str4-7060x6-512-2,Ethernet337,str4-7060x6-512-fan-2,Ethernet337,100000,,Access,on
str4-7060x6-512-2,Ethernet338,str4-7060x6-512-fan-2,Ethernet338,100000,,Access,on
str4-7060x6-512-2,Ethernet339,str4-7060x6-512-fan-2,Ethernet339,100000,,Access,on
str4-7060x6-512-2,Ethernet340,str4-7060x6-512-fan-2,Ethernet340,100000,,Access,on
str4-7060x6-512-2,Ethernet341,str4-7060x6-512-fan-2,Ethernet341,100000,,Access,on
str4-7060x6-512-2,Ethernet342,str4-7060x6-512-fan-2,Ethernet342,100000,,Access,on
str4-7060x6-512-2,Ethernet343,str4-7060x6-512-fan-2,Ethernet343,100000,,Access,on
str4-7060x6-512-2,Ethernet344,str4-7060x6-512-fan-2,Ethernet344,100000,3147,Access,on
str4-7060x6-512-2,Ethernet345,str4-7060x6-512-fan-2,Ethernet345,100000,,Access,on
str4-7060x6-512-2,Ethernet346,str4-7060x6-512-fan-2,Ethernet346,100000,,Access,on
str4-7060x6-512-2,Ethernet347,str4-7060x6-512-fan-2,Ethernet347,100000,,Access,on
str4-7060x6-512-2,Ethernet348,str4-7060x6-512-fan-2,Ethernet348,100000,,Access,on
str4-7060x6-512-2,Ethernet349,str4-7060x6-512-fan-2,Ethernet349,100000,,Access,on
str4-7060x6-512-2,Ethernet350,str4-7060x6-512-fan-2,Ethernet350,100000,,Access,on
str4-7060x6-512-2,Ethernet351,str4-7060x6-512-fan-2,Ethernet351,100000,,Access,on
str4-7060x6-512-2,Ethernet352,str4-7060x6-512-fan-2,Ethernet352,400000,3148,Access,on
str4-7060x6-512-2,Ethernet356,str4-7060x6-512-fan-2,Ethernet356,400000,3149,Access,on
str4-7060x6-512-2,Ethernet360,str4-7060x6-512-fan-2,Ethernet360,400000,3150,Access,on
str4-7060x6-512-2,Ethernet364,str4-7060x6-512-fan-2,Ethernet364,400000,3151,Access,on
str4-7060x6-512-2,Ethernet368,str4-7060x6-512-fan-2,Ethernet368,100000,3152,Access,on
str4-7060x6-512-2,Ethernet369,str4-7060x6-512-fan-2,Ethernet369,100000,,Access,on
str4-7060x6-512-2,Ethernet370,str4-7060x6-512-fan-2,Ethernet370,100000,,Access,on
str4-7060x6-512-2,Ethernet371,str4-7060x6-512-fan-2,Ethernet371,100000,,Access,on
str4-7060x6-512-2,Ethernet372,str4-7060x6-512-fan-2,Ethernet372,100000,,Access,on
str4-7060x6-512-2,Ethernet373,str4-7060x6-512-fan-2,Ethernet373,100000,,Access,on
str4-7060x6-512-2,Ethernet374,str4-7060x6-512-fan-2,Ethernet374,100000,,Access,on
str4-7060x6-512-2,Ethernet375,str4-7060x6-512-fan-2,Ethernet375,100000,,Access,on
str4-7060x6-512-2,Ethernet376,str4-7060x6-512-fan-2,Ethernet376,100000,3153,Access,on
str4-7060x6-512-2,Ethernet377,str4-7060x6-512-fan-2,Ethernet377,100000,,Access,on
str4-7060x6-512-2,Ethernet378,str4-7060x6-512-fan-2,Ethernet378,100000,,Access,on
str4-7060x6-512-2,Ethernet379,str4-7060x6-512-fan-2,Ethernet379,100000,,Access,on
str4-7060x6-512-2,Ethernet380,str4-7060x6-512-fan-2,Ethernet380,100000,,Access,on
str4-7060x6-512-2,Ethernet381,str4-7060x6-512-fan-2,Ethernet381,100000,,Access,on
str4-7060x6-512-2,Ethernet382,str4-7060x6-512-fan-2,Ethernet382,100000,,Access,on
str4-7060x6-512-2,Ethernet383,str4-7060x6-512-fan-2,Ethernet383,100000,,Access,on
str4-7060x6-512-2,Ethernet384,str4-7060x6-512-fan-2,Ethernet384,400000,3154,Access,on
str4-7060x6-512-2,Ethernet388,str4-7060x6-512-fan-2,Ethernet388,400000,3155,Access,on
str4-7060x6-512-2,Ethernet392,str4-7060x6-512-fan-2,Ethernet392,400000,3156,Access,on
str4-7060x6-512-2,Ethernet396,str4-7060x6-512-fan-2,Ethernet396,400000,3157,Access,on
str4-7060x6-512-2,Ethernet400,str4-7060x6-512-fan-2,Ethernet400,100000,3158,Access,on
str4-7060x6-512-2,Ethernet401,str4-7060x6-512-fan-2,Ethernet401,100000,,Access,on
str4-7060x6-512-2,Ethernet402,str4-7060x6-512-fan-2,Ethernet402,100000,,Access,on
str4-7060x6-512-2,Ethernet403,str4-7060x6-512-fan-2,Ethernet403,100000,,Access,on
str4-7060x6-512-2,Ethernet404,str4-7060x6-512-fan-2,Ethernet404,100000,,Access,on
str4-7060x6-512-2,Ethernet405,str4-7060x6-512-fan-2,Ethernet405,100000,,Access,on
str4-7060x6-512-2,Ethernet406,str4-7060x6-512-fan-2,Ethernet406,100000,,Access,on
str4-7060x6-512-2,Ethernet407,str4-7060x6-512-fan-2,Ethernet407,100000,,Access,on
str4-7060x6-512-2,Ethernet408,str4-7060x6-512-fan-2,Ethernet408,100000,3159,Access,on
str4-7060x6-512-2,Ethernet409,str4-7060x6-512-fan-2,Ethernet409,100000,,Access,on
str4-7060x6-512-2,Ethernet410,str4-7060x6-512-fan-2,Ethernet410,100000,,Access,on
str4-7060x6-512-2,Ethernet411,str4-7060x6-512-fan-2,Ethernet411,100000,,Access,on
str4-7060x6-512-2,Ethernet412,str4-7060x6-512-fan-2,Ethernet412,100000,,Access,on
str4-7060x6-512-2,Ethernet413,str4-7060x6-512-fan-2,Ethernet413,100000,,Access,on
str4-7060x6-512-2,Ethernet414,str4-7060x6-512-fan-2,Ethernet414,100000,,Access,on
str4-7060x6-512-2,Ethernet415,str4-7060x6-512-fan-2,Ethernet415,100000,,Access,on
str4-7060x6-512-2,Ethernet416,str4-7060x6-512-fan-2,Ethernet416,100000,3160,Access,on
str4-7060x6-512-2,Ethernet417,str4-7060x6-512-fan-2,Ethernet417,100000,,Access,on
str4-7060x6-512-2,Ethernet418,str4-7060x6-512-fan-2,Ethernet418,100000,,Access,on
str4-7060x6-512-2,Ethernet419,str4-7060x6-512-fan-2,Ethernet419,100000,,Access,on
str4-7060x6-512-2,Ethernet420,str4-7060x6-512-fan-2,Ethernet420,100000,,Access,on
str4-7060x6-512-2,Ethernet421,str4-7060x6-512-fan-2,Ethernet421,100000,,Access,on
str4-7060x6-512-2,Ethernet422,str4-7060x6-512-fan-2,Ethernet422,100000,,Access,on
str4-7060x6-512-2,Ethernet423,str4-7060x6-512-fan-2,Ethernet423,100000,,Access,on
str4-7060x6-512-2,Ethernet424,str4-7060x6-512-fan-2,Ethernet424,100000,3161,Access,on
str4-7060x6-512-2,Ethernet425,str4-7060x6-512-fan-2,Ethernet425,100000,,Access,on
str4-7060x6-512-2,Ethernet426,str4-7060x6-512-fan-2,Ethernet426,100000,,Access,on
str4-7060x6-512-2,Ethernet427,str4-7060x6-512-fan-2,Ethernet427,100000,,Access,on
str4-7060x6-512-2,Ethernet428,str4-7060x6-512-fan-2,Ethernet428,100000,,Access,on
str4-7060x6-512-2,Ethernet429,str4-7060x6-512-fan-2,Ethernet429,100000,,Access,on
str4-7060x6-512-2,Ethernet430,str4-7060x6-512-fan-2,Ethernet430,100000,,Access,on
str4-7060x6-512-2,Ethernet431,str4-7060x6-512-fan-2,Ethernet431,100000,,Access,on
str4-7060x6-512-2,Ethernet432,str4-7060x6-512-fan-2,Ethernet432,100000,3162,Access,on
str4-7060x6-512-2,Ethernet433,str4-7060x6-512-fan-2,Ethernet433,100000,,Access,on
str4-7060x6-512-2,Ethernet434,str4-7060x6-512-fan-2,Ethernet434,100000,,Access,on
str4-7060x6-512-2,Ethernet435,str4-7060x6-512-fan-2,Ethernet435,100000,,Access,on
str4-7060x6-512-2,Ethernet436,str4-7060x6-512-fan-2,Ethernet436,100000,,Access,on
str4-7060x6-512-2,Ethernet437,str4-7060x6-512-fan-2,Ethernet437,100000,,Access,on
str4-7060x6-512-2,Ethernet438,str4-7060x6-512-fan-2,Ethernet438,100000,,Access,on
str4-7060x6-512-2,Ethernet439,str4-7060x6-512-fan-2,Ethernet439,100000,,Access,on
str4-7060x6-512-2,Ethernet440,str4-7060x6-512-fan-2,Ethernet440,100000,3163,Access,on
str4-7060x6-512-2,Ethernet441,str4-7060x6-512-fan-2,Ethernet441,100000,,Access,on
str4-7060x6-512-2,Ethernet442,str4-7060x6-512-fan-2,Ethernet442,100000,,Access,on
str4-7060x6-512-2,Ethernet443,str4-7060x6-512-fan-2,Ethernet443,100000,,Access,on
str4-7060x6-512-2,Ethernet444,str4-7060x6-512-fan-2,Ethernet444,100000,,Access,on
str4-7060x6-512-2,Ethernet445,str4-7060x6-512-fan-2,Ethernet445,100000,,Access,on
str4-7060x6-512-2,Ethernet446,str4-7060x6-512-fan-2,Ethernet446,100000,,Access,on
str4-7060x6-512-2,Ethernet447,str4-7060x6-512-fan-2,Ethernet447,100000,,Access,on
str4-7060x6-512-2,Ethernet448,str4-7060x6-512-fan-2,Ethernet448,100000,3164,Access,on
str4-7060x6-512-2,Ethernet449,str4-7060x6-512-fan-2,Ethernet449,100000,,Access,on
str4-7060x6-512-2,Ethernet450,str4-7060x6-512-fan-2,Ethernet450,100000,,Access,on
str4-7060x6-512-2,Ethernet451,str4-7060x6-512-fan-2,Ethernet451,100000,,Access,on
str4-7060x6-512-2,Ethernet452,str4-7060x6-512-fan-2,Ethernet452,100000,,Access,on
str4-7060x6-512-2,Ethernet453,str4-7060x6-512-fan-2,Ethernet453,100000,,Access,on
str4-7060x6-512-2,Ethernet454,str4-7060x6-512-fan-2,Ethernet454,100000,,Access,on
str4-7060x6-512-2,Ethernet455,str4-7060x6-512-fan-2,Ethernet455,100000,,Access,on
str4-7060x6-512-2,Ethernet456,str4-7060x6-512-fan-2,Ethernet456,100000,3165,Access,on
str4-7060x6-512-2,Ethernet457,str4-7060x6-512-fan-2,Ethernet457,100000,,Access,on
str4-7060x6-512-2,Ethernet458,str4-7060x6-512-fan-2,Ethernet458,100000,,Access,on
str4-7060x6-512-2,Ethernet459,str4-7060x6-512-fan-2,Ethernet459,100000,,Access,on
str4-7060x6-512-2,Ethernet460,str4-7060x6-512-fan-2,Ethernet460,100000,,Access,on
str4-7060x6-512-2,Ethernet461,str4-7060x6-512-fan-2,Ethernet461,100000,,Access,on
str4-7060x6-512-2,Ethernet462,str4-7060x6-512-fan-2,Ethernet462,100000,,Access,on
str4-7060x6-512-2,Ethernet463,str4-7060x6-512-fan-2,Ethernet463,100000,,Access,on
str4-7060x6-512-2,Ethernet464,str4-7060x6-512-fan-2,Ethernet464,100000,3166,Access,on
str4-7060x6-512-2,Ethernet465,str4-7060x6-512-fan-2,Ethernet465,100000,,Access,on
str4-7060x6-512-2,Ethernet466,str4-7060x6-512-fan-2,Ethernet466,100000,,Access,on
str4-7060x6-512-2,Ethernet467,str4-7060x6-512-fan-2,Ethernet467,100000,,Access,on
str4-7060x6-512-2,Ethernet468,str4-7060x6-512-fan-2,Ethernet468,100000,,Access,on
str4-7060x6-512-2,Ethernet469,str4-7060x6-512-fan-2,Ethernet469,100000,,Access,on
str4-7060x6-512-2,Ethernet470,str4-7060x6-512-fan-2,Ethernet470,100000,,Access,on
str4-7060x6-512-2,Ethernet471,str4-7060x6-512-fan-2,Ethernet471,100000,,Access,on
str4-7060x6-512-2,Ethernet472,str4-7060x6-512-fan-2,Ethernet472,100000,3167,Access,on
str4-7060x6-512-2,Ethernet473,str4-7060x6-512-fan-2,Ethernet473,100000,,Access,on
str4-7060x6-512-2,Ethernet474,str4-7060x6-512-fan-2,Ethernet474,100000,,Access,on
str4-7060x6-512-2,Ethernet475,str4-7060x6-512-fan-2,Ethernet475,100000,,Access,on
str4-7060x6-512-2,Ethernet476,str4-7060x6-512-fan-2,Ethernet476,100000,,Access,on
str4-7060x6-512-2,Ethernet477,str4-7060x6-512-fan-2,Ethernet477,100000,,Access,on
str4-7060x6-512-2,Ethernet478,str4-7060x6-512-fan-2,Ethernet478,100000,,Access,on
str4-7060x6-512-2,Ethernet479,str4-7060x6-512-fan-2,Ethernet479,100000,,Access,on
str4-7060x6-512-2,Ethernet480,str4-7060x6-512-fan-2,Ethernet480,100000,3168,Access,on
str4-7060x6-512-2,Ethernet481,str4-7060x6-512-fan-2,Ethernet481,100000,,Access,on
str4-7060x6-512-2,Ethernet482,str4-7060x6-512-fan-2,Ethernet482,100000,,Access,on
str4-7060x6-512-2,Ethernet483,str4-7060x6-512-fan-2,Ethernet483,100000,,Access,on
str4-7060x6-512-2,Ethernet484,str4-7060x6-512-fan-2,Ethernet484,100000,,Access,on
str4-7060x6-512-2,Ethernet485,str4-7060x6-512-fan-2,Ethernet485,100000,,Access,on
str4-7060x6-512-2,Ethernet486,str4-7060x6-512-fan-2,Ethernet486,100000,,Access,on
str4-7060x6-512-2,Ethernet487,str4-7060x6-512-fan-2,Ethernet487,100000,,Access,on
str4-7060x6-512-2,Ethernet488,str4-7060x6-512-fan-2,Ethernet488,100000,3169,Access,on
str4-7060x6-512-2,Ethernet489,str4-7060x6-512-fan-2,Ethernet489,100000,,Access,on
str4-7060x6-512-2,Ethernet490,str4-7060x6-512-fan-2,Ethernet490,100000,,Access,on
str4-7060x6-512-2,Ethernet491,str4-7060x6-512-fan-2,Ethernet491,100000,,Access,on
str4-7060x6-512-2,Ethernet492,str4-7060x6-512-fan-2,Ethernet492,100000,,Access,on
str4-7060x6-512-2,Ethernet493,str4-7060x6-512-fan-2,Ethernet493,100000,,Access,on
str4-7060x6-512-2,Ethernet494,str4-7060x6-512-fan-2,Ethernet494,100000,,Access,on
str4-7060x6-512-2,Ethernet495,str4-7060x6-512-fan-2,Ethernet495,100000,,Access,on
str4-7060x6-512-2,Ethernet496,str4-7060x6-64pe-fan-share-1,Ethernet260,100000,3170,Access,off
str4-7060x6-512-2,Ethernet497,str4-7060x6-64pe-fan-share-1,Ethernet261,100000,,Access,off
str4-7060x6-512-2,Ethernet498,str4-7060x6-64pe-fan-share-1,Ethernet262,100000,,Access,off
str4-7060x6-512-2,Ethernet499,str4-7060x6-64pe-fan-share-1,Ethernet263,100000,,Access,off
str4-7060x6-512-2,Ethernet500,str4-7060x6-64pe-fan-share-1,Ethernet256,100000,,Access,off
str4-7060x6-512-2,Ethernet501,str4-7060x6-64pe-fan-share-1,Ethernet257,100000,,Access,off
str4-7060x6-512-2,Ethernet502,str4-7060x6-64pe-fan-share-1,Ethernet258,100000,,Access,off
str4-7060x6-512-2,Ethernet503,str4-7060x6-64pe-fan-share-1,Ethernet259,100000,,Access,off
str4-7060x6-512-2,Ethernet504,str4-7060x6-512-fan-2,Ethernet504,100000,3171,Access,on
str4-7060x6-512-2,Ethernet505,str4-7060x6-512-fan-2,Ethernet505,100000,,Access,on
str4-7060x6-512-2,Ethernet506,str4-7060x6-512-fan-2,Ethernet506,100000,,Access,on
str4-7060x6-512-2,Ethernet507,str4-7060x6-512-fan-2,Ethernet507,100000,,Access,on
str4-7060x6-512-2,Ethernet508,str4-7060x6-512-fan-2,Ethernet508,100000,,Access,on
str4-7060x6-512-2,Ethernet509,str4-7060x6-512-fan-2,Ethernet509,100000,,Access,on
str4-7060x6-512-2,Ethernet510,str4-7060x6-512-fan-2,Ethernet510,100000,,Access,on
str4-7060x6-512-2,Ethernet511,str4-7060x6-512-fan-2,Ethernet511,100000,,Access,on
str4-sn5640-2,Ethernet0,str4-sn5640-fan-2,Ethernet0,100000,3660,Access,on
str4-sn5640-2,Ethernet1,str4-sn5640-fan-2,Ethernet1,100000,,Access,on
str4-sn5640-2,Ethernet2,str4-sn5640-fan-2,Ethernet2,100000,,Access,on
str4-sn5640-2,Ethernet3,str4-sn5640-fan-2,Ethernet3,100000,,Access,on
str4-sn5640-2,Ethernet4,str4-sn5640-fan-2,Ethernet4,100000,,Access,on
str4-sn5640-2,Ethernet5,str4-sn5640-fan-2,Ethernet5,100000,,Access,on
str4-sn5640-2,Ethernet6,str4-sn5640-fan-2,Ethernet6,100000,,Access,on
str4-sn5640-2,Ethernet7,str4-sn5640-fan-2,Ethernet7,100000,,Access,on
str4-sn5640-2,Ethernet8,str4-sn5640-fan-2,Ethernet8,100000,3661,Access,on
str4-sn5640-2,Ethernet9,str4-sn5640-fan-2,Ethernet9,100000,,Access,on
str4-sn5640-2,Ethernet10,str4-sn5640-fan-2,Ethernet10,100000,,Access,on
str4-sn5640-2,Ethernet11,str4-sn5640-fan-2,Ethernet11,100000,,Access,on
str4-sn5640-2,Ethernet12,str4-sn5640-fan-2,Ethernet12,100000,,Access,on
str4-sn5640-2,Ethernet13,str4-sn5640-fan-2,Ethernet13,100000,,Access,on
str4-sn5640-2,Ethernet14,str4-sn5640-fan-2,Ethernet14,100000,,Access,on
str4-sn5640-2,Ethernet15,str4-sn5640-fan-2,Ethernet15,100000,,Access,on
str4-sn5640-2,Ethernet16,str4-sn5640-fan-2,Ethernet16,100000,3662,Access,on
str4-sn5640-2,Ethernet17,str4-sn5640-fan-2,Ethernet17,100000,,Access,on
str4-sn5640-2,Ethernet18,str4-sn5640-fan-2,Ethernet18,100000,,Access,on
str4-sn5640-2,Ethernet19,str4-sn5640-fan-2,Ethernet19,100000,,Access,on
str4-sn5640-2,Ethernet20,str4-sn5640-fan-2,Ethernet20,100000,,Access,on
str4-sn5640-2,Ethernet21,str4-sn5640-fan-2,Ethernet21,100000,,Access,on
str4-sn5640-2,Ethernet22,str4-sn5640-fan-2,Ethernet22,100000,,Access,on
str4-sn5640-2,Ethernet23,str4-sn5640-fan-2,Ethernet23,100000,,Access,on
str4-sn5640-2,Ethernet24,str4-sn5640-fan-2,Ethernet24,100000,3663,Access,on
str4-sn5640-2,Ethernet25,str4-sn5640-fan-2,Ethernet25,100000,,Access,on
str4-sn5640-2,Ethernet26,str4-sn5640-fan-2,Ethernet26,100000,,Access,on
str4-sn5640-2,Ethernet27,str4-sn5640-fan-2,Ethernet27,100000,,Access,on
str4-sn5640-2,Ethernet28,str4-sn5640-fan-2,Ethernet28,100000,,Access,on
str4-sn5640-2,Ethernet29,str4-sn5640-fan-2,Ethernet29,100000,,Access,on
str4-sn5640-2,Ethernet30,str4-sn5640-fan-2,Ethernet30,100000,,Access,on
str4-sn5640-2,Ethernet31,str4-sn5640-fan-2,Ethernet31,100000,,Access,on
str4-sn5640-2,Ethernet32,str4-sn5640-fan-2,Ethernet32,100000,3664,Access,on
str4-sn5640-2,Ethernet33,str4-sn5640-fan-2,Ethernet33,100000,,Access,on
str4-sn5640-2,Ethernet34,str4-sn5640-fan-2,Ethernet34,100000,,Access,on
str4-sn5640-2,Ethernet35,str4-sn5640-fan-2,Ethernet35,100000,,Access,on
str4-sn5640-2,Ethernet36,str4-sn5640-fan-2,Ethernet36,100000,,Access,on
str4-sn5640-2,Ethernet37,str4-sn5640-fan-2,Ethernet37,100000,,Access,on
str4-sn5640-2,Ethernet38,str4-sn5640-fan-2,Ethernet38,100000,,Access,on
str4-sn5640-2,Ethernet39,str4-sn5640-fan-2,Ethernet39,100000,,Access,on
str4-sn5640-2,Ethernet40,str4-sn5640-fan-2,Ethernet40,100000,3665,Access,on
str4-sn5640-2,Ethernet41,str4-sn5640-fan-2,Ethernet41,100000,,Access,on
str4-sn5640-2,Ethernet42,str4-sn5640-fan-2,Ethernet42,100000,,Access,on
str4-sn5640-2,Ethernet43,str4-sn5640-fan-2,Ethernet43,100000,,Access,on
str4-sn5640-2,Ethernet44,str4-sn5640-fan-2,Ethernet44,100000,,Access,on
str4-sn5640-2,Ethernet45,str4-sn5640-fan-2,Ethernet45,100000,,Access,on
str4-sn5640-2,Ethernet46,str4-sn5640-fan-2,Ethernet46,100000,,Access,on
str4-sn5640-2,Ethernet47,str4-sn5640-fan-2,Ethernet47,100000,,Access,on
str4-sn5640-2,Ethernet48,str4-sn5640-fan-2,Ethernet48,100000,3666,Access,on
str4-sn5640-2,Ethernet49,str4-sn5640-fan-2,Ethernet49,100000,,Access,on
str4-sn5640-2,Ethernet50,str4-sn5640-fan-2,Ethernet50,100000,,Access,on
str4-sn5640-2,Ethernet51,str4-sn5640-fan-2,Ethernet51,100000,,Access,on
str4-sn5640-2,Ethernet52,str4-sn5640-fan-2,Ethernet52,100000,,Access,on
str4-sn5640-2,Ethernet53,str4-sn5640-fan-2,Ethernet53,100000,,Access,on
str4-sn5640-2,Ethernet54,str4-sn5640-fan-2,Ethernet54,100000,,Access,on
str4-sn5640-2,Ethernet55,str4-sn5640-fan-2,Ethernet55,100000,,Access,on
str4-sn5640-2,Ethernet56,str4-sn5640-fan-2,Ethernet56,100000,3667,Access,on
str4-sn5640-2,Ethernet57,str4-sn5640-fan-2,Ethernet57,100000,,Access,on
str4-sn5640-2,Ethernet58,str4-sn5640-fan-2,Ethernet58,100000,,Access,on
str4-sn5640-2,Ethernet59,str4-sn5640-fan-2,Ethernet59,100000,,Access,on
str4-sn5640-2,Ethernet60,str4-sn5640-fan-2,Ethernet60,100000,,Access,on
str4-sn5640-2,Ethernet61,str4-sn5640-fan-2,Ethernet61,100000,,Access,on
str4-sn5640-2,Ethernet62,str4-sn5640-fan-2,Ethernet62,100000,,Access,on
str4-sn5640-2,Ethernet63,str4-sn5640-fan-2,Ethernet63,100000,,Access,on
str4-sn5640-2,Ethernet64,str4-sn5640-fan-2,Ethernet64,100000,3668,Access,on
str4-sn5640-2,Ethernet65,str4-sn5640-fan-2,Ethernet65,100000,,Access,on
str4-sn5640-2,Ethernet66,str4-sn5640-fan-2,Ethernet66,100000,,Access,on
str4-sn5640-2,Ethernet67,str4-sn5640-fan-2,Ethernet67,100000,,Access,on
str4-sn5640-2,Ethernet68,str4-sn5640-fan-2,Ethernet68,100000,,Access,on
str4-sn5640-2,Ethernet69,str4-sn5640-fan-2,Ethernet69,100000,,Access,on
str4-sn5640-2,Ethernet70,str4-sn5640-fan-2,Ethernet70,100000,,Access,on
str4-sn5640-2,Ethernet71,str4-sn5640-fan-2,Ethernet71,100000,,Access,on
str4-sn5640-2,Ethernet72,str4-sn5640-fan-2,Ethernet72,100000,3669,Access,on
str4-sn5640-2,Ethernet73,str4-sn5640-fan-2,Ethernet73,100000,,Access,on
str4-sn5640-2,Ethernet74,str4-sn5640-fan-2,Ethernet74,100000,,Access,on
str4-sn5640-2,Ethernet75,str4-sn5640-fan-2,Ethernet75,100000,,Access,on
str4-sn5640-2,Ethernet76,str4-sn5640-fan-2,Ethernet76,100000,,Access,on
str4-sn5640-2,Ethernet77,str4-sn5640-fan-2,Ethernet77,100000,,Access,on
str4-sn5640-2,Ethernet78,str4-sn5640-fan-2,Ethernet78,100000,,Access,on
str4-sn5640-2,Ethernet79,str4-sn5640-fan-2,Ethernet79,100000,,Access,on
str4-sn5640-2,Ethernet80,str4-sn5640-fan-2,Ethernet80,100000,3670,Access,on
str4-sn5640-2,Ethernet81,str4-sn5640-fan-2,Ethernet81,100000,,Access,on
str4-sn5640-2,Ethernet82,str4-sn5640-fan-2,Ethernet82,100000,,Access,on
str4-sn5640-2,Ethernet83,str4-sn5640-fan-2,Ethernet83,100000,,Access,on
str4-sn5640-2,Ethernet84,str4-sn5640-fan-2,Ethernet84,100000,,Access,on
str4-sn5640-2,Ethernet85,str4-sn5640-fan-2,Ethernet85,100000,,Access,on
str4-sn5640-2,Ethernet86,str4-sn5640-fan-2,Ethernet86,100000,,Access,on
str4-sn5640-2,Ethernet87,str4-sn5640-fan-2,Ethernet87,100000,,Access,on
str4-sn5640-2,Ethernet88,str4-sn5640-fan-2,Ethernet88,100000,3671,Access,on
str4-sn5640-2,Ethernet89,str4-sn5640-fan-2,Ethernet89,100000,,Access,on
str4-sn5640-2,Ethernet90,str4-sn5640-fan-2,Ethernet90,100000,,Access,on
str4-sn5640-2,Ethernet91,str4-sn5640-fan-2,Ethernet91,100000,,Access,on
str4-sn5640-2,Ethernet92,str4-sn5640-fan-2,Ethernet92,100000,,Access,on
str4-sn5640-2,Ethernet93,str4-sn5640-fan-2,Ethernet93,100000,,Access,on
str4-sn5640-2,Ethernet94,str4-sn5640-fan-2,Ethernet94,100000,,Access,on
str4-sn5640-2,Ethernet95,str4-sn5640-fan-2,Ethernet95,100000,,Access,on
str4-sn5640-2,Ethernet96,str4-sn5640-fan-2,Ethernet96,100000,3672,Access,on
str4-sn5640-2,Ethernet97,str4-sn5640-fan-2,Ethernet97,100000,,Access,on
str4-sn5640-2,Ethernet98,str4-sn5640-fan-2,Ethernet98,100000,,Access,on
str4-sn5640-2,Ethernet99,str4-sn5640-fan-2,Ethernet99,100000,,Access,on
str4-sn5640-2,Ethernet100,str4-sn5640-fan-2,Ethernet100,100000,,Access,on
str4-sn5640-2,Ethernet101,str4-sn5640-fan-2,Ethernet101,100000,,Access,on
str4-sn5640-2,Ethernet102,str4-sn5640-fan-2,Ethernet102,100000,,Access,on
str4-sn5640-2,Ethernet103,str4-sn5640-fan-2,Ethernet103,100000,,Access,on
str4-sn5640-2,Ethernet104,str4-sn5640-fan-2,Ethernet104,100000,3673,Access,on
str4-sn5640-2,Ethernet105,str4-sn5640-fan-2,Ethernet105,100000,,Access,on
str4-sn5640-2,Ethernet106,str4-sn5640-fan-2,Ethernet106,100000,,Access,on
str4-sn5640-2,Ethernet107,str4-sn5640-fan-2,Ethernet107,100000,,Access,on
str4-sn5640-2,Ethernet108,str4-sn5640-fan-2,Ethernet108,100000,,Access,on
str4-sn5640-2,Ethernet109,str4-sn5640-fan-2,Ethernet109,100000,,Access,on
str4-sn5640-2,Ethernet110,str4-sn5640-fan-2,Ethernet110,100000,,Access,on
str4-sn5640-2,Ethernet111,str4-sn5640-fan-2,Ethernet111,100000,,Access,on
str4-sn5640-2,Ethernet112,str4-sn5640-fan-2,Ethernet112,100000,3674,Access,on
str4-sn5640-2,Ethernet113,str4-sn5640-fan-2,Ethernet113,100000,,Access,on
str4-sn5640-2,Ethernet114,str4-sn5640-fan-2,Ethernet114,100000,,Access,on
str4-sn5640-2,Ethernet115,str4-sn5640-fan-2,Ethernet115,100000,,Access,on
str4-sn5640-2,Ethernet116,str4-sn5640-fan-2,Ethernet116,100000,,Access,on
str4-sn5640-2,Ethernet117,str4-sn5640-fan-2,Ethernet117,100000,,Access,on
str4-sn5640-2,Ethernet118,str4-sn5640-fan-2,Ethernet118,100000,,Access,on
str4-sn5640-2,Ethernet119,str4-sn5640-fan-2,Ethernet119,100000,,Access,on
str4-sn5640-2,Ethernet120,str4-sn5640-fan-2,Ethernet120,100000,3675,Access,on
str4-sn5640-2,Ethernet121,str4-sn5640-fan-2,Ethernet121,100000,,Access,on
str4-sn5640-2,Ethernet122,str4-sn5640-fan-2,Ethernet122,100000,,Access,on
str4-sn5640-2,Ethernet123,str4-sn5640-fan-2,Ethernet123,100000,,Access,on
str4-sn5640-2,Ethernet124,str4-sn5640-fan-2,Ethernet124,100000,,Access,on
str4-sn5640-2,Ethernet125,str4-sn5640-fan-2,Ethernet125,100000,,Access,on
str4-sn5640-2,Ethernet126,str4-sn5640-fan-2,Ethernet126,100000,,Access,on
str4-sn5640-2,Ethernet127,str4-sn5640-fan-2,Ethernet127,100000,,Access,on
str4-sn5640-2,Ethernet128,str4-sn5640-fan-2,Ethernet128,100000,3676,Access,on
str4-sn5640-2,Ethernet129,str4-sn5640-fan-2,Ethernet129,100000,,Access,on
str4-sn5640-2,Ethernet130,str4-sn5640-fan-2,Ethernet130,100000,,Access,on
str4-sn5640-2,Ethernet131,str4-sn5640-fan-2,Ethernet131,100000,,Access,on
str4-sn5640-2,Ethernet132,str4-sn5640-fan-2,Ethernet132,100000,,Access,on
str4-sn5640-2,Ethernet133,str4-sn5640-fan-2,Ethernet133,100000,,Access,on
str4-sn5640-2,Ethernet134,str4-sn5640-fan-2,Ethernet134,100000,,Access,on
str4-sn5640-2,Ethernet135,str4-sn5640-fan-2,Ethernet135,100000,,Access,on
str4-sn5640-2,Ethernet136,str4-sn5640-fan-2,Ethernet136,100000,3677,Access,on
str4-sn5640-2,Ethernet137,str4-sn5640-fan-2,Ethernet137,100000,,Access,on
str4-sn5640-2,Ethernet138,str4-sn5640-fan-2,Ethernet138,100000,,Access,on
str4-sn5640-2,Ethernet139,str4-sn5640-fan-2,Ethernet139,100000,,Access,on
str4-sn5640-2,Ethernet140,str4-sn5640-fan-2,Ethernet140,100000,,Access,on
str4-sn5640-2,Ethernet141,str4-sn5640-fan-2,Ethernet141,100000,,Access,on
str4-sn5640-2,Ethernet142,str4-sn5640-fan-2,Ethernet142,100000,,Access,on
str4-sn5640-2,Ethernet143,str4-sn5640-fan-2,Ethernet143,100000,,Access,on
str4-sn5640-2,Ethernet144,str4-sn5640-fan-2,Ethernet144,100000,3678,Access,on
str4-sn5640-2,Ethernet145,str4-sn5640-fan-2,Ethernet145,100000,,Access,on
str4-sn5640-2,Ethernet146,str4-sn5640-fan-2,Ethernet146,100000,,Access,on
str4-sn5640-2,Ethernet147,str4-sn5640-fan-2,Ethernet147,100000,,Access,on
str4-sn5640-2,Ethernet148,str4-sn5640-fan-2,Ethernet148,100000,,Access,on
str4-sn5640-2,Ethernet149,str4-sn5640-fan-2,Ethernet149,100000,,Access,on
str4-sn5640-2,Ethernet150,str4-sn5640-fan-2,Ethernet150,100000,,Access,on
str4-sn5640-2,Ethernet151,str4-sn5640-fan-2,Ethernet151,100000,,Access,on
str4-sn5640-2,Ethernet152,str4-sn5640-fan-2,Ethernet152,100000,3679,Access,on
str4-sn5640-2,Ethernet153,str4-sn5640-fan-2,Ethernet153,100000,,Access,on
str4-sn5640-2,Ethernet154,str4-sn5640-fan-2,Ethernet154,100000,,Access,on
str4-sn5640-2,Ethernet155,str4-sn5640-fan-2,Ethernet155,100000,,Access,on
str4-sn5640-2,Ethernet156,str4-sn5640-fan-2,Ethernet156,100000,,Access,on
str4-sn5640-2,Ethernet157,str4-sn5640-fan-2,Ethernet157,100000,,Access,on
str4-sn5640-2,Ethernet158,str4-sn5640-fan-2,Ethernet158,100000,,Access,on
str4-sn5640-2,Ethernet159,str4-sn5640-fan-2,Ethernet159,100000,,Access,on
str4-sn5640-2,Ethernet160,str4-sn5640-fan-2,Ethernet160,100000,3680,Access,on
str4-sn5640-2,Ethernet161,str4-sn5640-fan-2,Ethernet161,100000,,Access,on
str4-sn5640-2,Ethernet162,str4-sn5640-fan-2,Ethernet162,100000,,Access,on
str4-sn5640-2,Ethernet163,str4-sn5640-fan-2,Ethernet163,100000,,Access,on
str4-sn5640-2,Ethernet164,str4-sn5640-fan-2,Ethernet164,100000,,Access,on
str4-sn5640-2,Ethernet165,str4-sn5640-fan-2,Ethernet165,100000,,Access,on
str4-sn5640-2,Ethernet166,str4-sn5640-fan-2,Ethernet166,100000,,Access,on
str4-sn5640-2,Ethernet167,str4-sn5640-fan-2,Ethernet167,100000,,Access,on
str4-sn5640-2,Ethernet168,str4-sn5640-fan-2,Ethernet168,100000,3681,Access,on
str4-sn5640-2,Ethernet169,str4-sn5640-fan-2,Ethernet169,100000,,Access,on
str4-sn5640-2,Ethernet170,str4-sn5640-fan-2,Ethernet170,100000,,Access,on
str4-sn5640-2,Ethernet171,str4-sn5640-fan-2,Ethernet171,100000,,Access,on
str4-sn5640-2,Ethernet172,str4-sn5640-fan-2,Ethernet172,100000,,Access,on
str4-sn5640-2,Ethernet173,str4-sn5640-fan-2,Ethernet173,100000,,Access,on
str4-sn5640-2,Ethernet174,str4-sn5640-fan-2,Ethernet174,100000,,Access,on
str4-sn5640-2,Ethernet175,str4-sn5640-fan-2,Ethernet175,100000,,Access,on
str4-sn5640-2,Ethernet176,str4-sn5640-fan-2,Ethernet176,100000,3682,Access,on
str4-sn5640-2,Ethernet177,str4-sn5640-fan-2,Ethernet177,100000,,Access,on
str4-sn5640-2,Ethernet178,str4-sn5640-fan-2,Ethernet178,100000,,Access,on
str4-sn5640-2,Ethernet179,str4-sn5640-fan-2,Ethernet179,100000,,Access,on
str4-sn5640-2,Ethernet180,str4-sn5640-fan-2,Ethernet180,100000,,Access,on
str4-sn5640-2,Ethernet181,str4-sn5640-fan-2,Ethernet181,100000,,Access,on
str4-sn5640-2,Ethernet182,str4-sn5640-fan-2,Ethernet182,100000,,Access,on
str4-sn5640-2,Ethernet183,str4-sn5640-fan-2,Ethernet183,100000,,Access,on
str4-sn5640-2,Ethernet184,str4-sn5640-fan-2,Ethernet184,100000,3683,Access,on
str4-sn5640-2,Ethernet185,str4-sn5640-fan-2,Ethernet185,100000,,Access,on
str4-sn5640-2,Ethernet186,str4-sn5640-fan-2,Ethernet186,100000,,Access,on
str4-sn5640-2,Ethernet187,str4-sn5640-fan-2,Ethernet187,100000,,Access,on
str4-sn5640-2,Ethernet188,str4-sn5640-fan-2,Ethernet188,100000,,Access,on
str4-sn5640-2,Ethernet189,str4-sn5640-fan-2,Ethernet189,100000,,Access,on
str4-sn5640-2,Ethernet190,str4-sn5640-fan-2,Ethernet190,100000,,Access,on
str4-sn5640-2,Ethernet191,str4-sn5640-fan-2,Ethernet191,100000,,Access,on
str4-sn5640-2,Ethernet192,str4-sn5640-fan-2,Ethernet192,100000,3684,Access,on
str4-sn5640-2,Ethernet193,str4-sn5640-fan-2,Ethernet193,100000,,Access,on
str4-sn5640-2,Ethernet194,str4-sn5640-fan-2,Ethernet194,100000,,Access,on
str4-sn5640-2,Ethernet195,str4-sn5640-fan-2,Ethernet195,100000,,Access,on
str4-sn5640-2,Ethernet196,str4-sn5640-fan-2,Ethernet196,100000,,Access,on
str4-sn5640-2,Ethernet197,str4-sn5640-fan-2,Ethernet197,100000,,Access,on
str4-sn5640-2,Ethernet198,str4-sn5640-fan-2,Ethernet198,100000,,Access,on
str4-sn5640-2,Ethernet199,str4-sn5640-fan-2,Ethernet199,100000,,Access,on
str4-sn5640-2,Ethernet200,str4-sn5640-fan-2,Ethernet200,100000,3685,Access,on
str4-sn5640-2,Ethernet201,str4-sn5640-fan-2,Ethernet201,100000,,Access,on
str4-sn5640-2,Ethernet202,str4-sn5640-fan-2,Ethernet202,100000,,Access,on
str4-sn5640-2,Ethernet203,str4-sn5640-fan-2,Ethernet203,100000,,Access,on
str4-sn5640-2,Ethernet204,str4-sn5640-fan-2,Ethernet204,100000,,Access,on
str4-sn5640-2,Ethernet205,str4-sn5640-fan-2,Ethernet205,100000,,Access,on
str4-sn5640-2,Ethernet206,str4-sn5640-fan-2,Ethernet206,100000,,Access,on
str4-sn5640-2,Ethernet207,str4-sn5640-fan-2,Ethernet207,100000,,Access,on
str4-sn5640-2,Ethernet208,str4-sn5640-fan-2,Ethernet208,100000,3686,Access,on
str4-sn5640-2,Ethernet209,str4-sn5640-fan-2,Ethernet209,100000,,Access,on
str4-sn5640-2,Ethernet210,str4-sn5640-fan-2,Ethernet210,100000,,Access,on
str4-sn5640-2,Ethernet211,str4-sn5640-fan-2,Ethernet211,100000,,Access,on
str4-sn5640-2,Ethernet212,str4-sn5640-fan-2,Ethernet212,100000,,Access,on
str4-sn5640-2,Ethernet213,str4-sn5640-fan-2,Ethernet213,100000,,Access,on
str4-sn5640-2,Ethernet214,str4-sn5640-fan-2,Ethernet214,100000,,Access,on
str4-sn5640-2,Ethernet215,str4-sn5640-fan-2,Ethernet215,100000,,Access,on
str4-sn5640-2,Ethernet216,str4-sn5640-fan-2,Ethernet216,100000,3687,Access,on
str4-sn5640-2,Ethernet217,str4-sn5640-fan-2,Ethernet217,100000,,Access,on
str4-sn5640-2,Ethernet218,str4-sn5640-fan-2,Ethernet218,100000,,Access,on
str4-sn5640-2,Ethernet219,str4-sn5640-fan-2,Ethernet219,100000,,Access,on
str4-sn5640-2,Ethernet220,str4-sn5640-fan-2,Ethernet220,100000,,Access,on
str4-sn5640-2,Ethernet221,str4-sn5640-fan-2,Ethernet221,100000,,Access,on
str4-sn5640-2,Ethernet222,str4-sn5640-fan-2,Ethernet222,100000,,Access,on
str4-sn5640-2,Ethernet223,str4-sn5640-fan-2,Ethernet223,100000,,Access,on
str4-sn5640-2,Ethernet224,str4-sn5640-fan-2,Ethernet224,100000,3688,Access,on
str4-sn5640-2,Ethernet225,str4-sn5640-fan-2,Ethernet225,100000,,Access,on
str4-sn5640-2,Ethernet226,str4-sn5640-fan-2,Ethernet226,100000,,Access,on
str4-sn5640-2,Ethernet227,str4-sn5640-fan-2,Ethernet227,100000,,Access,on
str4-sn5640-2,Ethernet228,str4-sn5640-fan-2,Ethernet228,100000,,Access,on
str4-sn5640-2,Ethernet229,str4-sn5640-fan-2,Ethernet229,100000,,Access,on
str4-sn5640-2,Ethernet230,str4-sn5640-fan-2,Ethernet230,100000,,Access,on
str4-sn5640-2,Ethernet231,str4-sn5640-fan-2,Ethernet231,100000,,Access,on
str4-sn5640-2,Ethernet232,str4-sn5640-fan-2,Ethernet232,100000,3689,Access,on
str4-sn5640-2,Ethernet233,str4-sn5640-fan-2,Ethernet233,100000,,Access,on
str4-sn5640-2,Ethernet234,str4-sn5640-fan-2,Ethernet234,100000,,Access,on
str4-sn5640-2,Ethernet235,str4-sn5640-fan-2,Ethernet235,100000,,Access,on
str4-sn5640-2,Ethernet236,str4-sn5640-fan-2,Ethernet236,100000,,Access,on
str4-sn5640-2,Ethernet237,str4-sn5640-fan-2,Ethernet237,100000,,Access,on
str4-sn5640-2,Ethernet238,str4-sn5640-fan-2,Ethernet238,100000,,Access,on
str4-sn5640-2,Ethernet239,str4-sn5640-fan-2,Ethernet239,100000,,Access,on
str4-sn5640-2,Ethernet240,str4-sn5640-fan-2,Ethernet240,100000,3690,Access,on
str4-sn5640-2,Ethernet241,str4-sn5640-fan-2,Ethernet241,100000,,Access,on
str4-sn5640-2,Ethernet242,str4-sn5640-fan-2,Ethernet242,100000,,Access,on
str4-sn5640-2,Ethernet243,str4-sn5640-fan-2,Ethernet243,100000,,Access,on
str4-sn5640-2,Ethernet244,str4-sn5640-fan-2,Ethernet244,100000,,Access,on
str4-sn5640-2,Ethernet245,str4-sn5640-fan-2,Ethernet245,100000,,Access,on
str4-sn5640-2,Ethernet246,str4-sn5640-fan-2,Ethernet246,100000,,Access,on
str4-sn5640-2,Ethernet247,str4-sn5640-fan-2,Ethernet247,100000,,Access,on
str4-sn5640-2,Ethernet248,str4-sn5640-fan-2,Ethernet248,100000,3691,Access,on
str4-sn5640-2,Ethernet249,str4-sn5640-fan-2,Ethernet249,100000,,Access,on
str4-sn5640-2,Ethernet250,str4-sn5640-fan-2,Ethernet250,100000,,Access,on
str4-sn5640-2,Ethernet251,str4-sn5640-fan-2,Ethernet251,100000,,Access,on
str4-sn5640-2,Ethernet252,str4-sn5640-fan-2,Ethernet252,100000,,Access,on
str4-sn5640-2,Ethernet253,str4-sn5640-fan-2,Ethernet253,100000,,Access,on
str4-sn5640-2,Ethernet254,str4-sn5640-fan-2,Ethernet254,100000,,Access,on
str4-sn5640-2,Ethernet255,str4-sn5640-fan-2,Ethernet255,100000,,Access,on
str4-sn5640-2,Ethernet256,str4-sn5640-fan-2,Ethernet256,100000,3692,Access,on
str4-sn5640-2,Ethernet257,str4-sn5640-fan-2,Ethernet257,100000,,Access,on
str4-sn5640-2,Ethernet258,str4-sn5640-fan-2,Ethernet258,100000,,Access,on
str4-sn5640-2,Ethernet259,str4-sn5640-fan-2,Ethernet259,100000,,Access,on
str4-sn5640-2,Ethernet260,str4-sn5640-fan-2,Ethernet260,100000,,Access,on
str4-sn5640-2,Ethernet261,str4-sn5640-fan-2,Ethernet261,100000,,Access,on
str4-sn5640-2,Ethernet262,str4-sn5640-fan-2,Ethernet262,100000,,Access,on
str4-sn5640-2,Ethernet263,str4-sn5640-fan-2,Ethernet263,100000,,Access,on
str4-sn5640-2,Ethernet264,str4-sn5640-fan-2,Ethernet264,100000,3693,Access,on
str4-sn5640-2,Ethernet265,str4-sn5640-fan-2,Ethernet265,100000,,Access,on
str4-sn5640-2,Ethernet266,str4-sn5640-fan-2,Ethernet266,100000,,Access,on
str4-sn5640-2,Ethernet267,str4-sn5640-fan-2,Ethernet267,100000,,Access,on
str4-sn5640-2,Ethernet268,str4-sn5640-fan-2,Ethernet268,100000,,Access,on
str4-sn5640-2,Ethernet269,str4-sn5640-fan-2,Ethernet269,100000,,Access,on
str4-sn5640-2,Ethernet270,str4-sn5640-fan-2,Ethernet270,100000,,Access,on
str4-sn5640-2,Ethernet271,str4-sn5640-fan-2,Ethernet271,100000,,Access,on
str4-sn5640-2,Ethernet272,str4-sn5640-fan-2,Ethernet272,100000,3694,Access,on
str4-sn5640-2,Ethernet273,str4-sn5640-fan-2,Ethernet273,100000,,Access,on
str4-sn5640-2,Ethernet274,str4-sn5640-fan-2,Ethernet274,100000,,Access,on
str4-sn5640-2,Ethernet275,str4-sn5640-fan-2,Ethernet275,100000,,Access,on
str4-sn5640-2,Ethernet276,str4-sn5640-fan-2,Ethernet276,100000,,Access,on
str4-sn5640-2,Ethernet277,str4-sn5640-fan-2,Ethernet277,100000,,Access,on
str4-sn5640-2,Ethernet278,str4-sn5640-fan-2,Ethernet278,100000,,Access,on
str4-sn5640-2,Ethernet279,str4-sn5640-fan-2,Ethernet279,100000,,Access,on
str4-sn5640-2,Ethernet280,str4-sn5640-fan-2,Ethernet280,100000,3695,Access,on
str4-sn5640-2,Ethernet281,str4-sn5640-fan-2,Ethernet281,100000,,Access,on
str4-sn5640-2,Ethernet282,str4-sn5640-fan-2,Ethernet282,100000,,Access,on
str4-sn5640-2,Ethernet283,str4-sn5640-fan-2,Ethernet283,100000,,Access,on
str4-sn5640-2,Ethernet284,str4-sn5640-fan-2,Ethernet284,100000,,Access,on
str4-sn5640-2,Ethernet285,str4-sn5640-fan-2,Ethernet285,100000,,Access,on
str4-sn5640-2,Ethernet286,str4-sn5640-fan-2,Ethernet286,100000,,Access,on
str4-sn5640-2,Ethernet287,str4-sn5640-fan-2,Ethernet287,100000,,Access,on
str4-sn5640-2,Ethernet288,str4-sn5640-fan-2,Ethernet288,100000,3696,Access,on
str4-sn5640-2,Ethernet289,str4-sn5640-fan-2,Ethernet289,100000,,Access,on
str4-sn5640-2,Ethernet290,str4-sn5640-fan-2,Ethernet290,100000,,Access,on
str4-sn5640-2,Ethernet291,str4-sn5640-fan-2,Ethernet291,100000,,Access,on
str4-sn5640-2,Ethernet292,str4-sn5640-fan-2,Ethernet292,100000,,Access,on
str4-sn5640-2,Ethernet293,str4-sn5640-fan-2,Ethernet293,100000,,Access,on
str4-sn5640-2,Ethernet294,str4-sn5640-fan-2,Ethernet294,100000,,Access,on
str4-sn5640-2,Ethernet295,str4-sn5640-fan-2,Ethernet295,100000,,Access,on
str4-sn5640-2,Ethernet296,str4-sn5640-fan-2,Ethernet296,100000,3697,Access,on
str4-sn5640-2,Ethernet297,str4-sn5640-fan-2,Ethernet297,100000,,Access,on
str4-sn5640-2,Ethernet298,str4-sn5640-fan-2,Ethernet298,100000,,Access,on
str4-sn5640-2,Ethernet299,str4-sn5640-fan-2,Ethernet299,100000,,Access,on
str4-sn5640-2,Ethernet300,str4-sn5640-fan-2,Ethernet300,100000,,Access,on
str4-sn5640-2,Ethernet301,str4-sn5640-fan-2,Ethernet301,100000,,Access,on
str4-sn5640-2,Ethernet302,str4-sn5640-fan-2,Ethernet302,100000,,Access,on
str4-sn5640-2,Ethernet303,str4-sn5640-fan-2,Ethernet303,100000,,Access,on
str4-sn5640-2,Ethernet304,str4-sn5640-fan-2,Ethernet304,100000,3698,Access,on
str4-sn5640-2,Ethernet305,str4-sn5640-fan-2,Ethernet305,100000,,Access,on
str4-sn5640-2,Ethernet306,str4-sn5640-fan-2,Ethernet306,100000,,Access,on
str4-sn5640-2,Ethernet307,str4-sn5640-fan-2,Ethernet307,100000,,Access,on
str4-sn5640-2,Ethernet308,str4-sn5640-fan-2,Ethernet308,100000,,Access,on
str4-sn5640-2,Ethernet309,str4-sn5640-fan-2,Ethernet309,100000,,Access,on
str4-sn5640-2,Ethernet310,str4-sn5640-fan-2,Ethernet310,100000,,Access,on
str4-sn5640-2,Ethernet311,str4-sn5640-fan-2,Ethernet311,100000,,Access,on
str4-sn5640-2,Ethernet312,str4-sn5640-fan-2,Ethernet312,100000,3699,Access,on
str4-sn5640-2,Ethernet313,str4-sn5640-fan-2,Ethernet313,100000,,Access,on
str4-sn5640-2,Ethernet314,str4-sn5640-fan-2,Ethernet314,100000,,Access,on
str4-sn5640-2,Ethernet315,str4-sn5640-fan-2,Ethernet315,100000,,Access,on
str4-sn5640-2,Ethernet316,str4-sn5640-fan-2,Ethernet316,100000,,Access,on
str4-sn5640-2,Ethernet317,str4-sn5640-fan-2,Ethernet317,100000,,Access,on
str4-sn5640-2,Ethernet318,str4-sn5640-fan-2,Ethernet318,100000,,Access,on
str4-sn5640-2,Ethernet319,str4-sn5640-fan-2,Ethernet319,100000,,Access,on
str4-sn5640-2,Ethernet320,str4-sn5640-fan-2,Ethernet320,100000,3700,Access,on
str4-sn5640-2,Ethernet321,str4-sn5640-fan-2,Ethernet321,100000,,Access,on
str4-sn5640-2,Ethernet322,str4-sn5640-fan-2,Ethernet322,100000,,Access,on
str4-sn5640-2,Ethernet323,str4-sn5640-fan-2,Ethernet323,100000,,Access,on
str4-sn5640-2,Ethernet324,str4-sn5640-fan-2,Ethernet324,100000,,Access,on
str4-sn5640-2,Ethernet325,str4-sn5640-fan-2,Ethernet325,100000,,Access,on
str4-sn5640-2,Ethernet326,str4-sn5640-fan-2,Ethernet326,100000,,Access,on
str4-sn5640-2,Ethernet327,str4-sn5640-fan-2,Ethernet327,100000,,Access,on
str4-sn5640-2,Ethernet328,str4-sn5640-fan-2,Ethernet328,100000,3701,Access,on
str4-sn5640-2,Ethernet329,str4-sn5640-fan-2,Ethernet329,100000,,Access,on
str4-sn5640-2,Ethernet330,str4-sn5640-fan-2,Ethernet330,100000,,Access,on
str4-sn5640-2,Ethernet331,str4-sn5640-fan-2,Ethernet331,100000,,Access,on
str4-sn5640-2,Ethernet332,str4-sn5640-fan-2,Ethernet332,100000,,Access,on
str4-sn5640-2,Ethernet333,str4-sn5640-fan-2,Ethernet333,100000,,Access,on
str4-sn5640-2,Ethernet334,str4-sn5640-fan-2,Ethernet334,100000,,Access,on
str4-sn5640-2,Ethernet335,str4-sn5640-fan-2,Ethernet335,100000,,Access,on
str4-sn5640-2,Ethernet336,str4-sn5640-fan-2,Ethernet336,100000,3702,Access,on
str4-sn5640-2,Ethernet337,str4-sn5640-fan-2,Ethernet337,100000,,Access,on
str4-sn5640-2,Ethernet338,str4-sn5640-fan-2,Ethernet338,100000,,Access,on
str4-sn5640-2,Ethernet339,str4-sn5640-fan-2,Ethernet339,100000,,Access,on
str4-sn5640-2,Ethernet340,str4-sn5640-fan-2,Ethernet340,100000,,Access,on
str4-sn5640-2,Ethernet341,str4-sn5640-fan-2,Ethernet341,100000,,Access,on
str4-sn5640-2,Ethernet342,str4-sn5640-fan-2,Ethernet342,100000,,Access,on
str4-sn5640-2,Ethernet343,str4-sn5640-fan-2,Ethernet343,100000,,Access,on
str4-sn5640-2,Ethernet344,str4-sn5640-fan-2,Ethernet344,100000,3703,Access,on
str4-sn5640-2,Ethernet345,str4-sn5640-fan-2,Ethernet345,100000,,Access,on
str4-sn5640-2,Ethernet346,str4-sn5640-fan-2,Ethernet346,100000,,Access,on
str4-sn5640-2,Ethernet347,str4-sn5640-fan-2,Ethernet347,100000,,Access,on
str4-sn5640-2,Ethernet348,str4-sn5640-fan-2,Ethernet348,100000,,Access,on
str4-sn5640-2,Ethernet349,str4-sn5640-fan-2,Ethernet349,100000,,Access,on
str4-sn5640-2,Ethernet350,str4-sn5640-fan-2,Ethernet350,100000,,Access,on
str4-sn5640-2,Ethernet351,str4-sn5640-fan-2,Ethernet351,100000,,Access,on
str4-sn5640-2,Ethernet352,str4-sn5640-fan-2,Ethernet352,100000,3704,Access,on
str4-sn5640-2,Ethernet353,str4-sn5640-fan-2,Ethernet353,100000,,Access,on
str4-sn5640-2,Ethernet354,str4-sn5640-fan-2,Ethernet354,100000,,Access,on
str4-sn5640-2,Ethernet355,str4-sn5640-fan-2,Ethernet355,100000,,Access,on
str4-sn5640-2,Ethernet356,str4-sn5640-fan-2,Ethernet356,100000,,Access,on
str4-sn5640-2,Ethernet357,str4-sn5640-fan-2,Ethernet357,100000,,Access,on
str4-sn5640-2,Ethernet358,str4-sn5640-fan-2,Ethernet358,100000,,Access,on
str4-sn5640-2,Ethernet359,str4-sn5640-fan-2,Ethernet359,100000,,Access,on
str4-sn5640-2,Ethernet360,str4-sn5640-fan-2,Ethernet360,100000,3705,Access,on
str4-sn5640-2,Ethernet361,str4-sn5640-fan-2,Ethernet361,100000,,Access,on
str4-sn5640-2,Ethernet362,str4-sn5640-fan-2,Ethernet362,100000,,Access,on
str4-sn5640-2,Ethernet363,str4-sn5640-fan-2,Ethernet363,100000,,Access,on
str4-sn5640-2,Ethernet364,str4-sn5640-fan-2,Ethernet364,100000,,Access,on
str4-sn5640-2,Ethernet365,str4-sn5640-fan-2,Ethernet365,100000,,Access,on
str4-sn5640-2,Ethernet366,str4-sn5640-fan-2,Ethernet366,100000,,Access,on
str4-sn5640-2,Ethernet367,str4-sn5640-fan-2,Ethernet367,100000,,Access,on
str4-sn5640-2,Ethernet368,str4-sn5640-fan-2,Ethernet368,100000,3706,Access,on
str4-sn5640-2,Ethernet369,str4-sn5640-fan-2,Ethernet369,100000,,Access,on
str4-sn5640-2,Ethernet370,str4-sn5640-fan-2,Ethernet370,100000,,Access,on
str4-sn5640-2,Ethernet371,str4-sn5640-fan-2,Ethernet371,100000,,Access,on
str4-sn5640-2,Ethernet372,str4-sn5640-fan-2,Ethernet372,100000,,Access,on
str4-sn5640-2,Ethernet373,str4-sn5640-fan-2,Ethernet373,100000,,Access,on
str4-sn5640-2,Ethernet374,str4-sn5640-fan-2,Ethernet374,100000,,Access,on
str4-sn5640-2,Ethernet375,str4-sn5640-fan-2,Ethernet375,100000,,Access,on
str4-sn5640-2,Ethernet376,str4-sn5640-fan-2,Ethernet376,100000,3707,Access,on
str4-sn5640-2,Ethernet377,str4-sn5640-fan-2,Ethernet377,100000,,Access,on
str4-sn5640-2,Ethernet378,str4-sn5640-fan-2,Ethernet378,100000,,Access,on
str4-sn5640-2,Ethernet379,str4-sn5640-fan-2,Ethernet379,100000,,Access,on
str4-sn5640-2,Ethernet380,str4-sn5640-fan-2,Ethernet380,100000,,Access,on
str4-sn5640-2,Ethernet381,str4-sn5640-fan-2,Ethernet381,100000,,Access,on
str4-sn5640-2,Ethernet382,str4-sn5640-fan-2,Ethernet382,100000,,Access,on
str4-sn5640-2,Ethernet383,str4-sn5640-fan-2,Ethernet383,100000,,Access,on
str4-sn5640-2,Ethernet384,str4-sn5640-fan-2,Ethernet384,100000,3708,Access,on
str4-sn5640-2,Ethernet385,str4-sn5640-fan-2,Ethernet385,100000,,Access,on
str4-sn5640-2,Ethernet386,str4-sn5640-fan-2,Ethernet386,100000,,Access,on
str4-sn5640-2,Ethernet387,str4-sn5640-fan-2,Ethernet387,100000,,Access,on
str4-sn5640-2,Ethernet388,str4-sn5640-fan-2,Ethernet388,100000,,Access,on
str4-sn5640-2,Ethernet389,str4-sn5640-fan-2,Ethernet389,100000,,Access,on
str4-sn5640-2,Ethernet390,str4-sn5640-fan-2,Ethernet390,100000,,Access,on
str4-sn5640-2,Ethernet391,str4-sn5640-fan-2,Ethernet391,100000,,Access,on
str4-sn5640-2,Ethernet392,str4-sn5640-fan-2,Ethernet392,100000,3709,Access,on
str4-sn5640-2,Ethernet393,str4-sn5640-fan-2,Ethernet393,100000,,Access,on
str4-sn5640-2,Ethernet394,str4-sn5640-fan-2,Ethernet394,100000,,Access,on
str4-sn5640-2,Ethernet395,str4-sn5640-fan-2,Ethernet395,100000,,Access,on
str4-sn5640-2,Ethernet396,str4-sn5640-fan-2,Ethernet396,100000,,Access,on
str4-sn5640-2,Ethernet397,str4-sn5640-fan-2,Ethernet397,100000,,Access,on
str4-sn5640-2,Ethernet398,str4-sn5640-fan-2,Ethernet398,100000,,Access,on
str4-sn5640-2,Ethernet399,str4-sn5640-fan-2,Ethernet399,100000,,Access,on
str4-sn5640-2,Ethernet400,str4-sn5640-fan-2,Ethernet400,100000,3710,Access,on
str4-sn5640-2,Ethernet401,str4-sn5640-fan-2,Ethernet401,100000,,Access,on
str4-sn5640-2,Ethernet402,str4-sn5640-fan-2,Ethernet402,100000,,Access,on
str4-sn5640-2,Ethernet403,str4-sn5640-fan-2,Ethernet403,100000,,Access,on
str4-sn5640-2,Ethernet404,str4-sn5640-fan-2,Ethernet404,100000,,Access,on
str4-sn5640-2,Ethernet405,str4-sn5640-fan-2,Ethernet405,100000,,Access,on
str4-sn5640-2,Ethernet406,str4-sn5640-fan-2,Ethernet406,100000,,Access,on
str4-sn5640-2,Ethernet407,str4-sn5640-fan-2,Ethernet407,100000,,Access,on
str4-sn5640-2,Ethernet408,str4-sn5640-fan-2,Ethernet408,100000,3711,Access,on
str4-sn5640-2,Ethernet409,str4-sn5640-fan-2,Ethernet409,100000,,Access,on
str4-sn5640-2,Ethernet410,str4-sn5640-fan-2,Ethernet410,100000,,Access,on
str4-sn5640-2,Ethernet411,str4-sn5640-fan-2,Ethernet411,100000,,Access,on
str4-sn5640-2,Ethernet412,str4-sn5640-fan-2,Ethernet412,100000,,Access,on
str4-sn5640-2,Ethernet413,str4-sn5640-fan-2,Ethernet413,100000,,Access,on
str4-sn5640-2,Ethernet414,str4-sn5640-fan-2,Ethernet414,100000,,Access,on
str4-sn5640-2,Ethernet415,str4-sn5640-fan-2,Ethernet415,100000,,Access,on
str4-sn5640-2,Ethernet416,str4-sn5640-fan-2,Ethernet416,100000,3712,Access,on
str4-sn5640-2,Ethernet417,str4-sn5640-fan-2,Ethernet417,100000,,Access,on
str4-sn5640-2,Ethernet418,str4-sn5640-fan-2,Ethernet418,100000,,Access,on
str4-sn5640-2,Ethernet419,str4-sn5640-fan-2,Ethernet419,100000,,Access,on
str4-sn5640-2,Ethernet420,str4-sn5640-fan-2,Ethernet420,100000,,Access,on
str4-sn5640-2,Ethernet421,str4-sn5640-fan-2,Ethernet421,100000,,Access,on
str4-sn5640-2,Ethernet422,str4-sn5640-fan-2,Ethernet422,100000,,Access,on
str4-sn5640-2,Ethernet423,str4-sn5640-fan-2,Ethernet423,100000,,Access,on
str4-sn5640-2,Ethernet424,str4-sn5640-fan-2,Ethernet424,100000,3713,Access,on
str4-sn5640-2,Ethernet425,str4-sn5640-fan-2,Ethernet425,100000,,Access,on
str4-sn5640-2,Ethernet426,str4-sn5640-fan-2,Ethernet426,100000,,Access,on
str4-sn5640-2,Ethernet427,str4-sn5640-fan-2,Ethernet427,100000,,Access,on
str4-sn5640-2,Ethernet428,str4-sn5640-fan-2,Ethernet428,100000,,Access,on
str4-sn5640-2,Ethernet429,str4-sn5640-fan-2,Ethernet429,100000,,Access,on
str4-sn5640-2,Ethernet430,str4-sn5640-fan-2,Ethernet430,100000,,Access,on
str4-sn5640-2,Ethernet431,str4-sn5640-fan-2,Ethernet431,100000,,Access,on
str4-sn5640-2,Ethernet432,str4-sn5640-fan-2,Ethernet432,100000,3714,Access,on
str4-sn5640-2,Ethernet433,str4-sn5640-fan-2,Ethernet433,100000,,Access,on
str4-sn5640-2,Ethernet434,str4-sn5640-fan-2,Ethernet434,100000,,Access,on
str4-sn5640-2,Ethernet435,str4-sn5640-fan-2,Ethernet435,100000,,Access,on
str4-sn5640-2,Ethernet436,str4-sn5640-fan-2,Ethernet436,100000,,Access,on
str4-sn5640-2,Ethernet437,str4-sn5640-fan-2,Ethernet437,100000,,Access,on
str4-sn5640-2,Ethernet438,str4-sn5640-fan-2,Ethernet438,100000,,Access,on
str4-sn5640-2,Ethernet439,str4-sn5640-fan-2,Ethernet439,100000,,Access,on
str4-sn5640-2,Ethernet440,str4-sn5640-fan-2,Ethernet440,100000,3715,Access,on
str4-sn5640-2,Ethernet441,str4-sn5640-fan-2,Ethernet441,100000,,Access,on
str4-sn5640-2,Ethernet442,str4-sn5640-fan-2,Ethernet442,100000,,Access,on
str4-sn5640-2,Ethernet443,str4-sn5640-fan-2,Ethernet443,100000,,Access,on
str4-sn5640-2,Ethernet444,str4-sn5640-fan-2,Ethernet444,100000,,Access,on
str4-sn5640-2,Ethernet445,str4-sn5640-fan-2,Ethernet445,100000,,Access,on
str4-sn5640-2,Ethernet446,str4-sn5640-fan-2,Ethernet446,100000,,Access,on
str4-sn5640-2,Ethernet447,str4-sn5640-fan-2,Ethernet447,100000,,Access,on
str4-sn5640-2,Ethernet448,str4-sn5640-fan-2,Ethernet448,100000,3716,Access,on
str4-sn5640-2,Ethernet449,str4-sn5640-fan-2,Ethernet449,100000,,Access,on
str4-sn5640-2,Ethernet450,str4-sn5640-fan-2,Ethernet450,100000,,Access,on
str4-sn5640-2,Ethernet451,str4-sn5640-fan-2,Ethernet451,100000,,Access,on
str4-sn5640-2,Ethernet452,str4-sn5640-fan-2,Ethernet452,100000,,Access,on
str4-sn5640-2,Ethernet453,str4-sn5640-fan-2,Ethernet453,100000,,Access,on
str4-sn5640-2,Ethernet454,str4-sn5640-fan-2,Ethernet454,100000,,Access,on
str4-sn5640-2,Ethernet455,str4-sn5640-fan-2,Ethernet455,100000,,Access,on
str4-sn5640-2,Ethernet456,str4-sn5640-fan-2,Ethernet456,100000,3717,Access,on
str4-sn5640-2,Ethernet457,str4-sn5640-fan-2,Ethernet457,100000,,Access,on
str4-sn5640-2,Ethernet458,str4-sn5640-fan-2,Ethernet458,100000,,Access,on
str4-sn5640-2,Ethernet459,str4-sn5640-fan-2,Ethernet459,100000,,Access,on
str4-sn5640-2,Ethernet460,str4-sn5640-fan-2,Ethernet460,100000,,Access,on
str4-sn5640-2,Ethernet461,str4-sn5640-fan-2,Ethernet461,100000,,Access,on
str4-sn5640-2,Ethernet462,str4-sn5640-fan-2,Ethernet462,100000,,Access,on
str4-sn5640-2,Ethernet463,str4-sn5640-fan-2,Ethernet463,100000,,Access,on
str4-sn5640-2,Ethernet464,str4-sn5640-fan-2,Ethernet464,100000,3718,Access,on
str4-sn5640-2,Ethernet465,str4-sn5640-fan-2,Ethernet465,100000,,Access,on
str4-sn5640-2,Ethernet466,str4-sn5640-fan-2,Ethernet466,100000,,Access,on
str4-sn5640-2,Ethernet467,str4-sn5640-fan-2,Ethernet467,100000,,Access,on
str4-sn5640-2,Ethernet468,str4-sn5640-fan-2,Ethernet468,100000,,Access,on
str4-sn5640-2,Ethernet469,str4-sn5640-fan-2,Ethernet469,100000,,Access,on
str4-sn5640-2,Ethernet470,str4-sn5640-fan-2,Ethernet470,100000,,Access,on
str4-sn5640-2,Ethernet471,str4-sn5640-fan-2,Ethernet471,100000,,Access,on
str4-sn5640-2,Ethernet472,str4-sn5640-fan-2,Ethernet472,100000,3719,Access,on
str4-sn5640-2,Ethernet473,str4-sn5640-fan-2,Ethernet473,100000,,Access,on
str4-sn5640-2,Ethernet474,str4-sn5640-fan-2,Ethernet474,100000,,Access,on
str4-sn5640-2,Ethernet475,str4-sn5640-fan-2,Ethernet475,100000,,Access,on
str4-sn5640-2,Ethernet476,str4-sn5640-fan-2,Ethernet476,100000,,Access,on
str4-sn5640-2,Ethernet477,str4-sn5640-fan-2,Ethernet477,100000,,Access,on
str4-sn5640-2,Ethernet478,str4-sn5640-fan-2,Ethernet478,100000,,Access,on
str4-sn5640-2,Ethernet479,str4-sn5640-fan-2,Ethernet479,100000,,Access,on
str4-sn5640-2,Ethernet480,str4-sn5640-fan-2,Ethernet480,100000,3720,Access,on
str4-sn5640-2,Ethernet481,str4-sn5640-fan-2,Ethernet481,100000,,Access,on
str4-sn5640-2,Ethernet482,str4-sn5640-fan-2,Ethernet482,100000,,Access,on
str4-sn5640-2,Ethernet483,str4-sn5640-fan-2,Ethernet483,100000,,Access,on
str4-sn5640-2,Ethernet484,str4-sn5640-fan-2,Ethernet484,100000,,Access,on
str4-sn5640-2,Ethernet485,str4-sn5640-fan-2,Ethernet485,100000,,Access,on
str4-sn5640-2,Ethernet486,str4-sn5640-fan-2,Ethernet486,100000,,Access,on
str4-sn5640-2,Ethernet487,str4-sn5640-fan-2,Ethernet487,100000,,Access,on
str4-sn5640-2,Ethernet488,str4-sn5640-fan-2,Ethernet488,100000,3721,Access,on
str4-sn5640-2,Ethernet489,str4-sn5640-fan-2,Ethernet489,100000,,Access,on
str4-sn5640-2,Ethernet490,str4-sn5640-fan-2,Ethernet490,100000,,Access,on
str4-sn5640-2,Ethernet491,str4-sn5640-fan-2,Ethernet491,100000,,Access,on
str4-sn5640-2,Ethernet492,str4-sn5640-fan-2,Ethernet492,100000,,Access,on
str4-sn5640-2,Ethernet493,str4-sn5640-fan-2,Ethernet493,100000,,Access,on
str4-sn5640-2,Ethernet494,str4-sn5640-fan-2,Ethernet494,100000,,Access,on
str4-sn5640-2,Ethernet495,str4-sn5640-fan-2,Ethernet495,100000,,Access,on
str4-sn5640-2,Ethernet496,str4-7060x6-64pe-fan-share-1,Ethernet288,100000,3722,Access,off
str4-sn5640-2,Ethernet497,str4-7060x6-64pe-fan-share-1,Ethernet289,100000,,Access,off
str4-sn5640-2,Ethernet498,str4-7060x6-64pe-fan-share-1,Ethernet290,100000,,Access,off
str4-sn5640-2,Ethernet499,str4-7060x6-64pe-fan-share-1,Ethernet291,100000,,Access,off
str4-sn5640-2,Ethernet500,str4-7060x6-64pe-fan-share-1,Ethernet292,100000,,Access,off
str4-sn5640-2,Ethernet501,str4-7060x6-64pe-fan-share-1,Ethernet293,100000,,Access,off
str4-sn5640-2,Ethernet502,str4-7060x6-64pe-fan-share-1,Ethernet294,100000,,Access,off
str4-sn5640-2,Ethernet503,str4-7060x6-64pe-fan-share-1,Ethernet295,100000,,Access,off
str4-sn5640-2,Ethernet504,str4-sn5640-fan-2,Ethernet504,100000,3723,Access,on
str4-sn5640-2,Ethernet505,str4-sn5640-fan-2,Ethernet505,100000,,Access,on
str4-sn5640-2,Ethernet506,str4-sn5640-fan-2,Ethernet506,100000,,Access,on
str4-sn5640-2,Ethernet507,str4-sn5640-fan-2,Ethernet507,100000,,Access,on
str4-sn5640-2,Ethernet508,str4-sn5640-fan-2,Ethernet508,100000,,Access,on
str4-sn5640-2,Ethernet509,str4-sn5640-fan-2,Ethernet509,100000,,Access,on
str4-sn5640-2,Ethernet510,str4-sn5640-fan-2,Ethernet510,100000,,Access,on
str4-sn5640-2,Ethernet511,str4-sn5640-fan-2,Ethernet511,100000,,Access,on
str4-sn5640-2,Ethernet512,str4-sn5640-fan-2,Ethernet512,10000,3724,Access,on
str4-sn5640-2,Ethernet520,str4-sn5640-fan-2,Ethernet520,10000,3725,Access,on
str4-sn5640-3,Ethernet0,str4-sn5640-fan-3,Ethernet0,100000,3730,Access,on
str4-sn5640-3,Ethernet1,str4-sn5640-fan-3,Ethernet1,100000,,Access,on
str4-sn5640-3,Ethernet2,str4-sn5640-fan-3,Ethernet2,100000,,Access,on
str4-sn5640-3,Ethernet3,str4-sn5640-fan-3,Ethernet3,100000,,Access,on
str4-sn5640-3,Ethernet4,str4-sn5640-fan-3,Ethernet4,100000,,Access,on
str4-sn5640-3,Ethernet5,str4-sn5640-fan-3,Ethernet5,100000,,Access,on
str4-sn5640-3,Ethernet6,str4-sn5640-fan-3,Ethernet6,100000,,Access,on
str4-sn5640-3,Ethernet7,str4-sn5640-fan-3,Ethernet7,100000,,Access,on
str4-sn5640-3,Ethernet8,str4-sn5640-fan-3,Ethernet8,100000,3731,Access,on
str4-sn5640-3,Ethernet9,str4-sn5640-fan-3,Ethernet9,100000,,Access,on
str4-sn5640-3,Ethernet10,str4-sn5640-fan-3,Ethernet10,100000,,Access,on
str4-sn5640-3,Ethernet11,str4-sn5640-fan-3,Ethernet11,100000,,Access,on
str4-sn5640-3,Ethernet12,str4-sn5640-fan-3,Ethernet12,100000,,Access,on
str4-sn5640-3,Ethernet13,str4-sn5640-fan-3,Ethernet13,100000,,Access,on
str4-sn5640-3,Ethernet14,str4-sn5640-fan-3,Ethernet14,100000,,Access,on
str4-sn5640-3,Ethernet15,str4-sn5640-fan-3,Ethernet15,100000,,Access,on
str4-sn5640-3,Ethernet16,str4-sn5640-fan-3,Ethernet16,100000,3732,Access,on
str4-sn5640-3,Ethernet17,str4-sn5640-fan-3,Ethernet17,100000,,Access,on
str4-sn5640-3,Ethernet18,str4-sn5640-fan-3,Ethernet18,100000,,Access,on
str4-sn5640-3,Ethernet19,str4-sn5640-fan-3,Ethernet19,100000,,Access,on
str4-sn5640-3,Ethernet20,str4-sn5640-fan-3,Ethernet20,100000,,Access,on
str4-sn5640-3,Ethernet21,str4-sn5640-fan-3,Ethernet21,100000,,Access,on
str4-sn5640-3,Ethernet22,str4-sn5640-fan-3,Ethernet22,100000,,Access,on
str4-sn5640-3,Ethernet23,str4-sn5640-fan-3,Ethernet23,100000,,Access,on
str4-sn5640-3,Ethernet24,str4-sn5640-fan-3,Ethernet24,100000,3733,Access,on
str4-sn5640-3,Ethernet25,str4-sn5640-fan-3,Ethernet25,100000,,Access,on
str4-sn5640-3,Ethernet26,str4-sn5640-fan-3,Ethernet26,100000,,Access,on
str4-sn5640-3,Ethernet27,str4-sn5640-fan-3,Ethernet27,100000,,Access,on
str4-sn5640-3,Ethernet28,str4-sn5640-fan-3,Ethernet28,100000,,Access,on
str4-sn5640-3,Ethernet29,str4-sn5640-fan-3,Ethernet29,100000,,Access,on
str4-sn5640-3,Ethernet30,str4-sn5640-fan-3,Ethernet30,100000,,Access,on
str4-sn5640-3,Ethernet31,str4-sn5640-fan-3,Ethernet31,100000,,Access,on
str4-sn5640-3,Ethernet32,str4-sn5640-fan-3,Ethernet32,100000,3734,Access,on
str4-sn5640-3,Ethernet33,str4-sn5640-fan-3,Ethernet33,100000,,Access,on
str4-sn5640-3,Ethernet34,str4-sn5640-fan-3,Ethernet34,100000,,Access,on
str4-sn5640-3,Ethernet35,str4-sn5640-fan-3,Ethernet35,100000,,Access,on
str4-sn5640-3,Ethernet36,str4-sn5640-fan-3,Ethernet36,100000,,Access,on
str4-sn5640-3,Ethernet37,str4-sn5640-fan-3,Ethernet37,100000,,Access,on
str4-sn5640-3,Ethernet38,str4-sn5640-fan-3,Ethernet38,100000,,Access,on
str4-sn5640-3,Ethernet39,str4-sn5640-fan-3,Ethernet39,100000,,Access,on
str4-sn5640-3,Ethernet40,str4-sn5640-fan-3,Ethernet40,100000,3735,Access,on
str4-sn5640-3,Ethernet41,str4-sn5640-fan-3,Ethernet41,100000,,Access,on
str4-sn5640-3,Ethernet42,str4-sn5640-fan-3,Ethernet42,100000,,Access,on
str4-sn5640-3,Ethernet43,str4-sn5640-fan-3,Ethernet43,100000,,Access,on
str4-sn5640-3,Ethernet44,str4-sn5640-fan-3,Ethernet44,100000,,Access,on
str4-sn5640-3,Ethernet45,str4-sn5640-fan-3,Ethernet45,100000,,Access,on
str4-sn5640-3,Ethernet46,str4-sn5640-fan-3,Ethernet46,100000,,Access,on
str4-sn5640-3,Ethernet47,str4-sn5640-fan-3,Ethernet47,100000,,Access,on
str4-sn5640-3,Ethernet48,str4-sn5640-fan-3,Ethernet48,100000,3736,Access,on
str4-sn5640-3,Ethernet49,str4-sn5640-fan-3,Ethernet49,100000,,Access,on
str4-sn5640-3,Ethernet50,str4-sn5640-fan-3,Ethernet50,100000,,Access,on
str4-sn5640-3,Ethernet51,str4-sn5640-fan-3,Ethernet51,100000,,Access,on
str4-sn5640-3,Ethernet52,str4-sn5640-fan-3,Ethernet52,100000,,Access,on
str4-sn5640-3,Ethernet53,str4-sn5640-fan-3,Ethernet53,100000,,Access,on
str4-sn5640-3,Ethernet54,str4-sn5640-fan-3,Ethernet54,100000,,Access,on
str4-sn5640-3,Ethernet55,str4-sn5640-fan-3,Ethernet55,100000,,Access,on
str4-sn5640-3,Ethernet56,str4-sn5640-fan-3,Ethernet56,100000,3737,Access,on
str4-sn5640-3,Ethernet57,str4-sn5640-fan-3,Ethernet57,100000,,Access,on
str4-sn5640-3,Ethernet58,str4-sn5640-fan-3,Ethernet58,100000,,Access,on
str4-sn5640-3,Ethernet59,str4-sn5640-fan-3,Ethernet59,100000,,Access,on
str4-sn5640-3,Ethernet60,str4-sn5640-fan-3,Ethernet60,100000,,Access,on
str4-sn5640-3,Ethernet61,str4-sn5640-fan-3,Ethernet61,100000,,Access,on
str4-sn5640-3,Ethernet62,str4-sn5640-fan-3,Ethernet62,100000,,Access,on
str4-sn5640-3,Ethernet63,str4-sn5640-fan-3,Ethernet63,100000,,Access,on
str4-sn5640-3,Ethernet64,str4-sn5640-fan-3,Ethernet64,100000,3738,Access,on
str4-sn5640-3,Ethernet65,str4-sn5640-fan-3,Ethernet65,100000,,Access,on
str4-sn5640-3,Ethernet66,str4-sn5640-fan-3,Ethernet66,100000,,Access,on
str4-sn5640-3,Ethernet67,str4-sn5640-fan-3,Ethernet67,100000,,Access,on
str4-sn5640-3,Ethernet68,str4-sn5640-fan-3,Ethernet68,100000,,Access,on
str4-sn5640-3,Ethernet69,str4-sn5640-fan-3,Ethernet69,100000,,Access,on
str4-sn5640-3,Ethernet70,str4-sn5640-fan-3,Ethernet70,100000,,Access,on
str4-sn5640-3,Ethernet71,str4-sn5640-fan-3,Ethernet71,100000,,Access,on
str4-sn5640-3,Ethernet72,str4-sn5640-fan-3,Ethernet72,100000,3739,Access,on
str4-sn5640-3,Ethernet73,str4-sn5640-fan-3,Ethernet73,100000,,Access,on
str4-sn5640-3,Ethernet74,str4-sn5640-fan-3,Ethernet74,100000,,Access,on
str4-sn5640-3,Ethernet75,str4-sn5640-fan-3,Ethernet75,100000,,Access,on
str4-sn5640-3,Ethernet76,str4-sn5640-fan-3,Ethernet76,100000,,Access,on
str4-sn5640-3,Ethernet77,str4-sn5640-fan-3,Ethernet77,100000,,Access,on
str4-sn5640-3,Ethernet78,str4-sn5640-fan-3,Ethernet78,100000,,Access,on
str4-sn5640-3,Ethernet79,str4-sn5640-fan-3,Ethernet79,100000,,Access,on
str4-sn5640-3,Ethernet80,str4-sn5640-fan-3,Ethernet80,100000,3740,Access,on
str4-sn5640-3,Ethernet81,str4-sn5640-fan-3,Ethernet81,100000,,Access,on
str4-sn5640-3,Ethernet82,str4-sn5640-fan-3,Ethernet82,100000,,Access,on
str4-sn5640-3,Ethernet83,str4-sn5640-fan-3,Ethernet83,100000,,Access,on
str4-sn5640-3,Ethernet84,str4-sn5640-fan-3,Ethernet84,100000,,Access,on
str4-sn5640-3,Ethernet85,str4-sn5640-fan-3,Ethernet85,100000,,Access,on
str4-sn5640-3,Ethernet86,str4-sn5640-fan-3,Ethernet86,100000,,Access,on
str4-sn5640-3,Ethernet87,str4-sn5640-fan-3,Ethernet87,100000,,Access,on
str4-sn5640-3,Ethernet88,str4-sn5640-fan-3,Ethernet88,100000,3741,Access,on
str4-sn5640-3,Ethernet89,str4-sn5640-fan-3,Ethernet89,100000,,Access,on
str4-sn5640-3,Ethernet90,str4-sn5640-fan-3,Ethernet90,100000,,Access,on
str4-sn5640-3,Ethernet91,str4-sn5640-fan-3,Ethernet91,100000,,Access,on
str4-sn5640-3,Ethernet92,str4-sn5640-fan-3,Ethernet92,100000,,Access,on
str4-sn5640-3,Ethernet93,str4-sn5640-fan-3,Ethernet93,100000,,Access,on
str4-sn5640-3,Ethernet94,str4-sn5640-fan-3,Ethernet94,100000,,Access,on
str4-sn5640-3,Ethernet95,str4-sn5640-fan-3,Ethernet95,100000,,Access,on
str4-sn5640-3,Ethernet96,str4-sn5640-fan-3,Ethernet96,400000,3742,Access,on
str4-sn5640-3,Ethernet100,str4-sn5640-fan-3,Ethernet100,400000,3743,Access,on
str4-sn5640-3,Ethernet104,str4-sn5640-fan-3,Ethernet104,400000,3744,Access,on
str4-sn5640-3,Ethernet108,str4-sn5640-fan-3,Ethernet108,400000,3745,Access,on
str4-sn5640-3,Ethernet112,str4-sn5640-fan-3,Ethernet112,100000,3746,Access,on
str4-sn5640-3,Ethernet113,str4-sn5640-fan-3,Ethernet113,100000,,Access,on
str4-sn5640-3,Ethernet114,str4-sn5640-fan-3,Ethernet114,100000,,Access,on
str4-sn5640-3,Ethernet115,str4-sn5640-fan-3,Ethernet115,100000,,Access,on
str4-sn5640-3,Ethernet116,str4-sn5640-fan-3,Ethernet116,100000,,Access,on
str4-sn5640-3,Ethernet117,str4-sn5640-fan-3,Ethernet117,100000,,Access,on
str4-sn5640-3,Ethernet118,str4-sn5640-fan-3,Ethernet118,100000,,Access,on
str4-sn5640-3,Ethernet119,str4-sn5640-fan-3,Ethernet119,100000,,Access,on
str4-sn5640-3,Ethernet120,str4-sn5640-fan-3,Ethernet120,100000,3747,Access,on
str4-sn5640-3,Ethernet121,str4-sn5640-fan-3,Ethernet121,100000,,Access,on
str4-sn5640-3,Ethernet122,str4-sn5640-fan-3,Ethernet122,100000,,Access,on
str4-sn5640-3,Ethernet123,str4-sn5640-fan-3,Ethernet123,100000,,Access,on
str4-sn5640-3,Ethernet124,str4-sn5640-fan-3,Ethernet124,100000,,Access,on
str4-sn5640-3,Ethernet125,str4-sn5640-fan-3,Ethernet125,100000,,Access,on
str4-sn5640-3,Ethernet126,str4-sn5640-fan-3,Ethernet126,100000,,Access,on
str4-sn5640-3,Ethernet127,str4-sn5640-fan-3,Ethernet127,100000,,Access,on
str4-sn5640-3,Ethernet128,str4-sn5640-fan-3,Ethernet128,400000,3748,Access,on
str4-sn5640-3,Ethernet132,str4-sn5640-fan-3,Ethernet132,400000,3749,Access,on
str4-sn5640-3,Ethernet136,str4-sn5640-fan-3,Ethernet136,400000,3750,Access,on
str4-sn5640-3,Ethernet140,str4-sn5640-fan-3,Ethernet140,400000,3751,Access,on
str4-sn5640-3,Ethernet144,str4-sn5640-fan-3,Ethernet144,100000,3752,Access,on
str4-sn5640-3,Ethernet145,str4-sn5640-fan-3,Ethernet145,100000,,Access,on
str4-sn5640-3,Ethernet146,str4-sn5640-fan-3,Ethernet146,100000,,Access,on
str4-sn5640-3,Ethernet147,str4-sn5640-fan-3,Ethernet147,100000,,Access,on
str4-sn5640-3,Ethernet148,str4-sn5640-fan-3,Ethernet148,100000,,Access,on
str4-sn5640-3,Ethernet149,str4-sn5640-fan-3,Ethernet149,100000,,Access,on
str4-sn5640-3,Ethernet150,str4-sn5640-fan-3,Ethernet150,100000,,Access,on
str4-sn5640-3,Ethernet151,str4-sn5640-fan-3,Ethernet151,100000,,Access,on
str4-sn5640-3,Ethernet152,str4-sn5640-fan-3,Ethernet152,100000,3753,Access,on
str4-sn5640-3,Ethernet153,str4-sn5640-fan-3,Ethernet153,100000,,Access,on
str4-sn5640-3,Ethernet154,str4-sn5640-fan-3,Ethernet154,100000,,Access,on
str4-sn5640-3,Ethernet155,str4-sn5640-fan-3,Ethernet155,100000,,Access,on
str4-sn5640-3,Ethernet156,str4-sn5640-fan-3,Ethernet156,100000,,Access,on
str4-sn5640-3,Ethernet157,str4-sn5640-fan-3,Ethernet157,100000,,Access,on
str4-sn5640-3,Ethernet158,str4-sn5640-fan-3,Ethernet158,100000,,Access,on
str4-sn5640-3,Ethernet159,str4-sn5640-fan-3,Ethernet159,100000,,Access,on
str4-sn5640-3,Ethernet160,str4-sn5640-fan-3,Ethernet160,100000,3754,Access,on
str4-sn5640-3,Ethernet161,str4-sn5640-fan-3,Ethernet161,100000,,Access,on
str4-sn5640-3,Ethernet162,str4-sn5640-fan-3,Ethernet162,100000,,Access,on
str4-sn5640-3,Ethernet163,str4-sn5640-fan-3,Ethernet163,100000,,Access,on
str4-sn5640-3,Ethernet164,str4-sn5640-fan-3,Ethernet164,100000,,Access,on
str4-sn5640-3,Ethernet165,str4-sn5640-fan-3,Ethernet165,100000,,Access,on
str4-sn5640-3,Ethernet166,str4-sn5640-fan-3,Ethernet166,100000,,Access,on
str4-sn5640-3,Ethernet167,str4-sn5640-fan-3,Ethernet167,100000,,Access,on
str4-sn5640-3,Ethernet168,str4-sn5640-fan-3,Ethernet168,100000,3755,Access,on
str4-sn5640-3,Ethernet169,str4-sn5640-fan-3,Ethernet169,100000,,Access,on
str4-sn5640-3,Ethernet170,str4-sn5640-fan-3,Ethernet170,100000,,Access,on
str4-sn5640-3,Ethernet171,str4-sn5640-fan-3,Ethernet171,100000,,Access,on
str4-sn5640-3,Ethernet172,str4-sn5640-fan-3,Ethernet172,100000,,Access,on
str4-sn5640-3,Ethernet173,str4-sn5640-fan-3,Ethernet173,100000,,Access,on
str4-sn5640-3,Ethernet174,str4-sn5640-fan-3,Ethernet174,100000,,Access,on
str4-sn5640-3,Ethernet175,str4-sn5640-fan-3,Ethernet175,100000,,Access,on
str4-sn5640-3,Ethernet176,str4-sn5640-fan-3,Ethernet176,100000,3756,Access,on
str4-sn5640-3,Ethernet177,str4-sn5640-fan-3,Ethernet177,100000,,Access,on
str4-sn5640-3,Ethernet178,str4-sn5640-fan-3,Ethernet178,100000,,Access,on
str4-sn5640-3,Ethernet179,str4-sn5640-fan-3,Ethernet179,100000,,Access,on
str4-sn5640-3,Ethernet180,str4-sn5640-fan-3,Ethernet180,100000,,Access,on
str4-sn5640-3,Ethernet181,str4-sn5640-fan-3,Ethernet181,100000,,Access,on
str4-sn5640-3,Ethernet182,str4-sn5640-fan-3,Ethernet182,100000,,Access,on
str4-sn5640-3,Ethernet183,str4-sn5640-fan-3,Ethernet183,100000,,Access,on
str4-sn5640-3,Ethernet184,str4-sn5640-fan-3,Ethernet184,100000,3757,Access,on
str4-sn5640-3,Ethernet185,str4-sn5640-fan-3,Ethernet185,100000,,Access,on
str4-sn5640-3,Ethernet186,str4-sn5640-fan-3,Ethernet186,100000,,Access,on
str4-sn5640-3,Ethernet187,str4-sn5640-fan-3,Ethernet187,100000,,Access,on
str4-sn5640-3,Ethernet188,str4-sn5640-fan-3,Ethernet188,100000,,Access,on
str4-sn5640-3,Ethernet189,str4-sn5640-fan-3,Ethernet189,100000,,Access,on
str4-sn5640-3,Ethernet190,str4-sn5640-fan-3,Ethernet190,100000,,Access,on
str4-sn5640-3,Ethernet191,str4-sn5640-fan-3,Ethernet191,100000,,Access,on
str4-sn5640-3,Ethernet192,str4-sn5640-fan-3,Ethernet192,100000,3758,Access,on
str4-sn5640-3,Ethernet193,str4-sn5640-fan-3,Ethernet193,100000,,Access,on
str4-sn5640-3,Ethernet194,str4-sn5640-fan-3,Ethernet194,100000,,Access,on
str4-sn5640-3,Ethernet195,str4-sn5640-fan-3,Ethernet195,100000,,Access,on
str4-sn5640-3,Ethernet196,str4-sn5640-fan-3,Ethernet196,100000,,Access,on
str4-sn5640-3,Ethernet197,str4-sn5640-fan-3,Ethernet197,100000,,Access,on
str4-sn5640-3,Ethernet198,str4-sn5640-fan-3,Ethernet198,100000,,Access,on
str4-sn5640-3,Ethernet199,str4-sn5640-fan-3,Ethernet199,100000,,Access,on
str4-sn5640-3,Ethernet200,str4-sn5640-fan-3,Ethernet200,100000,3759,Access,on
str4-sn5640-3,Ethernet201,str4-sn5640-fan-3,Ethernet201,100000,,Access,on
str4-sn5640-3,Ethernet202,str4-sn5640-fan-3,Ethernet202,100000,,Access,on
str4-sn5640-3,Ethernet203,str4-sn5640-fan-3,Ethernet203,100000,,Access,on
str4-sn5640-3,Ethernet204,str4-sn5640-fan-3,Ethernet204,100000,,Access,on
str4-sn5640-3,Ethernet205,str4-sn5640-fan-3,Ethernet205,100000,,Access,on
str4-sn5640-3,Ethernet206,str4-sn5640-fan-3,Ethernet206,100000,,Access,on
str4-sn5640-3,Ethernet207,str4-sn5640-fan-3,Ethernet207,100000,,Access,on
str4-sn5640-3,Ethernet208,str4-sn5640-fan-3,Ethernet208,100000,3760,Access,on
str4-sn5640-3,Ethernet209,str4-sn5640-fan-3,Ethernet209,100000,,Access,on
str4-sn5640-3,Ethernet210,str4-sn5640-fan-3,Ethernet210,100000,,Access,on
str4-sn5640-3,Ethernet211,str4-sn5640-fan-3,Ethernet211,100000,,Access,on
str4-sn5640-3,Ethernet212,str4-sn5640-fan-3,Ethernet212,100000,,Access,on
str4-sn5640-3,Ethernet213,str4-sn5640-fan-3,Ethernet213,100000,,Access,on
str4-sn5640-3,Ethernet214,str4-sn5640-fan-3,Ethernet214,100000,,Access,on
str4-sn5640-3,Ethernet215,str4-sn5640-fan-3,Ethernet215,100000,,Access,on
str4-sn5640-3,Ethernet216,str4-sn5640-fan-3,Ethernet216,100000,3761,Access,on
str4-sn5640-3,Ethernet217,str4-sn5640-fan-3,Ethernet217,100000,,Access,on
str4-sn5640-3,Ethernet218,str4-sn5640-fan-3,Ethernet218,100000,,Access,on
str4-sn5640-3,Ethernet219,str4-sn5640-fan-3,Ethernet219,100000,,Access,on
str4-sn5640-3,Ethernet220,str4-sn5640-fan-3,Ethernet220,100000,,Access,on
str4-sn5640-3,Ethernet221,str4-sn5640-fan-3,Ethernet221,100000,,Access,on
str4-sn5640-3,Ethernet222,str4-sn5640-fan-3,Ethernet222,100000,,Access,on
str4-sn5640-3,Ethernet223,str4-sn5640-fan-3,Ethernet223,100000,,Access,on
str4-sn5640-3,Ethernet224,str4-sn5640-fan-3,Ethernet224,100000,3762,Access,on
str4-sn5640-3,Ethernet225,str4-sn5640-fan-3,Ethernet225,100000,,Access,on
str4-sn5640-3,Ethernet226,str4-sn5640-fan-3,Ethernet226,100000,,Access,on
str4-sn5640-3,Ethernet227,str4-sn5640-fan-3,Ethernet227,100000,,Access,on
str4-sn5640-3,Ethernet228,str4-sn5640-fan-3,Ethernet228,100000,,Access,on
str4-sn5640-3,Ethernet229,str4-sn5640-fan-3,Ethernet229,100000,,Access,on
str4-sn5640-3,Ethernet230,str4-sn5640-fan-3,Ethernet230,100000,,Access,on
str4-sn5640-3,Ethernet231,str4-sn5640-fan-3,Ethernet231,100000,,Access,on
str4-sn5640-3,Ethernet232,str4-sn5640-fan-3,Ethernet232,100000,3763,Access,on
str4-sn5640-3,Ethernet233,str4-sn5640-fan-3,Ethernet233,100000,,Access,on
str4-sn5640-3,Ethernet234,str4-sn5640-fan-3,Ethernet234,100000,,Access,on
str4-sn5640-3,Ethernet235,str4-sn5640-fan-3,Ethernet235,100000,,Access,on
str4-sn5640-3,Ethernet236,str4-sn5640-fan-3,Ethernet236,100000,,Access,on
str4-sn5640-3,Ethernet237,str4-sn5640-fan-3,Ethernet237,100000,,Access,on
str4-sn5640-3,Ethernet238,str4-sn5640-fan-3,Ethernet238,100000,,Access,on
str4-sn5640-3,Ethernet239,str4-sn5640-fan-3,Ethernet239,100000,,Access,on
str4-sn5640-3,Ethernet240,str4-sn5640-fan-3,Ethernet240,100000,3764,Access,on
str4-sn5640-3,Ethernet241,str4-sn5640-fan-3,Ethernet241,100000,,Access,on
str4-sn5640-3,Ethernet242,str4-sn5640-fan-3,Ethernet242,100000,,Access,on
str4-sn5640-3,Ethernet243,str4-sn5640-fan-3,Ethernet243,100000,,Access,on
str4-sn5640-3,Ethernet244,str4-sn5640-fan-3,Ethernet244,100000,,Access,on
str4-sn5640-3,Ethernet245,str4-sn5640-fan-3,Ethernet245,100000,,Access,on
str4-sn5640-3,Ethernet246,str4-sn5640-fan-3,Ethernet246,100000,,Access,on
str4-sn5640-3,Ethernet247,str4-sn5640-fan-3,Ethernet247,100000,,Access,on
str4-sn5640-3,Ethernet248,str4-sn5640-fan-3,Ethernet248,100000,3765,Access,on
str4-sn5640-3,Ethernet249,str4-sn5640-fan-3,Ethernet249,100000,,Access,on
str4-sn5640-3,Ethernet250,str4-sn5640-fan-3,Ethernet250,100000,,Access,on
str4-sn5640-3,Ethernet251,str4-sn5640-fan-3,Ethernet251,100000,,Access,on
str4-sn5640-3,Ethernet252,str4-sn5640-fan-3,Ethernet252,100000,,Access,on
str4-sn5640-3,Ethernet253,str4-sn5640-fan-3,Ethernet253,100000,,Access,on
str4-sn5640-3,Ethernet254,str4-sn5640-fan-3,Ethernet254,100000,,Access,on
str4-sn5640-3,Ethernet255,str4-sn5640-fan-3,Ethernet255,100000,,Access,on
str4-sn5640-3,Ethernet256,str4-sn5640-fan-3,Ethernet256,100000,3766,Access,on
str4-sn5640-3,Ethernet257,str4-sn5640-fan-3,Ethernet257,100000,,Access,on
str4-sn5640-3,Ethernet258,str4-sn5640-fan-3,Ethernet258,100000,,Access,on
str4-sn5640-3,Ethernet259,str4-sn5640-fan-3,Ethernet259,100000,,Access,on
str4-sn5640-3,Ethernet260,str4-sn5640-fan-3,Ethernet260,100000,,Access,on
str4-sn5640-3,Ethernet261,str4-sn5640-fan-3,Ethernet261,100000,,Access,on
str4-sn5640-3,Ethernet262,str4-sn5640-fan-3,Ethernet262,100000,,Access,on
str4-sn5640-3,Ethernet263,str4-sn5640-fan-3,Ethernet263,100000,,Access,on
str4-sn5640-3,Ethernet264,str4-sn5640-fan-3,Ethernet264,100000,3767,Access,on
str4-sn5640-3,Ethernet265,str4-sn5640-fan-3,Ethernet265,100000,,Access,on
str4-sn5640-3,Ethernet266,str4-sn5640-fan-3,Ethernet266,100000,,Access,on
str4-sn5640-3,Ethernet267,str4-sn5640-fan-3,Ethernet267,100000,,Access,on
str4-sn5640-3,Ethernet268,str4-sn5640-fan-3,Ethernet268,100000,,Access,on
str4-sn5640-3,Ethernet269,str4-sn5640-fan-3,Ethernet269,100000,,Access,on
str4-sn5640-3,Ethernet270,str4-sn5640-fan-3,Ethernet270,100000,,Access,on
str4-sn5640-3,Ethernet271,str4-sn5640-fan-3,Ethernet271,100000,,Access,on
str4-sn5640-3,Ethernet272,str4-sn5640-fan-3,Ethernet272,100000,3768,Access,on
str4-sn5640-3,Ethernet273,str4-sn5640-fan-3,Ethernet273,100000,,Access,on
str4-sn5640-3,Ethernet274,str4-sn5640-fan-3,Ethernet274,100000,,Access,on
str4-sn5640-3,Ethernet275,str4-sn5640-fan-3,Ethernet275,100000,,Access,on
str4-sn5640-3,Ethernet276,str4-sn5640-fan-3,Ethernet276,100000,,Access,on
str4-sn5640-3,Ethernet277,str4-sn5640-fan-3,Ethernet277,100000,,Access,on
str4-sn5640-3,Ethernet278,str4-sn5640-fan-3,Ethernet278,100000,,Access,on
str4-sn5640-3,Ethernet279,str4-sn5640-fan-3,Ethernet279,100000,,Access,on
str4-sn5640-3,Ethernet280,str4-sn5640-fan-3,Ethernet280,100000,3769,Access,on
str4-sn5640-3,Ethernet281,str4-sn5640-fan-3,Ethernet281,100000,,Access,on
str4-sn5640-3,Ethernet282,str4-sn5640-fan-3,Ethernet282,100000,,Access,on
str4-sn5640-3,Ethernet283,str4-sn5640-fan-3,Ethernet283,100000,,Access,on
str4-sn5640-3,Ethernet284,str4-sn5640-fan-3,Ethernet284,100000,,Access,on
str4-sn5640-3,Ethernet285,str4-sn5640-fan-3,Ethernet285,100000,,Access,on
str4-sn5640-3,Ethernet286,str4-sn5640-fan-3,Ethernet286,100000,,Access,on
str4-sn5640-3,Ethernet287,str4-sn5640-fan-3,Ethernet287,100000,,Access,on
str4-sn5640-3,Ethernet288,str4-sn5640-fan-3,Ethernet288,100000,3770,Access,on
str4-sn5640-3,Ethernet289,str4-sn5640-fan-3,Ethernet289,100000,,Access,on
str4-sn5640-3,Ethernet290,str4-sn5640-fan-3,Ethernet290,100000,,Access,on
str4-sn5640-3,Ethernet291,str4-sn5640-fan-3,Ethernet291,100000,,Access,on
str4-sn5640-3,Ethernet292,str4-sn5640-fan-3,Ethernet292,100000,,Access,on
str4-sn5640-3,Ethernet293,str4-sn5640-fan-3,Ethernet293,100000,,Access,on
str4-sn5640-3,Ethernet294,str4-sn5640-fan-3,Ethernet294,100000,,Access,on
str4-sn5640-3,Ethernet295,str4-sn5640-fan-3,Ethernet295,100000,,Access,on
str4-sn5640-3,Ethernet296,str4-sn5640-fan-3,Ethernet296,100000,3771,Access,on
str4-sn5640-3,Ethernet297,str4-sn5640-fan-3,Ethernet297,100000,,Access,on
str4-sn5640-3,Ethernet298,str4-sn5640-fan-3,Ethernet298,100000,,Access,on
str4-sn5640-3,Ethernet299,str4-sn5640-fan-3,Ethernet299,100000,,Access,on
str4-sn5640-3,Ethernet300,str4-sn5640-fan-3,Ethernet300,100000,,Access,on
str4-sn5640-3,Ethernet301,str4-sn5640-fan-3,Ethernet301,100000,,Access,on
str4-sn5640-3,Ethernet302,str4-sn5640-fan-3,Ethernet302,100000,,Access,on
str4-sn5640-3,Ethernet303,str4-sn5640-fan-3,Ethernet303,100000,,Access,on
str4-sn5640-3,Ethernet304,str4-sn5640-fan-3,Ethernet304,100000,3772,Access,on
str4-sn5640-3,Ethernet305,str4-sn5640-fan-3,Ethernet305,100000,,Access,on
str4-sn5640-3,Ethernet306,str4-sn5640-fan-3,Ethernet306,100000,,Access,on
str4-sn5640-3,Ethernet307,str4-sn5640-fan-3,Ethernet307,100000,,Access,on
str4-sn5640-3,Ethernet308,str4-sn5640-fan-3,Ethernet308,100000,,Access,on
str4-sn5640-3,Ethernet309,str4-sn5640-fan-3,Ethernet309,100000,,Access,on
str4-sn5640-3,Ethernet310,str4-sn5640-fan-3,Ethernet310,100000,,Access,on
str4-sn5640-3,Ethernet311,str4-sn5640-fan-3,Ethernet311,100000,,Access,on
str4-sn5640-3,Ethernet312,str4-sn5640-fan-3,Ethernet312,100000,3773,Access,on
str4-sn5640-3,Ethernet313,str4-sn5640-fan-3,Ethernet313,100000,,Access,on
str4-sn5640-3,Ethernet314,str4-sn5640-fan-3,Ethernet314,100000,,Access,on
str4-sn5640-3,Ethernet315,str4-sn5640-fan-3,Ethernet315,100000,,Access,on
str4-sn5640-3,Ethernet316,str4-sn5640-fan-3,Ethernet316,100000,,Access,on
str4-sn5640-3,Ethernet317,str4-sn5640-fan-3,Ethernet317,100000,,Access,on
str4-sn5640-3,Ethernet318,str4-sn5640-fan-3,Ethernet318,100000,,Access,on
str4-sn5640-3,Ethernet319,str4-sn5640-fan-3,Ethernet319,100000,,Access,on
str4-sn5640-3,Ethernet320,str4-sn5640-fan-3,Ethernet320,100000,3774,Access,on
str4-sn5640-3,Ethernet321,str4-sn5640-fan-3,Ethernet321,100000,,Access,on
str4-sn5640-3,Ethernet322,str4-sn5640-fan-3,Ethernet322,100000,,Access,on
str4-sn5640-3,Ethernet323,str4-sn5640-fan-3,Ethernet323,100000,,Access,on
str4-sn5640-3,Ethernet324,str4-sn5640-fan-3,Ethernet324,100000,,Access,on
str4-sn5640-3,Ethernet325,str4-sn5640-fan-3,Ethernet325,100000,,Access,on
str4-sn5640-3,Ethernet326,str4-sn5640-fan-3,Ethernet326,100000,,Access,on
str4-sn5640-3,Ethernet327,str4-sn5640-fan-3,Ethernet327,100000,,Access,on
str4-sn5640-3,Ethernet328,str4-sn5640-fan-3,Ethernet328,100000,3775,Access,on
str4-sn5640-3,Ethernet329,str4-sn5640-fan-3,Ethernet329,100000,,Access,on
str4-sn5640-3,Ethernet330,str4-sn5640-fan-3,Ethernet330,100000,,Access,on
str4-sn5640-3,Ethernet331,str4-sn5640-fan-3,Ethernet331,100000,,Access,on
str4-sn5640-3,Ethernet332,str4-sn5640-fan-3,Ethernet332,100000,,Access,on
str4-sn5640-3,Ethernet333,str4-sn5640-fan-3,Ethernet333,100000,,Access,on
str4-sn5640-3,Ethernet334,str4-sn5640-fan-3,Ethernet334,100000,,Access,on
str4-sn5640-3,Ethernet335,str4-sn5640-fan-3,Ethernet335,100000,,Access,on
str4-sn5640-3,Ethernet336,str4-sn5640-fan-3,Ethernet336,100000,3776,Access,on
str4-sn5640-3,Ethernet337,str4-sn5640-fan-3,Ethernet337,100000,,Access,on
str4-sn5640-3,Ethernet338,str4-sn5640-fan-3,Ethernet338,100000,,Access,on
str4-sn5640-3,Ethernet339,str4-sn5640-fan-3,Ethernet339,100000,,Access,on
str4-sn5640-3,Ethernet340,str4-sn5640-fan-3,Ethernet340,100000,,Access,on
str4-sn5640-3,Ethernet341,str4-sn5640-fan-3,Ethernet341,100000,,Access,on
str4-sn5640-3,Ethernet342,str4-sn5640-fan-3,Ethernet342,100000,,Access,on
str4-sn5640-3,Ethernet343,str4-sn5640-fan-3,Ethernet343,100000,,Access,on
str4-sn5640-3,Ethernet344,str4-sn5640-fan-3,Ethernet344,100000,3777,Access,on
str4-sn5640-3,Ethernet345,str4-sn5640-fan-3,Ethernet345,100000,,Access,on
str4-sn5640-3,Ethernet346,str4-sn5640-fan-3,Ethernet346,100000,,Access,on
str4-sn5640-3,Ethernet347,str4-sn5640-fan-3,Ethernet347,100000,,Access,on
str4-sn5640-3,Ethernet348,str4-sn5640-fan-3,Ethernet348,100000,,Access,on
str4-sn5640-3,Ethernet349,str4-sn5640-fan-3,Ethernet349,100000,,Access,on
str4-sn5640-3,Ethernet350,str4-sn5640-fan-3,Ethernet350,100000,,Access,on
str4-sn5640-3,Ethernet351,str4-sn5640-fan-3,Ethernet351,100000,,Access,on
str4-sn5640-3,Ethernet352,str4-sn5640-fan-3,Ethernet352,400000,3778,Access,on
str4-sn5640-3,Ethernet356,str4-sn5640-fan-3,Ethernet356,400000,3779,Access,on
str4-sn5640-3,Ethernet360,str4-sn5640-fan-3,Ethernet360,400000,3780,Access,on
str4-sn5640-3,Ethernet364,str4-sn5640-fan-3,Ethernet364,400000,3781,Access,on
str4-sn5640-3,Ethernet368,str4-sn5640-fan-3,Ethernet368,100000,3782,Access,on
str4-sn5640-3,Ethernet369,str4-sn5640-fan-3,Ethernet369,100000,,Access,on
str4-sn5640-3,Ethernet370,str4-sn5640-fan-3,Ethernet370,100000,,Access,on
str4-sn5640-3,Ethernet371,str4-sn5640-fan-3,Ethernet371,100000,,Access,on
str4-sn5640-3,Ethernet372,str4-sn5640-fan-3,Ethernet372,100000,,Access,on
str4-sn5640-3,Ethernet373,str4-sn5640-fan-3,Ethernet373,100000,,Access,on
str4-sn5640-3,Ethernet374,str4-sn5640-fan-3,Ethernet374,100000,,Access,on
str4-sn5640-3,Ethernet375,str4-sn5640-fan-3,Ethernet375,100000,,Access,on
str4-sn5640-3,Ethernet376,str4-sn5640-fan-3,Ethernet376,100000,3783,Access,on
str4-sn5640-3,Ethernet377,str4-sn5640-fan-3,Ethernet377,100000,,Access,on
str4-sn5640-3,Ethernet378,str4-sn5640-fan-3,Ethernet378,100000,,Access,on
str4-sn5640-3,Ethernet379,str4-sn5640-fan-3,Ethernet379,100000,,Access,on
str4-sn5640-3,Ethernet380,str4-sn5640-fan-3,Ethernet380,100000,,Access,on
str4-sn5640-3,Ethernet381,str4-sn5640-fan-3,Ethernet381,100000,,Access,on
str4-sn5640-3,Ethernet382,str4-sn5640-fan-3,Ethernet382,100000,,Access,on
str4-sn5640-3,Ethernet383,str4-sn5640-fan-3,Ethernet383,100000,,Access,on
str4-sn5640-3,Ethernet384,str4-sn5640-fan-3,Ethernet384,400000,3784,Access,on
str4-sn5640-3,Ethernet388,str4-sn5640-fan-3,Ethernet388,400000,3785,Access,on
str4-sn5640-3,Ethernet392,str4-sn5640-fan-3,Ethernet392,400000,3786,Access,on
str4-sn5640-3,Ethernet396,str4-sn5640-fan-3,Ethernet396,400000,3787,Access,on
str4-sn5640-3,Ethernet400,str4-sn5640-fan-3,Ethernet400,100000,3788,Access,on
str4-sn5640-3,Ethernet401,str4-sn5640-fan-3,Ethernet401,100000,,Access,on
str4-sn5640-3,Ethernet402,str4-sn5640-fan-3,Ethernet402,100000,,Access,on
str4-sn5640-3,Ethernet403,str4-sn5640-fan-3,Ethernet403,100000,,Access,on
str4-sn5640-3,Ethernet404,str4-sn5640-fan-3,Ethernet404,100000,,Access,on
str4-sn5640-3,Ethernet405,str4-sn5640-fan-3,Ethernet405,100000,,Access,on
str4-sn5640-3,Ethernet406,str4-sn5640-fan-3,Ethernet406,100000,,Access,on
str4-sn5640-3,Ethernet407,str4-sn5640-fan-3,Ethernet407,100000,,Access,on
str4-sn5640-3,Ethernet408,str4-sn5640-fan-3,Ethernet408,100000,3789,Access,on
str4-sn5640-3,Ethernet409,str4-sn5640-fan-3,Ethernet409,100000,,Access,on
str4-sn5640-3,Ethernet410,str4-sn5640-fan-3,Ethernet410,100000,,Access,on
str4-sn5640-3,Ethernet411,str4-sn5640-fan-3,Ethernet411,100000,,Access,on
str4-sn5640-3,Ethernet412,str4-sn5640-fan-3,Ethernet412,100000,,Access,on
str4-sn5640-3,Ethernet413,str4-sn5640-fan-3,Ethernet413,100000,,Access,on
str4-sn5640-3,Ethernet414,str4-sn5640-fan-3,Ethernet414,100000,,Access,on
str4-sn5640-3,Ethernet415,str4-sn5640-fan-3,Ethernet415,100000,,Access,on
str4-sn5640-3,Ethernet416,str4-sn5640-fan-3,Ethernet416,100000,3790,Access,on
str4-sn5640-3,Ethernet417,str4-sn5640-fan-3,Ethernet417,100000,,Access,on
str4-sn5640-3,Ethernet418,str4-sn5640-fan-3,Ethernet418,100000,,Access,on
str4-sn5640-3,Ethernet419,str4-sn5640-fan-3,Ethernet419,100000,,Access,on
str4-sn5640-3,Ethernet420,str4-sn5640-fan-3,Ethernet420,100000,,Access,on
str4-sn5640-3,Ethernet421,str4-sn5640-fan-3,Ethernet421,100000,,Access,on
str4-sn5640-3,Ethernet422,str4-sn5640-fan-3,Ethernet422,100000,,Access,on
str4-sn5640-3,Ethernet423,str4-sn5640-fan-3,Ethernet423,100000,,Access,on
str4-sn5640-3,Ethernet424,str4-sn5640-fan-3,Ethernet424,100000,3791,Access,on
str4-sn5640-3,Ethernet425,str4-sn5640-fan-3,Ethernet425,100000,,Access,on
str4-sn5640-3,Ethernet426,str4-sn5640-fan-3,Ethernet426,100000,,Access,on
str4-sn5640-3,Ethernet427,str4-sn5640-fan-3,Ethernet427,100000,,Access,on
str4-sn5640-3,Ethernet428,str4-sn5640-fan-3,Ethernet428,100000,,Access,on
str4-sn5640-3,Ethernet429,str4-sn5640-fan-3,Ethernet429,100000,,Access,on
str4-sn5640-3,Ethernet430,str4-sn5640-fan-3,Ethernet430,100000,,Access,on
str4-sn5640-3,Ethernet431,str4-sn5640-fan-3,Ethernet431,100000,,Access,on
str4-sn5640-3,Ethernet432,str4-sn5640-fan-3,Ethernet432,100000,3792,Access,on
str4-sn5640-3,Ethernet433,str4-sn5640-fan-3,Ethernet433,100000,,Access,on
str4-sn5640-3,Ethernet434,str4-sn5640-fan-3,Ethernet434,100000,,Access,on
str4-sn5640-3,Ethernet435,str4-sn5640-fan-3,Ethernet435,100000,,Access,on
str4-sn5640-3,Ethernet436,str4-sn5640-fan-3,Ethernet436,100000,,Access,on
str4-sn5640-3,Ethernet437,str4-sn5640-fan-3,Ethernet437,100000,,Access,on
str4-sn5640-3,Ethernet438,str4-sn5640-fan-3,Ethernet438,100000,,Access,on
str4-sn5640-3,Ethernet439,str4-sn5640-fan-3,Ethernet439,100000,,Access,on
str4-sn5640-3,Ethernet440,str4-sn5640-fan-3,Ethernet440,100000,3793,Access,on
str4-sn5640-3,Ethernet441,str4-sn5640-fan-3,Ethernet441,100000,,Access,on
str4-sn5640-3,Ethernet442,str4-sn5640-fan-3,Ethernet442,100000,,Access,on
str4-sn5640-3,Ethernet443,str4-sn5640-fan-3,Ethernet443,100000,,Access,on
str4-sn5640-3,Ethernet444,str4-sn5640-fan-3,Ethernet444,100000,,Access,on
str4-sn5640-3,Ethernet445,str4-sn5640-fan-3,Ethernet445,100000,,Access,on
str4-sn5640-3,Ethernet446,str4-sn5640-fan-3,Ethernet446,100000,,Access,on
str4-sn5640-3,Ethernet447,str4-sn5640-fan-3,Ethernet447,100000,,Access,on
str4-sn5640-3,Ethernet448,str4-sn5640-fan-3,Ethernet448,100000,3794,Access,on
str4-sn5640-3,Ethernet449,str4-sn5640-fan-3,Ethernet449,100000,,Access,on
str4-sn5640-3,Ethernet450,str4-sn5640-fan-3,Ethernet450,100000,,Access,on
str4-sn5640-3,Ethernet451,str4-sn5640-fan-3,Ethernet451,100000,,Access,on
str4-sn5640-3,Ethernet452,str4-sn5640-fan-3,Ethernet452,100000,,Access,on
str4-sn5640-3,Ethernet453,str4-sn5640-fan-3,Ethernet453,100000,,Access,on
str4-sn5640-3,Ethernet454,str4-sn5640-fan-3,Ethernet454,100000,,Access,on
str4-sn5640-3,Ethernet455,str4-sn5640-fan-3,Ethernet455,100000,,Access,on
str4-sn5640-3,Ethernet456,str4-sn5640-fan-3,Ethernet456,100000,3795,Access,on
str4-sn5640-3,Ethernet457,str4-sn5640-fan-3,Ethernet457,100000,,Access,on
str4-sn5640-3,Ethernet458,str4-sn5640-fan-3,Ethernet458,100000,,Access,on
str4-sn5640-3,Ethernet459,str4-sn5640-fan-3,Ethernet459,100000,,Access,on
str4-sn5640-3,Ethernet460,str4-sn5640-fan-3,Ethernet460,100000,,Access,on
str4-sn5640-3,Ethernet461,str4-sn5640-fan-3,Ethernet461,100000,,Access,on
str4-sn5640-3,Ethernet462,str4-sn5640-fan-3,Ethernet462,100000,,Access,on
str4-sn5640-3,Ethernet463,str4-sn5640-fan-3,Ethernet463,100000,,Access,on
str4-sn5640-3,Ethernet464,str4-sn5640-fan-3,Ethernet464,100000,3796,Access,on
str4-sn5640-3,Ethernet465,str4-sn5640-fan-3,Ethernet465,100000,,Access,on
str4-sn5640-3,Ethernet466,str4-sn5640-fan-3,Ethernet466,100000,,Access,on
str4-sn5640-3,Ethernet467,str4-sn5640-fan-3,Ethernet467,100000,,Access,on
str4-sn5640-3,Ethernet468,str4-sn5640-fan-3,Ethernet468,100000,,Access,on
str4-sn5640-3,Ethernet469,str4-sn5640-fan-3,Ethernet469,100000,,Access,on
str4-sn5640-3,Ethernet470,str4-sn5640-fan-3,Ethernet470,100000,,Access,on
str4-sn5640-3,Ethernet471,str4-sn5640-fan-3,Ethernet471,100000,,Access,on
str4-sn5640-3,Ethernet472,str4-sn5640-fan-3,Ethernet472,100000,3797,Access,on
str4-sn5640-3,Ethernet473,str4-sn5640-fan-3,Ethernet473,100000,,Access,on
str4-sn5640-3,Ethernet474,str4-sn5640-fan-3,Ethernet474,100000,,Access,on
str4-sn5640-3,Ethernet475,str4-sn5640-fan-3,Ethernet475,100000,,Access,on
str4-sn5640-3,Ethernet476,str4-sn5640-fan-3,Ethernet476,100000,,Access,on
str4-sn5640-3,Ethernet477,str4-sn5640-fan-3,Ethernet477,100000,,Access,on
str4-sn5640-3,Ethernet478,str4-sn5640-fan-3,Ethernet478,100000,,Access,on
str4-sn5640-3,Ethernet479,str4-sn5640-fan-3,Ethernet479,100000,,Access,on
str4-sn5640-3,Ethernet480,str4-sn5640-fan-3,Ethernet480,100000,3798,Access,on
str4-sn5640-3,Ethernet481,str4-sn5640-fan-3,Ethernet481,100000,,Access,on
str4-sn5640-3,Ethernet482,str4-sn5640-fan-3,Ethernet482,100000,,Access,on
str4-sn5640-3,Ethernet483,str4-sn5640-fan-3,Ethernet483,100000,,Access,on
str4-sn5640-3,Ethernet484,str4-sn5640-fan-3,Ethernet484,100000,,Access,on
str4-sn5640-3,Ethernet485,str4-sn5640-fan-3,Ethernet485,100000,,Access,on
str4-sn5640-3,Ethernet486,str4-sn5640-fan-3,Ethernet486,100000,,Access,on
str4-sn5640-3,Ethernet487,str4-sn5640-fan-3,Ethernet487,100000,,Access,on
str4-sn5640-3,Ethernet488,str4-sn5640-fan-3,Ethernet488,100000,3799,Access,on
str4-sn5640-3,Ethernet489,str4-sn5640-fan-3,Ethernet489,100000,,Access,on
str4-sn5640-3,Ethernet490,str4-sn5640-fan-3,Ethernet490,100000,,Access,on
str4-sn5640-3,Ethernet491,str4-sn5640-fan-3,Ethernet491,100000,,Access,on
str4-sn5640-3,Ethernet492,str4-sn5640-fan-3,Ethernet492,100000,,Access,on
str4-sn5640-3,Ethernet493,str4-sn5640-fan-3,Ethernet493,100000,,Access,on
str4-sn5640-3,Ethernet494,str4-sn5640-fan-3,Ethernet494,100000,,Access,on
str4-sn5640-3,Ethernet495,str4-sn5640-fan-3,Ethernet495,100000,,Access,on
str4-sn5640-3,Ethernet496,str4-7060x6-64pe-fan-share-1,Ethernet304,100000,3800,Access,off
str4-sn5640-3,Ethernet497,str4-7060x6-64pe-fan-share-1,Ethernet305,100000,,Access,off
str4-sn5640-3,Ethernet498,str4-7060x6-64pe-fan-share-1,Ethernet306,100000,,Access,off
str4-sn5640-3,Ethernet499,str4-7060x6-64pe-fan-share-1,Ethernet307,100000,,Access,off
str4-sn5640-3,Ethernet500,str4-7060x6-64pe-fan-share-1,Ethernet308,100000,,Access,off
str4-sn5640-3,Ethernet501,str4-7060x6-64pe-fan-share-1,Ethernet309,100000,,Access,off
str4-sn5640-3,Ethernet502,str4-7060x6-64pe-fan-share-1,Ethernet310,100000,,Access,off
str4-sn5640-3,Ethernet503,str4-7060x6-64pe-fan-share-1,Ethernet311,100000,,Access,off
str4-sn5640-3,Ethernet504,str4-sn5640-fan-3,Ethernet504,100000,3801,Access,on
str4-sn5640-3,Ethernet505,str4-sn5640-fan-3,Ethernet505,100000,,Access,on
str4-sn5640-3,Ethernet506,str4-sn5640-fan-3,Ethernet506,100000,,Access,on
str4-sn5640-3,Ethernet507,str4-sn5640-fan-3,Ethernet507,100000,,Access,on
str4-sn5640-3,Ethernet508,str4-sn5640-fan-3,Ethernet508,100000,,Access,on
str4-sn5640-3,Ethernet509,str4-sn5640-fan-3,Ethernet509,100000,,Access,on
str4-sn5640-3,Ethernet510,str4-sn5640-fan-3,Ethernet510,100000,,Access,on
str4-sn5640-3,Ethernet511,str4-sn5640-fan-3,Ethernet511,100000,,Access,on
str4-sn5640-4,Ethernet0,str4-sn5640-5,Ethernet0,100000,,Access,off
str4-sn5640-4,Ethernet1,str4-sn5640-5,Ethernet1,100000,,Access,off
str4-sn5640-4,Ethernet2,str4-sn5640-5,Ethernet2,100000,,Access,off
str4-sn5640-4,Ethernet3,str4-sn5640-5,Ethernet3,100000,,Access,off
str4-sn5640-4,Ethernet4,str4-sn5640-5,Ethernet4,100000,,Access,off
str4-sn5640-4,Ethernet5,str4-sn5640-5,Ethernet5,100000,,Access,off
str4-sn5640-4,Ethernet6,str4-sn5640-5,Ethernet6,100000,,Access,off
str4-sn5640-4,Ethernet7,str4-sn5640-5,Ethernet7,100000,,Access,off
str4-sn5640-4,Ethernet8,str4-sn5640-5,Ethernet8,100000,,Access,off
str4-sn5640-4,Ethernet9,str4-sn5640-5,Ethernet9,100000,,Access,off
str4-sn5640-4,Ethernet10,str4-sn5640-5,Ethernet10,100000,,Access,off
str4-sn5640-4,Ethernet11,str4-sn5640-5,Ethernet11,100000,,Access,off
str4-sn5640-4,Ethernet12,str4-sn5640-5,Ethernet12,100000,,Access,off
str4-sn5640-4,Ethernet13,str4-sn5640-5,Ethernet13,100000,,Access,off
str4-sn5640-4,Ethernet14,str4-sn5640-5,Ethernet14,100000,,Access,off
str4-sn5640-4,Ethernet15,str4-sn5640-5,Ethernet15,100000,,Access,off
str4-sn5640-4,Ethernet16,str4-sn5640-5,Ethernet16,100000,,Access,off
str4-sn5640-4,Ethernet17,str4-sn5640-5,Ethernet17,100000,,Access,off
str4-sn5640-4,Ethernet18,str4-sn5640-5,Ethernet18,100000,,Access,off
str4-sn5640-4,Ethernet19,str4-sn5640-5,Ethernet19,100000,,Access,off
str4-sn5640-4,Ethernet20,str4-sn5640-5,Ethernet20,100000,,Access,off
str4-sn5640-4,Ethernet21,str4-sn5640-5,Ethernet21,100000,,Access,off
str4-sn5640-4,Ethernet22,str4-sn5640-5,Ethernet22,100000,,Access,off
str4-sn5640-4,Ethernet23,str4-sn5640-5,Ethernet23,100000,,Access,off
str4-sn5640-4,Ethernet24,str4-sn5640-5,Ethernet24,100000,,Access,off
str4-sn5640-4,Ethernet25,str4-sn5640-5,Ethernet25,100000,,Access,off
str4-sn5640-4,Ethernet26,str4-sn5640-5,Ethernet26,100000,,Access,off
str4-sn5640-4,Ethernet27,str4-sn5640-5,Ethernet27,100000,,Access,off
str4-sn5640-4,Ethernet28,str4-sn5640-5,Ethernet28,100000,,Access,off
str4-sn5640-4,Ethernet29,str4-sn5640-5,Ethernet29,100000,,Access,off
str4-sn5640-4,Ethernet30,str4-sn5640-5,Ethernet30,100000,,Access,off
str4-sn5640-4,Ethernet31,str4-sn5640-5,Ethernet31,100000,,Access,off
str4-sn5640-4,Ethernet32,str4-sn5640-5,Ethernet32,100000,,Access,off
str4-sn5640-4,Ethernet33,str4-sn5640-5,Ethernet33,100000,,Access,off
str4-sn5640-4,Ethernet34,str4-sn5640-5,Ethernet34,100000,,Access,off
str4-sn5640-4,Ethernet35,str4-sn5640-5,Ethernet35,100000,,Access,off
str4-sn5640-4,Ethernet36,str4-sn5640-5,Ethernet36,100000,,Access,off
str4-sn5640-4,Ethernet37,str4-sn5640-5,Ethernet37,100000,,Access,off
str4-sn5640-4,Ethernet38,str4-sn5640-5,Ethernet38,100000,,Access,off
str4-sn5640-4,Ethernet39,str4-sn5640-5,Ethernet39,100000,,Access,off
str4-sn5640-4,Ethernet40,str4-sn5640-5,Ethernet40,100000,,Access,off
str4-sn5640-4,Ethernet41,str4-sn5640-5,Ethernet41,100000,,Access,off
str4-sn5640-4,Ethernet42,str4-sn5640-5,Ethernet42,100000,,Access,off
str4-sn5640-4,Ethernet43,str4-sn5640-5,Ethernet43,100000,,Access,off
str4-sn5640-4,Ethernet44,str4-sn5640-5,Ethernet44,100000,,Access,off
str4-sn5640-4,Ethernet45,str4-sn5640-5,Ethernet45,100000,,Access,off
str4-sn5640-4,Ethernet46,str4-sn5640-5,Ethernet46,100000,,Access,off
str4-sn5640-4,Ethernet47,str4-sn5640-5,Ethernet47,100000,,Access,off
str4-sn5640-4,Ethernet48,str4-sn5640-5,Ethernet48,100000,,Access,off
str4-sn5640-4,Ethernet49,str4-sn5640-5,Ethernet49,100000,,Access,off
str4-sn5640-4,Ethernet50,str4-sn5640-5,Ethernet50,100000,,Access,off
str4-sn5640-4,Ethernet51,str4-sn5640-5,Ethernet51,100000,,Access,off
str4-sn5640-4,Ethernet52,str4-sn5640-5,Ethernet52,100000,,Access,off
str4-sn5640-4,Ethernet53,str4-sn5640-5,Ethernet53,100000,,Access,off
str4-sn5640-4,Ethernet54,str4-sn5640-5,Ethernet54,100000,,Access,off
str4-sn5640-4,Ethernet55,str4-sn5640-5,Ethernet55,100000,,Access,off
str4-sn5640-4,Ethernet56,str4-sn5640-5,Ethernet56,100000,,Access,off
str4-sn5640-4,Ethernet57,str4-sn5640-5,Ethernet57,100000,,Access,off
str4-sn5640-4,Ethernet58,str4-sn5640-5,Ethernet58,100000,,Access,off
str4-sn5640-4,Ethernet59,str4-sn5640-5,Ethernet59,100000,,Access,off
str4-sn5640-4,Ethernet60,str4-sn5640-5,Ethernet60,100000,,Access,off
str4-sn5640-4,Ethernet61,str4-sn5640-5,Ethernet61,100000,,Access,off
str4-sn5640-4,Ethernet62,str4-sn5640-5,Ethernet62,100000,,Access,off
str4-sn5640-4,Ethernet63,str4-sn5640-5,Ethernet63,100000,,Access,off
str4-sn5640-4,Ethernet64,str4-sn5640-5,Ethernet64,100000,,Access,off
str4-sn5640-4,Ethernet65,str4-sn5640-5,Ethernet65,100000,,Access,off
str4-sn5640-4,Ethernet66,str4-sn5640-5,Ethernet66,100000,,Access,off
str4-sn5640-4,Ethernet67,str4-sn5640-5,Ethernet67,100000,,Access,off
str4-sn5640-4,Ethernet68,str4-sn5640-5,Ethernet68,100000,,Access,off
str4-sn5640-4,Ethernet69,str4-sn5640-5,Ethernet69,100000,,Access,off
str4-sn5640-4,Ethernet70,str4-sn5640-5,Ethernet70,100000,,Access,off
str4-sn5640-4,Ethernet71,str4-sn5640-5,Ethernet71,100000,,Access,off
str4-sn5640-4,Ethernet72,str4-sn5640-5,Ethernet72,100000,,Access,off
str4-sn5640-4,Ethernet73,str4-sn5640-5,Ethernet73,100000,,Access,off
str4-sn5640-4,Ethernet74,str4-sn5640-5,Ethernet74,100000,,Access,off
str4-sn5640-4,Ethernet75,str4-sn5640-5,Ethernet75,100000,,Access,off
str4-sn5640-4,Ethernet76,str4-sn5640-5,Ethernet76,100000,,Access,off
str4-sn5640-4,Ethernet77,str4-sn5640-5,Ethernet77,100000,,Access,off
str4-sn5640-4,Ethernet78,str4-sn5640-5,Ethernet78,100000,,Access,off
str4-sn5640-4,Ethernet79,str4-sn5640-5,Ethernet79,100000,,Access,off
str4-sn5640-4,Ethernet80,str4-sn5640-5,Ethernet80,100000,,Access,off
str4-sn5640-4,Ethernet81,str4-sn5640-5,Ethernet81,100000,,Access,off
str4-sn5640-4,Ethernet82,str4-sn5640-5,Ethernet82,100000,,Access,off
str4-sn5640-4,Ethernet83,str4-sn5640-5,Ethernet83,100000,,Access,off
str4-sn5640-4,Ethernet84,str4-sn5640-5,Ethernet84,100000,,Access,off
str4-sn5640-4,Ethernet85,str4-sn5640-5,Ethernet85,100000,,Access,off
str4-sn5640-4,Ethernet86,str4-sn5640-5,Ethernet86,100000,,Access,off
str4-sn5640-4,Ethernet87,str4-sn5640-5,Ethernet87,100000,,Access,off
str4-sn5640-4,Ethernet88,str4-sn5640-5,Ethernet88,100000,,Access,off
str4-sn5640-4,Ethernet89,str4-sn5640-5,Ethernet89,100000,,Access,off
str4-sn5640-4,Ethernet90,str4-sn5640-5,Ethernet90,100000,,Access,off
str4-sn5640-4,Ethernet91,str4-sn5640-5,Ethernet91,100000,,Access,off
str4-sn5640-4,Ethernet92,str4-sn5640-5,Ethernet92,100000,,Access,off
str4-sn5640-4,Ethernet93,str4-sn5640-5,Ethernet93,100000,,Access,off
str4-sn5640-4,Ethernet94,str4-sn5640-5,Ethernet94,100000,,Access,off
str4-sn5640-4,Ethernet95,str4-sn5640-5,Ethernet95,100000,,Access,off
str4-sn5640-4,Ethernet96,str4-sn5640-5,Ethernet96,100000,,Access,off
str4-sn5640-4,Ethernet97,str4-sn5640-5,Ethernet97,100000,,Access,off
str4-sn5640-4,Ethernet98,str4-sn5640-5,Ethernet98,100000,,Access,off
str4-sn5640-4,Ethernet99,str4-sn5640-5,Ethernet99,100000,,Access,off
str4-sn5640-4,Ethernet100,str4-sn5640-5,Ethernet100,100000,,Access,off
str4-sn5640-4,Ethernet101,str4-sn5640-5,Ethernet101,100000,,Access,off
str4-sn5640-4,Ethernet102,str4-sn5640-5,Ethernet102,100000,,Access,off
str4-sn5640-4,Ethernet103,str4-sn5640-5,Ethernet103,100000,,Access,off
str4-sn5640-4,Ethernet104,str4-sn5640-5,Ethernet104,100000,,Access,off
str4-sn5640-4,Ethernet105,str4-sn5640-5,Ethernet105,100000,,Access,off
str4-sn5640-4,Ethernet106,str4-sn5640-5,Ethernet106,100000,,Access,off
str4-sn5640-4,Ethernet107,str4-sn5640-5,Ethernet107,100000,,Access,off
str4-sn5640-4,Ethernet108,str4-sn5640-5,Ethernet108,100000,,Access,off
str4-sn5640-4,Ethernet109,str4-sn5640-5,Ethernet109,100000,,Access,off
str4-sn5640-4,Ethernet110,str4-sn5640-5,Ethernet110,100000,,Access,off
str4-sn5640-4,Ethernet111,str4-sn5640-5,Ethernet111,100000,,Access,off
str4-sn5640-4,Ethernet112,str4-sn5640-5,Ethernet112,100000,,Access,off
str4-sn5640-4,Ethernet113,str4-sn5640-5,Ethernet113,100000,,Access,off
str4-sn5640-4,Ethernet114,str4-sn5640-5,Ethernet114,100000,,Access,off
str4-sn5640-4,Ethernet115,str4-sn5640-5,Ethernet115,100000,,Access,off
str4-sn5640-4,Ethernet116,str4-sn5640-5,Ethernet116,100000,,Access,off
str4-sn5640-4,Ethernet117,str4-sn5640-5,Ethernet117,100000,,Access,off
str4-sn5640-4,Ethernet118,str4-sn5640-5,Ethernet118,100000,,Access,off
str4-sn5640-4,Ethernet119,str4-sn5640-5,Ethernet119,100000,,Access,off
str4-sn5640-4,Ethernet120,str4-sn5640-5,Ethernet120,100000,,Access,off
str4-sn5640-4,Ethernet121,str4-sn5640-5,Ethernet121,100000,,Access,off
str4-sn5640-4,Ethernet122,str4-sn5640-5,Ethernet122,100000,,Access,off
str4-sn5640-4,Ethernet123,str4-sn5640-5,Ethernet123,100000,,Access,off
str4-sn5640-4,Ethernet124,str4-sn5640-5,Ethernet124,100000,,Access,off
str4-sn5640-4,Ethernet125,str4-sn5640-5,Ethernet125,100000,,Access,off
str4-sn5640-4,Ethernet126,str4-sn5640-5,Ethernet126,100000,,Access,off
str4-sn5640-4,Ethernet127,str4-sn5640-5,Ethernet127,100000,,Access,off
str4-sn5640-4,Ethernet128,str4-sn5640-5,Ethernet128,100000,,Access,off
str4-sn5640-4,Ethernet129,str4-sn5640-5,Ethernet129,100000,,Access,off
str4-sn5640-4,Ethernet130,str4-sn5640-5,Ethernet130,100000,,Access,off
str4-sn5640-4,Ethernet131,str4-sn5640-5,Ethernet131,100000,,Access,off
str4-sn5640-4,Ethernet132,str4-sn5640-5,Ethernet132,100000,,Access,off
str4-sn5640-4,Ethernet133,str4-sn5640-5,Ethernet133,100000,,Access,off
str4-sn5640-4,Ethernet134,str4-sn5640-5,Ethernet134,100000,,Access,off
str4-sn5640-4,Ethernet135,str4-sn5640-5,Ethernet135,100000,,Access,off
str4-sn5640-4,Ethernet136,str4-sn5640-5,Ethernet136,100000,,Access,off
str4-sn5640-4,Ethernet137,str4-sn5640-5,Ethernet137,100000,,Access,off
str4-sn5640-4,Ethernet138,str4-sn5640-5,Ethernet138,100000,,Access,off
str4-sn5640-4,Ethernet139,str4-sn5640-5,Ethernet139,100000,,Access,off
str4-sn5640-4,Ethernet140,str4-sn5640-5,Ethernet140,100000,,Access,off
str4-sn5640-4,Ethernet141,str4-sn5640-5,Ethernet141,100000,,Access,off
str4-sn5640-4,Ethernet142,str4-sn5640-5,Ethernet142,100000,,Access,off
str4-sn5640-4,Ethernet143,str4-sn5640-5,Ethernet143,100000,,Access,off
str4-sn5640-4,Ethernet144,str4-sn5640-5,Ethernet144,100000,,Access,off
str4-sn5640-4,Ethernet145,str4-sn5640-5,Ethernet145,100000,,Access,off
str4-sn5640-4,Ethernet146,str4-sn5640-5,Ethernet146,100000,,Access,off
str4-sn5640-4,Ethernet147,str4-sn5640-5,Ethernet147,100000,,Access,off
str4-sn5640-4,Ethernet148,str4-sn5640-5,Ethernet148,100000,,Access,off
str4-sn5640-4,Ethernet149,str4-sn5640-5,Ethernet149,100000,,Access,off
str4-sn5640-4,Ethernet150,str4-sn5640-5,Ethernet150,100000,,Access,off
str4-sn5640-4,Ethernet151,str4-sn5640-5,Ethernet151,100000,,Access,off
str4-sn5640-4,Ethernet152,str4-sn5640-5,Ethernet152,100000,,Access,off
str4-sn5640-4,Ethernet153,str4-sn5640-5,Ethernet153,100000,,Access,off
str4-sn5640-4,Ethernet154,str4-sn5640-5,Ethernet154,100000,,Access,off
str4-sn5640-4,Ethernet155,str4-sn5640-5,Ethernet155,100000,,Access,off
str4-sn5640-4,Ethernet156,str4-sn5640-5,Ethernet156,100000,,Access,off
str4-sn5640-4,Ethernet157,str4-sn5640-5,Ethernet157,100000,,Access,off
str4-sn5640-4,Ethernet158,str4-sn5640-5,Ethernet158,100000,,Access,off
str4-sn5640-4,Ethernet159,str4-sn5640-5,Ethernet159,100000,,Access,off
str4-sn5640-4,Ethernet160,str4-sn5640-5,Ethernet160,100000,,Access,off
str4-sn5640-4,Ethernet161,str4-sn5640-5,Ethernet161,100000,,Access,off
str4-sn5640-4,Ethernet162,str4-sn5640-5,Ethernet162,100000,,Access,off
str4-sn5640-4,Ethernet163,str4-sn5640-5,Ethernet163,100000,,Access,off
str4-sn5640-4,Ethernet164,str4-sn5640-5,Ethernet164,100000,,Access,off
str4-sn5640-4,Ethernet165,str4-sn5640-5,Ethernet165,100000,,Access,off
str4-sn5640-4,Ethernet166,str4-sn5640-5,Ethernet166,100000,,Access,off
str4-sn5640-4,Ethernet167,str4-sn5640-5,Ethernet167,100000,,Access,off
str4-sn5640-4,Ethernet168,str4-sn5640-5,Ethernet168,100000,,Access,off
str4-sn5640-4,Ethernet169,str4-sn5640-5,Ethernet169,100000,,Access,off
str4-sn5640-4,Ethernet170,str4-sn5640-5,Ethernet170,100000,,Access,off
str4-sn5640-4,Ethernet171,str4-sn5640-5,Ethernet171,100000,,Access,off
str4-sn5640-4,Ethernet172,str4-sn5640-5,Ethernet172,100000,,Access,off
str4-sn5640-4,Ethernet173,str4-sn5640-5,Ethernet173,100000,,Access,off
str4-sn5640-4,Ethernet174,str4-sn5640-5,Ethernet174,100000,,Access,off
str4-sn5640-4,Ethernet175,str4-sn5640-5,Ethernet175,100000,,Access,off
str4-sn5640-4,Ethernet176,str4-sn5640-5,Ethernet176,100000,,Access,off
str4-sn5640-4,Ethernet177,str4-sn5640-5,Ethernet177,100000,,Access,off
str4-sn5640-4,Ethernet178,str4-sn5640-5,Ethernet178,100000,,Access,off
str4-sn5640-4,Ethernet179,str4-sn5640-5,Ethernet179,100000,,Access,off
str4-sn5640-4,Ethernet180,str4-sn5640-5,Ethernet180,100000,,Access,off
str4-sn5640-4,Ethernet181,str4-sn5640-5,Ethernet181,100000,,Access,off
str4-sn5640-4,Ethernet182,str4-sn5640-5,Ethernet182,100000,,Access,off
str4-sn5640-4,Ethernet183,str4-sn5640-5,Ethernet183,100000,,Access,off
str4-sn5640-4,Ethernet184,str4-sn5640-5,Ethernet184,100000,,Access,off
str4-sn5640-4,Ethernet185,str4-sn5640-5,Ethernet185,100000,,Access,off
str4-sn5640-4,Ethernet186,str4-sn5640-5,Ethernet186,100000,,Access,off
str4-sn5640-4,Ethernet187,str4-sn5640-5,Ethernet187,100000,,Access,off
str4-sn5640-4,Ethernet188,str4-sn5640-5,Ethernet188,100000,,Access,off
str4-sn5640-4,Ethernet189,str4-sn5640-5,Ethernet189,100000,,Access,off
str4-sn5640-4,Ethernet190,str4-sn5640-5,Ethernet190,100000,,Access,off
str4-sn5640-4,Ethernet191,str4-sn5640-5,Ethernet191,100000,,Access,off
str4-sn5640-4,Ethernet192,str4-sn5640-5,Ethernet192,100000,,Access,off
str4-sn5640-4,Ethernet193,str4-sn5640-5,Ethernet193,100000,,Access,off
str4-sn5640-4,Ethernet194,str4-sn5640-5,Ethernet194,100000,,Access,off
str4-sn5640-4,Ethernet195,str4-sn5640-5,Ethernet195,100000,,Access,off
str4-sn5640-4,Ethernet196,str4-sn5640-5,Ethernet196,100000,,Access,off
str4-sn5640-4,Ethernet197,str4-sn5640-5,Ethernet197,100000,,Access,off
str4-sn5640-4,Ethernet198,str4-sn5640-5,Ethernet198,100000,,Access,off
str4-sn5640-4,Ethernet199,str4-sn5640-5,Ethernet199,100000,,Access,off
str4-sn5640-4,Ethernet200,str4-sn5640-5,Ethernet200,100000,,Access,off
str4-sn5640-4,Ethernet201,str4-sn5640-5,Ethernet201,100000,,Access,off
str4-sn5640-4,Ethernet202,str4-sn5640-5,Ethernet202,100000,,Access,off
str4-sn5640-4,Ethernet203,str4-sn5640-5,Ethernet203,100000,,Access,off
str4-sn5640-4,Ethernet204,str4-sn5640-5,Ethernet204,100000,,Access,off
str4-sn5640-4,Ethernet205,str4-sn5640-5,Ethernet205,100000,,Access,off
str4-sn5640-4,Ethernet206,str4-sn5640-5,Ethernet206,100000,,Access,off
str4-sn5640-4,Ethernet207,str4-sn5640-5,Ethernet207,100000,,Access,off
str4-sn5640-4,Ethernet208,str4-sn5640-5,Ethernet208,100000,,Access,off
str4-sn5640-4,Ethernet209,str4-sn5640-5,Ethernet209,100000,,Access,off
str4-sn5640-4,Ethernet210,str4-sn5640-5,Ethernet210,100000,,Access,off
str4-sn5640-4,Ethernet211,str4-sn5640-5,Ethernet211,100000,,Access,off
str4-sn5640-4,Ethernet212,str4-sn5640-5,Ethernet212,100000,,Access,off
str4-sn5640-4,Ethernet213,str4-sn5640-5,Ethernet213,100000,,Access,off
str4-sn5640-4,Ethernet214,str4-sn5640-5,Ethernet214,100000,,Access,off
str4-sn5640-4,Ethernet215,str4-sn5640-5,Ethernet215,100000,,Access,off
str4-sn5640-4,Ethernet216,str4-sn5640-5,Ethernet216,100000,,Access,off
str4-sn5640-4,Ethernet217,str4-sn5640-5,Ethernet217,100000,,Access,off
str4-sn5640-4,Ethernet218,str4-sn5640-5,Ethernet218,100000,,Access,off
str4-sn5640-4,Ethernet219,str4-sn5640-5,Ethernet219,100000,,Access,off
str4-sn5640-4,Ethernet220,str4-sn5640-5,Ethernet220,100000,,Access,off
str4-sn5640-4,Ethernet221,str4-sn5640-5,Ethernet221,100000,,Access,off
str4-sn5640-4,Ethernet222,str4-sn5640-5,Ethernet222,100000,,Access,off
str4-sn5640-4,Ethernet223,str4-sn5640-5,Ethernet223,100000,,Access,off
str4-sn5640-4,Ethernet224,str4-sn5640-5,Ethernet224,100000,,Access,off
str4-sn5640-4,Ethernet225,str4-sn5640-5,Ethernet225,100000,,Access,off
str4-sn5640-4,Ethernet226,str4-sn5640-5,Ethernet226,100000,,Access,off
str4-sn5640-4,Ethernet227,str4-sn5640-5,Ethernet227,100000,,Access,off
str4-sn5640-4,Ethernet228,str4-sn5640-5,Ethernet228,100000,,Access,off
str4-sn5640-4,Ethernet229,str4-sn5640-5,Ethernet229,100000,,Access,off
str4-sn5640-4,Ethernet230,str4-sn5640-5,Ethernet230,100000,,Access,off
str4-sn5640-4,Ethernet231,str4-sn5640-5,Ethernet231,100000,,Access,off
str4-sn5640-4,Ethernet232,str4-sn5640-5,Ethernet232,100000,,Access,off
str4-sn5640-4,Ethernet233,str4-sn5640-5,Ethernet233,100000,,Access,off
str4-sn5640-4,Ethernet234,str4-sn5640-5,Ethernet234,100000,,Access,off
str4-sn5640-4,Ethernet235,str4-sn5640-5,Ethernet235,100000,,Access,off
str4-sn5640-4,Ethernet236,str4-sn5640-5,Ethernet236,100000,,Access,off
str4-sn5640-4,Ethernet237,str4-sn5640-5,Ethernet237,100000,,Access,off
str4-sn5640-4,Ethernet238,str4-sn5640-5,Ethernet238,100000,,Access,off
str4-sn5640-4,Ethernet239,str4-sn5640-5,Ethernet239,100000,,Access,off
str4-sn5640-4,Ethernet240,str4-sn5640-5,Ethernet240,100000,,Access,off
str4-sn5640-4,Ethernet241,str4-sn5640-5,Ethernet241,100000,,Access,off
str4-sn5640-4,Ethernet242,str4-sn5640-5,Ethernet242,100000,,Access,off
str4-sn5640-4,Ethernet243,str4-sn5640-5,Ethernet243,100000,,Access,off
str4-sn5640-4,Ethernet244,str4-sn5640-5,Ethernet244,100000,,Access,off
str4-sn5640-4,Ethernet245,str4-sn5640-5,Ethernet245,100000,,Access,off
str4-sn5640-4,Ethernet246,str4-sn5640-5,Ethernet246,100000,,Access,off
str4-sn5640-4,Ethernet247,str4-sn5640-5,Ethernet247,100000,,Access,off
str4-sn5640-4,Ethernet248,str4-sn5640-5,Ethernet248,100000,,Access,off
str4-sn5640-4,Ethernet249,str4-sn5640-5,Ethernet249,100000,,Access,off
str4-sn5640-4,Ethernet250,str4-sn5640-5,Ethernet250,100000,,Access,off
str4-sn5640-4,Ethernet251,str4-sn5640-5,Ethernet251,100000,,Access,off
str4-sn5640-4,Ethernet252,str4-sn5640-5,Ethernet252,100000,,Access,off
str4-sn5640-4,Ethernet253,str4-sn5640-5,Ethernet253,100000,,Access,off
str4-sn5640-4,Ethernet254,str4-sn5640-5,Ethernet254,100000,,Access,off
str4-sn5640-4,Ethernet255,str4-sn5640-5,Ethernet255,100000,,Access,off
str4-sn5640-4,Ethernet256,str4-sn5640-5,Ethernet256,100000,,Access,off
str4-sn5640-4,Ethernet257,str4-sn5640-5,Ethernet257,100000,,Access,off
str4-sn5640-4,Ethernet258,str4-sn5640-5,Ethernet258,100000,,Access,off
str4-sn5640-4,Ethernet259,str4-sn5640-5,Ethernet259,100000,,Access,off
str4-sn5640-4,Ethernet260,str4-sn5640-5,Ethernet260,100000,,Access,off
str4-sn5640-4,Ethernet261,str4-sn5640-5,Ethernet261,100000,,Access,off
str4-sn5640-4,Ethernet262,str4-sn5640-5,Ethernet262,100000,,Access,off
str4-sn5640-4,Ethernet263,str4-sn5640-5,Ethernet263,100000,,Access,off
str4-sn5640-4,Ethernet264,str4-sn5640-5,Ethernet264,100000,,Access,off
str4-sn5640-4,Ethernet265,str4-sn5640-5,Ethernet265,100000,,Access,off
str4-sn5640-4,Ethernet266,str4-sn5640-5,Ethernet266,100000,,Access,off
str4-sn5640-4,Ethernet267,str4-sn5640-5,Ethernet267,100000,,Access,off
str4-sn5640-4,Ethernet268,str4-sn5640-5,Ethernet268,100000,,Access,off
str4-sn5640-4,Ethernet269,str4-sn5640-5,Ethernet269,100000,,Access,off
str4-sn5640-4,Ethernet270,str4-sn5640-5,Ethernet270,100000,,Access,off
str4-sn5640-4,Ethernet271,str4-sn5640-5,Ethernet271,100000,,Access,off
str4-sn5640-4,Ethernet272,str4-sn5640-5,Ethernet272,100000,,Access,off
str4-sn5640-4,Ethernet273,str4-sn5640-5,Ethernet273,100000,,Access,off
str4-sn5640-4,Ethernet274,str4-sn5640-5,Ethernet274,100000,,Access,off
str4-sn5640-4,Ethernet275,str4-sn5640-5,Ethernet275,100000,,Access,off
str4-sn5640-4,Ethernet276,str4-sn5640-5,Ethernet276,100000,,Access,off
str4-sn5640-4,Ethernet277,str4-sn5640-5,Ethernet277,100000,,Access,off
str4-sn5640-4,Ethernet278,str4-sn5640-5,Ethernet278,100000,,Access,off
str4-sn5640-4,Ethernet279,str4-sn5640-5,Ethernet279,100000,,Access,off
str4-sn5640-4,Ethernet280,str4-sn5640-5,Ethernet280,100000,,Access,off
str4-sn5640-4,Ethernet281,str4-sn5640-5,Ethernet281,100000,,Access,off
str4-sn5640-4,Ethernet282,str4-sn5640-5,Ethernet282,100000,,Access,off
str4-sn5640-4,Ethernet283,str4-sn5640-5,Ethernet283,100000,,Access,off
str4-sn5640-4,Ethernet284,str4-sn5640-5,Ethernet284,100000,,Access,off
str4-sn5640-4,Ethernet285,str4-sn5640-5,Ethernet285,100000,,Access,off
str4-sn5640-4,Ethernet286,str4-sn5640-5,Ethernet286,100000,,Access,off
str4-sn5640-4,Ethernet287,str4-sn5640-5,Ethernet287,100000,,Access,off
str4-sn5640-4,Ethernet288,str4-sn5640-5,Ethernet288,100000,,Access,off
str4-sn5640-4,Ethernet289,str4-sn5640-5,Ethernet289,100000,,Access,off
str4-sn5640-4,Ethernet290,str4-sn5640-5,Ethernet290,100000,,Access,off
str4-sn5640-4,Ethernet291,str4-sn5640-5,Ethernet291,100000,,Access,off
str4-sn5640-4,Ethernet292,str4-sn5640-5,Ethernet292,100000,,Access,off
str4-sn5640-4,Ethernet293,str4-sn5640-5,Ethernet293,100000,,Access,off
str4-sn5640-4,Ethernet294,str4-sn5640-5,Ethernet294,100000,,Access,off
str4-sn5640-4,Ethernet295,str4-sn5640-5,Ethernet295,100000,,Access,off
str4-sn5640-4,Ethernet296,str4-sn5640-5,Ethernet296,100000,,Access,off
str4-sn5640-4,Ethernet297,str4-sn5640-5,Ethernet297,100000,,Access,off
str4-sn5640-4,Ethernet298,str4-sn5640-5,Ethernet298,100000,,Access,off
str4-sn5640-4,Ethernet299,str4-sn5640-5,Ethernet299,100000,,Access,off
str4-sn5640-4,Ethernet300,str4-sn5640-5,Ethernet300,100000,,Access,off
str4-sn5640-4,Ethernet301,str4-sn5640-5,Ethernet301,100000,,Access,off
str4-sn5640-4,Ethernet302,str4-sn5640-5,Ethernet302,100000,,Access,off
str4-sn5640-4,Ethernet303,str4-sn5640-5,Ethernet303,100000,,Access,off
str4-sn5640-4,Ethernet304,str4-sn5640-5,Ethernet304,100000,,Access,off
str4-sn5640-4,Ethernet305,str4-sn5640-5,Ethernet305,100000,,Access,off
str4-sn5640-4,Ethernet306,str4-sn5640-5,Ethernet306,100000,,Access,off
str4-sn5640-4,Ethernet307,str4-sn5640-5,Ethernet307,100000,,Access,off
str4-sn5640-4,Ethernet308,str4-sn5640-5,Ethernet308,100000,,Access,off
str4-sn5640-4,Ethernet309,str4-sn5640-5,Ethernet309,100000,,Access,off
str4-sn5640-4,Ethernet310,str4-sn5640-5,Ethernet310,100000,,Access,off
str4-sn5640-4,Ethernet311,str4-sn5640-5,Ethernet311,100000,,Access,off
str4-sn5640-4,Ethernet312,str4-sn5640-5,Ethernet312,100000,,Access,off
str4-sn5640-4,Ethernet313,str4-sn5640-5,Ethernet313,100000,,Access,off
str4-sn5640-4,Ethernet314,str4-sn5640-5,Ethernet314,100000,,Access,off
str4-sn5640-4,Ethernet315,str4-sn5640-5,Ethernet315,100000,,Access,off
str4-sn5640-4,Ethernet316,str4-sn5640-5,Ethernet316,100000,,Access,off
str4-sn5640-4,Ethernet317,str4-sn5640-5,Ethernet317,100000,,Access,off
str4-sn5640-4,Ethernet318,str4-sn5640-5,Ethernet318,100000,,Access,off
str4-sn5640-4,Ethernet319,str4-sn5640-5,Ethernet319,100000,,Access,off
str4-sn5640-4,Ethernet320,str4-sn5640-5,Ethernet320,100000,,Access,off
str4-sn5640-4,Ethernet321,str4-sn5640-5,Ethernet321,100000,,Access,off
str4-sn5640-4,Ethernet322,str4-sn5640-5,Ethernet322,100000,,Access,off
str4-sn5640-4,Ethernet323,str4-sn5640-5,Ethernet323,100000,,Access,off
str4-sn5640-4,Ethernet324,str4-sn5640-5,Ethernet324,100000,,Access,off
str4-sn5640-4,Ethernet325,str4-sn5640-5,Ethernet325,100000,,Access,off
str4-sn5640-4,Ethernet326,str4-sn5640-5,Ethernet326,100000,,Access,off
str4-sn5640-4,Ethernet327,str4-sn5640-5,Ethernet327,100000,,Access,off
str4-sn5640-4,Ethernet328,str4-sn5640-5,Ethernet328,100000,,Access,off
str4-sn5640-4,Ethernet329,str4-sn5640-5,Ethernet329,100000,,Access,off
str4-sn5640-4,Ethernet330,str4-sn5640-5,Ethernet330,100000,,Access,off
str4-sn5640-4,Ethernet331,str4-sn5640-5,Ethernet331,100000,,Access,off
str4-sn5640-4,Ethernet332,str4-sn5640-5,Ethernet332,100000,,Access,off
str4-sn5640-4,Ethernet333,str4-sn5640-5,Ethernet333,100000,,Access,off
str4-sn5640-4,Ethernet334,str4-sn5640-5,Ethernet334,100000,,Access,off
str4-sn5640-4,Ethernet335,str4-sn5640-5,Ethernet335,100000,,Access,off
str4-sn5640-4,Ethernet336,str4-sn5640-5,Ethernet336,100000,,Access,off
str4-sn5640-4,Ethernet337,str4-sn5640-5,Ethernet337,100000,,Access,off
str4-sn5640-4,Ethernet338,str4-sn5640-5,Ethernet338,100000,,Access,off
str4-sn5640-4,Ethernet339,str4-sn5640-5,Ethernet339,100000,,Access,off
str4-sn5640-4,Ethernet340,str4-sn5640-5,Ethernet340,100000,,Access,off
str4-sn5640-4,Ethernet341,str4-sn5640-5,Ethernet341,100000,,Access,off
str4-sn5640-4,Ethernet342,str4-sn5640-5,Ethernet342,100000,,Access,off
str4-sn5640-4,Ethernet343,str4-sn5640-5,Ethernet343,100000,,Access,off
str4-sn5640-4,Ethernet344,str4-sn5640-5,Ethernet344,100000,,Access,off
str4-sn5640-4,Ethernet345,str4-sn5640-5,Ethernet345,100000,,Access,off
str4-sn5640-4,Ethernet346,str4-sn5640-5,Ethernet346,100000,,Access,off
str4-sn5640-4,Ethernet347,str4-sn5640-5,Ethernet347,100000,,Access,off
str4-sn5640-4,Ethernet348,str4-sn5640-5,Ethernet348,100000,,Access,off
str4-sn5640-4,Ethernet349,str4-sn5640-5,Ethernet349,100000,,Access,off
str4-sn5640-4,Ethernet350,str4-sn5640-5,Ethernet350,100000,,Access,off
str4-sn5640-4,Ethernet351,str4-sn5640-5,Ethernet351,100000,,Access,off
str4-sn5640-4,Ethernet352,str4-sn5640-5,Ethernet352,100000,,Access,off
str4-sn5640-4,Ethernet353,str4-sn5640-5,Ethernet353,100000,,Access,off
str4-sn5640-4,Ethernet354,str4-sn5640-5,Ethernet354,100000,,Access,off
str4-sn5640-4,Ethernet355,str4-sn5640-5,Ethernet355,100000,,Access,off
str4-sn5640-4,Ethernet356,str4-sn5640-5,Ethernet356,100000,,Access,off
str4-sn5640-4,Ethernet357,str4-sn5640-5,Ethernet357,100000,,Access,off
str4-sn5640-4,Ethernet358,str4-sn5640-5,Ethernet358,100000,,Access,off
str4-sn5640-4,Ethernet359,str4-sn5640-5,Ethernet359,100000,,Access,off
str4-sn5640-4,Ethernet360,str4-sn5640-5,Ethernet360,100000,,Access,off
str4-sn5640-4,Ethernet361,str4-sn5640-5,Ethernet361,100000,,Access,off
str4-sn5640-4,Ethernet362,str4-sn5640-5,Ethernet362,100000,,Access,off
str4-sn5640-4,Ethernet363,str4-sn5640-5,Ethernet363,100000,,Access,off
str4-sn5640-4,Ethernet364,str4-sn5640-5,Ethernet364,100000,,Access,off
str4-sn5640-4,Ethernet365,str4-sn5640-5,Ethernet365,100000,,Access,off
str4-sn5640-4,Ethernet366,str4-sn5640-5,Ethernet366,100000,,Access,off
str4-sn5640-4,Ethernet367,str4-sn5640-5,Ethernet367,100000,,Access,off
str4-sn5640-4,Ethernet368,str4-sn5640-5,Ethernet368,100000,,Access,off
str4-sn5640-4,Ethernet369,str4-sn5640-5,Ethernet369,100000,,Access,off
str4-sn5640-4,Ethernet370,str4-sn5640-5,Ethernet370,100000,,Access,off
str4-sn5640-4,Ethernet371,str4-sn5640-5,Ethernet371,100000,,Access,off
str4-sn5640-4,Ethernet372,str4-sn5640-5,Ethernet372,100000,,Access,off
str4-sn5640-4,Ethernet373,str4-sn5640-5,Ethernet373,100000,,Access,off
str4-sn5640-4,Ethernet374,str4-sn5640-5,Ethernet374,100000,,Access,off
str4-sn5640-4,Ethernet375,str4-sn5640-5,Ethernet375,100000,,Access,off
str4-sn5640-4,Ethernet376,str4-sn5640-5,Ethernet376,100000,,Access,off
str4-sn5640-4,Ethernet377,str4-sn5640-5,Ethernet377,100000,,Access,off
str4-sn5640-4,Ethernet378,str4-sn5640-5,Ethernet378,100000,,Access,off
str4-sn5640-4,Ethernet379,str4-sn5640-5,Ethernet379,100000,,Access,off
str4-sn5640-4,Ethernet380,str4-sn5640-5,Ethernet380,100000,,Access,off
str4-sn5640-4,Ethernet381,str4-sn5640-5,Ethernet381,100000,,Access,off
str4-sn5640-4,Ethernet382,str4-sn5640-5,Ethernet382,100000,,Access,off
str4-sn5640-4,Ethernet383,str4-sn5640-5,Ethernet383,100000,,Access,off
str4-sn5640-4,Ethernet384,str4-sn5640-5,Ethernet384,100000,,Access,off
str4-sn5640-4,Ethernet385,str4-sn5640-5,Ethernet385,100000,,Access,off
str4-sn5640-4,Ethernet386,str4-sn5640-5,Ethernet386,100000,,Access,off
str4-sn5640-4,Ethernet387,str4-sn5640-5,Ethernet387,100000,,Access,off
str4-sn5640-4,Ethernet388,str4-sn5640-5,Ethernet388,100000,,Access,off
str4-sn5640-4,Ethernet389,str4-sn5640-5,Ethernet389,100000,,Access,off
str4-sn5640-4,Ethernet390,str4-sn5640-5,Ethernet390,100000,,Access,off
str4-sn5640-4,Ethernet391,str4-sn5640-5,Ethernet391,100000,,Access,off
str4-sn5640-4,Ethernet392,str4-sn5640-5,Ethernet392,100000,,Access,off
str4-sn5640-4,Ethernet393,str4-sn5640-5,Ethernet393,100000,,Access,off
str4-sn5640-4,Ethernet394,str4-sn5640-5,Ethernet394,100000,,Access,off
str4-sn5640-4,Ethernet395,str4-sn5640-5,Ethernet395,100000,,Access,off
str4-sn5640-4,Ethernet396,str4-sn5640-5,Ethernet396,100000,,Access,off
str4-sn5640-4,Ethernet397,str4-sn5640-5,Ethernet397,100000,,Access,off
str4-sn5640-4,Ethernet398,str4-sn5640-5,Ethernet398,100000,,Access,off
str4-sn5640-4,Ethernet399,str4-sn5640-5,Ethernet399,100000,,Access,off
str4-sn5640-4,Ethernet400,str4-sn5640-5,Ethernet400,100000,,Access,off
str4-sn5640-4,Ethernet401,str4-sn5640-5,Ethernet401,100000,,Access,off
str4-sn5640-4,Ethernet402,str4-sn5640-5,Ethernet402,100000,,Access,off
str4-sn5640-4,Ethernet403,str4-sn5640-5,Ethernet403,100000,,Access,off
str4-sn5640-4,Ethernet404,str4-sn5640-5,Ethernet404,100000,,Access,off
str4-sn5640-4,Ethernet405,str4-sn5640-5,Ethernet405,100000,,Access,off
str4-sn5640-4,Ethernet406,str4-sn5640-5,Ethernet406,100000,,Access,off
str4-sn5640-4,Ethernet407,str4-sn5640-5,Ethernet407,100000,,Access,off
str4-sn5640-4,Ethernet408,str4-sn5640-5,Ethernet408,100000,,Access,off
str4-sn5640-4,Ethernet409,str4-sn5640-5,Ethernet409,100000,,Access,off
str4-sn5640-4,Ethernet410,str4-sn5640-5,Ethernet410,100000,,Access,off
str4-sn5640-4,Ethernet411,str4-sn5640-5,Ethernet411,100000,,Access,off
str4-sn5640-4,Ethernet412,str4-sn5640-5,Ethernet412,100000,,Access,off
str4-sn5640-4,Ethernet413,str4-sn5640-5,Ethernet413,100000,,Access,off
str4-sn5640-4,Ethernet414,str4-sn5640-5,Ethernet414,100000,,Access,off
str4-sn5640-4,Ethernet415,str4-sn5640-5,Ethernet415,100000,,Access,off
str4-sn5640-4,Ethernet416,str4-sn5640-5,Ethernet416,100000,,Access,off
str4-sn5640-4,Ethernet417,str4-sn5640-5,Ethernet417,100000,,Access,off
str4-sn5640-4,Ethernet418,str4-sn5640-5,Ethernet418,100000,,Access,off
str4-sn5640-4,Ethernet419,str4-sn5640-5,Ethernet419,100000,,Access,off
str4-sn5640-4,Ethernet420,str4-sn5640-5,Ethernet420,100000,,Access,off
str4-sn5640-4,Ethernet421,str4-sn5640-5,Ethernet421,100000,,Access,off
str4-sn5640-4,Ethernet422,str4-sn5640-5,Ethernet422,100000,,Access,off
str4-sn5640-4,Ethernet423,str4-sn5640-5,Ethernet423,100000,,Access,off
str4-sn5640-4,Ethernet424,str4-sn5640-5,Ethernet424,100000,,Access,off
str4-sn5640-4,Ethernet425,str4-sn5640-5,Ethernet425,100000,,Access,off
str4-sn5640-4,Ethernet426,str4-sn5640-5,Ethernet426,100000,,Access,off
str4-sn5640-4,Ethernet427,str4-sn5640-5,Ethernet427,100000,,Access,off
str4-sn5640-4,Ethernet428,str4-sn5640-5,Ethernet428,100000,,Access,off
str4-sn5640-4,Ethernet429,str4-sn5640-5,Ethernet429,100000,,Access,off
str4-sn5640-4,Ethernet430,str4-sn5640-5,Ethernet430,100000,,Access,off
str4-sn5640-4,Ethernet431,str4-sn5640-5,Ethernet431,100000,,Access,off
str4-sn5640-4,Ethernet432,str4-sn5640-5,Ethernet432,100000,,Access,off
str4-sn5640-4,Ethernet433,str4-sn5640-5,Ethernet433,100000,,Access,off
str4-sn5640-4,Ethernet434,str4-sn5640-5,Ethernet434,100000,,Access,off
str4-sn5640-4,Ethernet435,str4-sn5640-5,Ethernet435,100000,,Access,off
str4-sn5640-4,Ethernet436,str4-sn5640-5,Ethernet436,100000,,Access,off
str4-sn5640-4,Ethernet437,str4-sn5640-5,Ethernet437,100000,,Access,off
str4-sn5640-4,Ethernet438,str4-sn5640-5,Ethernet438,100000,,Access,off
str4-sn5640-4,Ethernet439,str4-sn5640-5,Ethernet439,100000,,Access,off
str4-sn5640-4,Ethernet440,str4-sn5640-5,Ethernet440,100000,,Access,off
str4-sn5640-4,Ethernet441,str4-sn5640-5,Ethernet441,100000,,Access,off
str4-sn5640-4,Ethernet442,str4-sn5640-5,Ethernet442,100000,,Access,off
str4-sn5640-4,Ethernet443,str4-sn5640-5,Ethernet443,100000,,Access,off
str4-sn5640-4,Ethernet444,str4-sn5640-5,Ethernet444,100000,,Access,off
str4-sn5640-4,Ethernet445,str4-sn5640-5,Ethernet445,100000,,Access,off
str4-sn5640-4,Ethernet446,str4-sn5640-5,Ethernet446,100000,,Access,off
str4-sn5640-4,Ethernet447,str4-sn5640-5,Ethernet447,100000,,Access,off
str4-sn5640-4,Ethernet448,str4-sn5640-5,Ethernet448,100000,,Access,off
str4-sn5640-4,Ethernet449,str4-sn5640-5,Ethernet449,100000,,Access,off
str4-sn5640-4,Ethernet450,str4-sn5640-5,Ethernet450,100000,,Access,off
str4-sn5640-4,Ethernet451,str4-sn5640-5,Ethernet451,100000,,Access,off
str4-sn5640-4,Ethernet452,str4-sn5640-5,Ethernet452,100000,,Access,off
str4-sn5640-4,Ethernet453,str4-sn5640-5,Ethernet453,100000,,Access,off
str4-sn5640-4,Ethernet454,str4-sn5640-5,Ethernet454,100000,,Access,off
str4-sn5640-4,Ethernet455,str4-sn5640-5,Ethernet455,100000,,Access,off
str4-sn5640-4,Ethernet456,str4-sn5640-5,Ethernet456,100000,,Access,off
str4-sn5640-4,Ethernet457,str4-sn5640-5,Ethernet457,100000,,Access,off
str4-sn5640-4,Ethernet458,str4-sn5640-5,Ethernet458,100000,,Access,off
str4-sn5640-4,Ethernet459,str4-sn5640-5,Ethernet459,100000,,Access,off
str4-sn5640-4,Ethernet460,str4-sn5640-5,Ethernet460,100000,,Access,off
str4-sn5640-4,Ethernet461,str4-sn5640-5,Ethernet461,100000,,Access,off
str4-sn5640-4,Ethernet462,str4-sn5640-5,Ethernet462,100000,,Access,off
str4-sn5640-4,Ethernet463,str4-sn5640-5,Ethernet463,100000,,Access,off
str4-sn5640-4,Ethernet464,str4-sn5640-5,Ethernet464,100000,,Access,off
str4-sn5640-4,Ethernet465,str4-sn5640-5,Ethernet465,100000,,Access,off
str4-sn5640-4,Ethernet466,str4-sn5640-5,Ethernet466,100000,,Access,off
str4-sn5640-4,Ethernet467,str4-sn5640-5,Ethernet467,100000,,Access,off
str4-sn5640-4,Ethernet468,str4-sn5640-5,Ethernet468,100000,,Access,off
str4-sn5640-4,Ethernet469,str4-sn5640-5,Ethernet469,100000,,Access,off
str4-sn5640-4,Ethernet470,str4-sn5640-5,Ethernet470,100000,,Access,off
str4-sn5640-4,Ethernet471,str4-sn5640-5,Ethernet471,100000,,Access,off
str4-sn5640-4,Ethernet472,str4-sn5640-5,Ethernet472,100000,,Access,off
str4-sn5640-4,Ethernet473,str4-sn5640-5,Ethernet473,100000,,Access,off
str4-sn5640-4,Ethernet474,str4-sn5640-5,Ethernet474,100000,,Access,off
str4-sn5640-4,Ethernet475,str4-sn5640-5,Ethernet475,100000,,Access,off
str4-sn5640-4,Ethernet476,str4-sn5640-5,Ethernet476,100000,,Access,off
str4-sn5640-4,Ethernet477,str4-sn5640-5,Ethernet477,100000,,Access,off
str4-sn5640-4,Ethernet478,str4-sn5640-5,Ethernet478,100000,,Access,off
str4-sn5640-4,Ethernet479,str4-sn5640-5,Ethernet479,100000,,Access,off
str4-sn5640-4,Ethernet480,str4-sn5640-5,Ethernet480,100000,,Access,off
str4-sn5640-4,Ethernet481,str4-sn5640-5,Ethernet481,100000,,Access,off
str4-sn5640-4,Ethernet482,str4-sn5640-5,Ethernet482,100000,,Access,off
str4-sn5640-4,Ethernet483,str4-sn5640-5,Ethernet483,100000,,Access,off
str4-sn5640-4,Ethernet484,str4-sn5640-5,Ethernet484,100000,,Access,off
str4-sn5640-4,Ethernet485,str4-sn5640-5,Ethernet485,100000,,Access,off
str4-sn5640-4,Ethernet486,str4-sn5640-5,Ethernet486,100000,,Access,off
str4-sn5640-4,Ethernet487,str4-sn5640-5,Ethernet487,100000,,Access,off
str4-sn5640-4,Ethernet488,str4-sn5640-5,Ethernet488,100000,,Access,off
str4-sn5640-4,Ethernet489,str4-sn5640-5,Ethernet489,100000,,Access,off
str4-sn5640-4,Ethernet490,str4-sn5640-5,Ethernet490,100000,,Access,off
str4-sn5640-4,Ethernet491,str4-sn5640-5,Ethernet491,100000,,Access,off
str4-sn5640-4,Ethernet492,str4-sn5640-5,Ethernet492,100000,,Access,off
str4-sn5640-4,Ethernet493,str4-sn5640-5,Ethernet493,100000,,Access,off
str4-sn5640-4,Ethernet494,str4-sn5640-5,Ethernet494,100000,,Access,off
str4-sn5640-4,Ethernet495,str4-sn5640-5,Ethernet495,100000,,Access,off
str4-sn5640-4,Ethernet496,str4-sn5640-5,Ethernet496,100000,,Access,off
str4-sn5640-4,Ethernet497,str4-sn5640-5,Ethernet497,100000,,Access,off
str4-sn5640-4,Ethernet498,str4-sn5640-5,Ethernet498,100000,,Access,off
str4-sn5640-4,Ethernet499,str4-sn5640-5,Ethernet499,100000,,Access,off
str4-sn5640-4,Ethernet500,str4-sn5640-5,Ethernet500,100000,,Access,off
str4-sn5640-4,Ethernet501,str4-sn5640-5,Ethernet501,100000,,Access,off
str4-sn5640-4,Ethernet502,str4-sn5640-5,Ethernet502,100000,,Access,off
str4-sn5640-4,Ethernet503,str4-sn5640-5,Ethernet503,100000,,Access,off
str4-sn5640-4,Ethernet504,str4-sn5640-5,Ethernet504,100000,,Access,off
str4-sn5640-4,Ethernet505,str4-sn5640-5,Ethernet505,100000,,Access,off
str4-sn5640-4,Ethernet506,str4-sn5640-5,Ethernet506,100000,,Access,off
str4-sn5640-4,Ethernet507,str4-sn5640-5,Ethernet507,100000,,Access,off
str4-sn5640-4,Ethernet508,str4-sn5640-5,Ethernet508,100000,,Access,off
str4-sn5640-4,Ethernet509,str4-sn5640-5,Ethernet509,100000,,Access,off
str4-sn5640-4,Ethernet510,str4-sn5640-5,Ethernet510,100000,,Access,off
str4-sn5640-4,Ethernet511,str4-sn5640-5,Ethernet511,100000,,Access,off
str4-sn5640-4,Ethernet512,str4-sn5640-5,Ethernet512,10000,,Access,off
str4-sn5640-4,Ethernet520,str4-sn5640-5,Ethernet520,10000,,Access,off
str4-sn5640-5,Ethernet0,str4-sn5640-4,Ethernet0,100000,,Access,off
str4-sn5640-5,Ethernet1,str4-sn5640-4,Ethernet1,100000,,Access,off
str4-sn5640-5,Ethernet2,str4-sn5640-4,Ethernet2,100000,,Access,off
str4-sn5640-5,Ethernet3,str4-sn5640-4,Ethernet3,100000,,Access,off
str4-sn5640-5,Ethernet4,str4-sn5640-4,Ethernet4,100000,,Access,off
str4-sn5640-5,Ethernet5,str4-sn5640-4,Ethernet5,100000,,Access,off
str4-sn5640-5,Ethernet6,str4-sn5640-4,Ethernet6,100000,,Access,off
str4-sn5640-5,Ethernet7,str4-sn5640-4,Ethernet7,100000,,Access,off
str4-sn5640-5,Ethernet8,str4-sn5640-4,Ethernet8,100000,,Access,off
str4-sn5640-5,Ethernet9,str4-sn5640-4,Ethernet9,100000,,Access,off
str4-sn5640-5,Ethernet10,str4-sn5640-4,Ethernet10,100000,,Access,off
str4-sn5640-5,Ethernet11,str4-sn5640-4,Ethernet11,100000,,Access,off
str4-sn5640-5,Ethernet12,str4-sn5640-4,Ethernet12,100000,,Access,off
str4-sn5640-5,Ethernet13,str4-sn5640-4,Ethernet13,100000,,Access,off
str4-sn5640-5,Ethernet14,str4-sn5640-4,Ethernet14,100000,,Access,off
str4-sn5640-5,Ethernet15,str4-sn5640-4,Ethernet15,100000,,Access,off
str4-sn5640-5,Ethernet16,str4-sn5640-4,Ethernet16,100000,,Access,off
str4-sn5640-5,Ethernet17,str4-sn5640-4,Ethernet17,100000,,Access,off
str4-sn5640-5,Ethernet18,str4-sn5640-4,Ethernet18,100000,,Access,off
str4-sn5640-5,Ethernet19,str4-sn5640-4,Ethernet19,100000,,Access,off
str4-sn5640-5,Ethernet20,str4-sn5640-4,Ethernet20,100000,,Access,off
str4-sn5640-5,Ethernet21,str4-sn5640-4,Ethernet21,100000,,Access,off
str4-sn5640-5,Ethernet22,str4-sn5640-4,Ethernet22,100000,,Access,off
str4-sn5640-5,Ethernet23,str4-sn5640-4,Ethernet23,100000,,Access,off
str4-sn5640-5,Ethernet24,str4-sn5640-4,Ethernet24,100000,,Access,off
str4-sn5640-5,Ethernet25,str4-sn5640-4,Ethernet25,100000,,Access,off
str4-sn5640-5,Ethernet26,str4-sn5640-4,Ethernet26,100000,,Access,off
str4-sn5640-5,Ethernet27,str4-sn5640-4,Ethernet27,100000,,Access,off
str4-sn5640-5,Ethernet28,str4-sn5640-4,Ethernet28,100000,,Access,off
str4-sn5640-5,Ethernet29,str4-sn5640-4,Ethernet29,100000,,Access,off
str4-sn5640-5,Ethernet30,str4-sn5640-4,Ethernet30,100000,,Access,off
str4-sn5640-5,Ethernet31,str4-sn5640-4,Ethernet31,100000,,Access,off
str4-sn5640-5,Ethernet32,str4-sn5640-4,Ethernet32,100000,,Access,off
str4-sn5640-5,Ethernet33,str4-sn5640-4,Ethernet33,100000,,Access,off
str4-sn5640-5,Ethernet34,str4-sn5640-4,Ethernet34,100000,,Access,off
str4-sn5640-5,Ethernet35,str4-sn5640-4,Ethernet35,100000,,Access,off
str4-sn5640-5,Ethernet36,str4-sn5640-4,Ethernet36,100000,,Access,off
str4-sn5640-5,Ethernet37,str4-sn5640-4,Ethernet37,100000,,Access,off
str4-sn5640-5,Ethernet38,str4-sn5640-4,Ethernet38,100000,,Access,off
str4-sn5640-5,Ethernet39,str4-sn5640-4,Ethernet39,100000,,Access,off
str4-sn5640-5,Ethernet40,str4-sn5640-4,Ethernet40,100000,,Access,off
str4-sn5640-5,Ethernet41,str4-sn5640-4,Ethernet41,100000,,Access,off
str4-sn5640-5,Ethernet42,str4-sn5640-4,Ethernet42,100000,,Access,off
str4-sn5640-5,Ethernet43,str4-sn5640-4,Ethernet43,100000,,Access,off
str4-sn5640-5,Ethernet44,str4-sn5640-4,Ethernet44,100000,,Access,off
str4-sn5640-5,Ethernet45,str4-sn5640-4,Ethernet45,100000,,Access,off
str4-sn5640-5,Ethernet46,str4-sn5640-4,Ethernet46,100000,,Access,off
str4-sn5640-5,Ethernet47,str4-sn5640-4,Ethernet47,100000,,Access,off
str4-sn5640-5,Ethernet48,str4-sn5640-4,Ethernet48,100000,,Access,off
str4-sn5640-5,Ethernet49,str4-sn5640-4,Ethernet49,100000,,Access,off
str4-sn5640-5,Ethernet50,str4-sn5640-4,Ethernet50,100000,,Access,off
str4-sn5640-5,Ethernet51,str4-sn5640-4,Ethernet51,100000,,Access,off
str4-sn5640-5,Ethernet52,str4-sn5640-4,Ethernet52,100000,,Access,off
str4-sn5640-5,Ethernet53,str4-sn5640-4,Ethernet53,100000,,Access,off
str4-sn5640-5,Ethernet54,str4-sn5640-4,Ethernet54,100000,,Access,off
str4-sn5640-5,Ethernet55,str4-sn5640-4,Ethernet55,100000,,Access,off
str4-sn5640-5,Ethernet56,str4-sn5640-4,Ethernet56,100000,,Access,off
str4-sn5640-5,Ethernet57,str4-sn5640-4,Ethernet57,100000,,Access,off
str4-sn5640-5,Ethernet58,str4-sn5640-4,Ethernet58,100000,,Access,off
str4-sn5640-5,Ethernet59,str4-sn5640-4,Ethernet59,100000,,Access,off
str4-sn5640-5,Ethernet60,str4-sn5640-4,Ethernet60,100000,,Access,off
str4-sn5640-5,Ethernet61,str4-sn5640-4,Ethernet61,100000,,Access,off
str4-sn5640-5,Ethernet62,str4-sn5640-4,Ethernet62,100000,,Access,off
str4-sn5640-5,Ethernet63,str4-sn5640-4,Ethernet63,100000,,Access,off
str4-sn5640-5,Ethernet64,str4-sn5640-4,Ethernet64,100000,,Access,off
str4-sn5640-5,Ethernet65,str4-sn5640-4,Ethernet65,100000,,Access,off
str4-sn5640-5,Ethernet66,str4-sn5640-4,Ethernet66,100000,,Access,off
str4-sn5640-5,Ethernet67,str4-sn5640-4,Ethernet67,100000,,Access,off
str4-sn5640-5,Ethernet68,str4-sn5640-4,Ethernet68,100000,,Access,off
str4-sn5640-5,Ethernet69,str4-sn5640-4,Ethernet69,100000,,Access,off
str4-sn5640-5,Ethernet70,str4-sn5640-4,Ethernet70,100000,,Access,off
str4-sn5640-5,Ethernet71,str4-sn5640-4,Ethernet71,100000,,Access,off
str4-sn5640-5,Ethernet72,str4-sn5640-4,Ethernet72,100000,,Access,off
str4-sn5640-5,Ethernet73,str4-sn5640-4,Ethernet73,100000,,Access,off
str4-sn5640-5,Ethernet74,str4-sn5640-4,Ethernet74,100000,,Access,off
str4-sn5640-5,Ethernet75,str4-sn5640-4,Ethernet75,100000,,Access,off
str4-sn5640-5,Ethernet76,str4-sn5640-4,Ethernet76,100000,,Access,off
str4-sn5640-5,Ethernet77,str4-sn5640-4,Ethernet77,100000,,Access,off
str4-sn5640-5,Ethernet78,str4-sn5640-4,Ethernet78,100000,,Access,off
str4-sn5640-5,Ethernet79,str4-sn5640-4,Ethernet79,100000,,Access,off
str4-sn5640-5,Ethernet80,str4-sn5640-4,Ethernet80,100000,,Access,off
str4-sn5640-5,Ethernet81,str4-sn5640-4,Ethernet81,100000,,Access,off
str4-sn5640-5,Ethernet82,str4-sn5640-4,Ethernet82,100000,,Access,off
str4-sn5640-5,Ethernet83,str4-sn5640-4,Ethernet83,100000,,Access,off
str4-sn5640-5,Ethernet84,str4-sn5640-4,Ethernet84,100000,,Access,off
str4-sn5640-5,Ethernet85,str4-sn5640-4,Ethernet85,100000,,Access,off
str4-sn5640-5,Ethernet86,str4-sn5640-4,Ethernet86,100000,,Access,off
str4-sn5640-5,Ethernet87,str4-sn5640-4,Ethernet87,100000,,Access,off
str4-sn5640-5,Ethernet88,str4-sn5640-4,Ethernet88,100000,,Access,off
str4-sn5640-5,Ethernet89,str4-sn5640-4,Ethernet89,100000,,Access,off
str4-sn5640-5,Ethernet90,str4-sn5640-4,Ethernet90,100000,,Access,off
str4-sn5640-5,Ethernet91,str4-sn5640-4,Ethernet91,100000,,Access,off
str4-sn5640-5,Ethernet92,str4-sn5640-4,Ethernet92,100000,,Access,off
str4-sn5640-5,Ethernet93,str4-sn5640-4,Ethernet93,100000,,Access,off
str4-sn5640-5,Ethernet94,str4-sn5640-4,Ethernet94,100000,,Access,off
str4-sn5640-5,Ethernet95,str4-sn5640-4,Ethernet95,100000,,Access,off
str4-sn5640-5,Ethernet96,str4-sn5640-4,Ethernet96,100000,,Access,off
str4-sn5640-5,Ethernet97,str4-sn5640-4,Ethernet97,100000,,Access,off
str4-sn5640-5,Ethernet98,str4-sn5640-4,Ethernet98,100000,,Access,off
str4-sn5640-5,Ethernet99,str4-sn5640-4,Ethernet99,100000,,Access,off
str4-sn5640-5,Ethernet100,str4-sn5640-4,Ethernet100,100000,,Access,off
str4-sn5640-5,Ethernet101,str4-sn5640-4,Ethernet101,100000,,Access,off
str4-sn5640-5,Ethernet102,str4-sn5640-4,Ethernet102,100000,,Access,off
str4-sn5640-5,Ethernet103,str4-sn5640-4,Ethernet103,100000,,Access,off
str4-sn5640-5,Ethernet104,str4-sn5640-4,Ethernet104,100000,,Access,off
str4-sn5640-5,Ethernet105,str4-sn5640-4,Ethernet105,100000,,Access,off
str4-sn5640-5,Ethernet106,str4-sn5640-4,Ethernet106,100000,,Access,off
str4-sn5640-5,Ethernet107,str4-sn5640-4,Ethernet107,100000,,Access,off
str4-sn5640-5,Ethernet108,str4-sn5640-4,Ethernet108,100000,,Access,off
str4-sn5640-5,Ethernet109,str4-sn5640-4,Ethernet109,100000,,Access,off
str4-sn5640-5,Ethernet110,str4-sn5640-4,Ethernet110,100000,,Access,off
str4-sn5640-5,Ethernet111,str4-sn5640-4,Ethernet111,100000,,Access,off
str4-sn5640-5,Ethernet112,str4-sn5640-4,Ethernet112,100000,,Access,off
str4-sn5640-5,Ethernet113,str4-sn5640-4,Ethernet113,100000,,Access,off
str4-sn5640-5,Ethernet114,str4-sn5640-4,Ethernet114,100000,,Access,off
str4-sn5640-5,Ethernet115,str4-sn5640-4,Ethernet115,100000,,Access,off
str4-sn5640-5,Ethernet116,str4-sn5640-4,Ethernet116,100000,,Access,off
str4-sn5640-5,Ethernet117,str4-sn5640-4,Ethernet117,100000,,Access,off
str4-sn5640-5,Ethernet118,str4-sn5640-4,Ethernet118,100000,,Access,off
str4-sn5640-5,Ethernet119,str4-sn5640-4,Ethernet119,100000,,Access,off
str4-sn5640-5,Ethernet120,str4-sn5640-4,Ethernet120,100000,,Access,off
str4-sn5640-5,Ethernet121,str4-sn5640-4,Ethernet121,100000,,Access,off
str4-sn5640-5,Ethernet122,str4-sn5640-4,Ethernet122,100000,,Access,off
str4-sn5640-5,Ethernet123,str4-sn5640-4,Ethernet123,100000,,Access,off
str4-sn5640-5,Ethernet124,str4-sn5640-4,Ethernet124,100000,,Access,off
str4-sn5640-5,Ethernet125,str4-sn5640-4,Ethernet125,100000,,Access,off
str4-sn5640-5,Ethernet126,str4-sn5640-4,Ethernet126,100000,,Access,off
str4-sn5640-5,Ethernet127,str4-sn5640-4,Ethernet127,100000,,Access,off
str4-sn5640-5,Ethernet128,str4-sn5640-4,Ethernet128,100000,,Access,off
str4-sn5640-5,Ethernet129,str4-sn5640-4,Ethernet129,100000,,Access,off
str4-sn5640-5,Ethernet130,str4-sn5640-4,Ethernet130,100000,,Access,off
str4-sn5640-5,Ethernet131,str4-sn5640-4,Ethernet131,100000,,Access,off
str4-sn5640-5,Ethernet132,str4-sn5640-4,Ethernet132,100000,,Access,off
str4-sn5640-5,Ethernet133,str4-sn5640-4,Ethernet133,100000,,Access,off
str4-sn5640-5,Ethernet134,str4-sn5640-4,Ethernet134,100000,,Access,off
str4-sn5640-5,Ethernet135,str4-sn5640-4,Ethernet135,100000,,Access,off
str4-sn5640-5,Ethernet136,str4-sn5640-4,Ethernet136,100000,,Access,off
str4-sn5640-5,Ethernet137,str4-sn5640-4,Ethernet137,100000,,Access,off
str4-sn5640-5,Ethernet138,str4-sn5640-4,Ethernet138,100000,,Access,off
str4-sn5640-5,Ethernet139,str4-sn5640-4,Ethernet139,100000,,Access,off
str4-sn5640-5,Ethernet140,str4-sn5640-4,Ethernet140,100000,,Access,off
str4-sn5640-5,Ethernet141,str4-sn5640-4,Ethernet141,100000,,Access,off
str4-sn5640-5,Ethernet142,str4-sn5640-4,Ethernet142,100000,,Access,off
str4-sn5640-5,Ethernet143,str4-sn5640-4,Ethernet143,100000,,Access,off
str4-sn5640-5,Ethernet144,str4-sn5640-4,Ethernet144,100000,,Access,off
str4-sn5640-5,Ethernet145,str4-sn5640-4,Ethernet145,100000,,Access,off
str4-sn5640-5,Ethernet146,str4-sn5640-4,Ethernet146,100000,,Access,off
str4-sn5640-5,Ethernet147,str4-sn5640-4,Ethernet147,100000,,Access,off
str4-sn5640-5,Ethernet148,str4-sn5640-4,Ethernet148,100000,,Access,off
str4-sn5640-5,Ethernet149,str4-sn5640-4,Ethernet149,100000,,Access,off
str4-sn5640-5,Ethernet150,str4-sn5640-4,Ethernet150,100000,,Access,off
str4-sn5640-5,Ethernet151,str4-sn5640-4,Ethernet151,100000,,Access,off
str4-sn5640-5,Ethernet152,str4-sn5640-4,Ethernet152,100000,,Access,off
str4-sn5640-5,Ethernet153,str4-sn5640-4,Ethernet153,100000,,Access,off
str4-sn5640-5,Ethernet154,str4-sn5640-4,Ethernet154,100000,,Access,off
str4-sn5640-5,Ethernet155,str4-sn5640-4,Ethernet155,100000,,Access,off
str4-sn5640-5,Ethernet156,str4-sn5640-4,Ethernet156,100000,,Access,off
str4-sn5640-5,Ethernet157,str4-sn5640-4,Ethernet157,100000,,Access,off
str4-sn5640-5,Ethernet158,str4-sn5640-4,Ethernet158,100000,,Access,off
str4-sn5640-5,Ethernet159,str4-sn5640-4,Ethernet159,100000,,Access,off
str4-sn5640-5,Ethernet160,str4-sn5640-4,Ethernet160,100000,,Access,off
str4-sn5640-5,Ethernet161,str4-sn5640-4,Ethernet161,100000,,Access,off
str4-sn5640-5,Ethernet162,str4-sn5640-4,Ethernet162,100000,,Access,off
str4-sn5640-5,Ethernet163,str4-sn5640-4,Ethernet163,100000,,Access,off
str4-sn5640-5,Ethernet164,str4-sn5640-4,Ethernet164,100000,,Access,off
str4-sn5640-5,Ethernet165,str4-sn5640-4,Ethernet165,100000,,Access,off
str4-sn5640-5,Ethernet166,str4-sn5640-4,Ethernet166,100000,,Access,off
str4-sn5640-5,Ethernet167,str4-sn5640-4,Ethernet167,100000,,Access,off
str4-sn5640-5,Ethernet168,str4-sn5640-4,Ethernet168,100000,,Access,off
str4-sn5640-5,Ethernet169,str4-sn5640-4,Ethernet169,100000,,Access,off
str4-sn5640-5,Ethernet170,str4-sn5640-4,Ethernet170,100000,,Access,off
str4-sn5640-5,Ethernet171,str4-sn5640-4,Ethernet171,100000,,Access,off
str4-sn5640-5,Ethernet172,str4-sn5640-4,Ethernet172,100000,,Access,off
str4-sn5640-5,Ethernet173,str4-sn5640-4,Ethernet173,100000,,Access,off
str4-sn5640-5,Ethernet174,str4-sn5640-4,Ethernet174,100000,,Access,off
str4-sn5640-5,Ethernet175,str4-sn5640-4,Ethernet175,100000,,Access,off
str4-sn5640-5,Ethernet176,str4-sn5640-4,Ethernet176,100000,,Access,off
str4-sn5640-5,Ethernet177,str4-sn5640-4,Ethernet177,100000,,Access,off
str4-sn5640-5,Ethernet178,str4-sn5640-4,Ethernet178,100000,,Access,off
str4-sn5640-5,Ethernet179,str4-sn5640-4,Ethernet179,100000,,Access,off
str4-sn5640-5,Ethernet180,str4-sn5640-4,Ethernet180,100000,,Access,off
str4-sn5640-5,Ethernet181,str4-sn5640-4,Ethernet181,100000,,Access,off
str4-sn5640-5,Ethernet182,str4-sn5640-4,Ethernet182,100000,,Access,off
str4-sn5640-5,Ethernet183,str4-sn5640-4,Ethernet183,100000,,Access,off
str4-sn5640-5,Ethernet184,str4-sn5640-4,Ethernet184,100000,,Access,off
str4-sn5640-5,Ethernet185,str4-sn5640-4,Ethernet185,100000,,Access,off
str4-sn5640-5,Ethernet186,str4-sn5640-4,Ethernet186,100000,,Access,off
str4-sn5640-5,Ethernet187,str4-sn5640-4,Ethernet187,100000,,Access,off
str4-sn5640-5,Ethernet188,str4-sn5640-4,Ethernet188,100000,,Access,off
str4-sn5640-5,Ethernet189,str4-sn5640-4,Ethernet189,100000,,Access,off
str4-sn5640-5,Ethernet190,str4-sn5640-4,Ethernet190,100000,,Access,off
str4-sn5640-5,Ethernet191,str4-sn5640-4,Ethernet191,100000,,Access,off
str4-sn5640-5,Ethernet192,str4-sn5640-4,Ethernet192,100000,,Access,off
str4-sn5640-5,Ethernet193,str4-sn5640-4,Ethernet193,100000,,Access,off
str4-sn5640-5,Ethernet194,str4-sn5640-4,Ethernet194,100000,,Access,off
str4-sn5640-5,Ethernet195,str4-sn5640-4,Ethernet195,100000,,Access,off
str4-sn5640-5,Ethernet196,str4-sn5640-4,Ethernet196,100000,,Access,off
str4-sn5640-5,Ethernet197,str4-sn5640-4,Ethernet197,100000,,Access,off
str4-sn5640-5,Ethernet198,str4-sn5640-4,Ethernet198,100000,,Access,off
str4-sn5640-5,Ethernet199,str4-sn5640-4,Ethernet199,100000,,Access,off
str4-sn5640-5,Ethernet200,str4-sn5640-4,Ethernet200,100000,,Access,off
str4-sn5640-5,Ethernet201,str4-sn5640-4,Ethernet201,100000,,Access,off
str4-sn5640-5,Ethernet202,str4-sn5640-4,Ethernet202,100000,,Access,off
str4-sn5640-5,Ethernet203,str4-sn5640-4,Ethernet203,100000,,Access,off
str4-sn5640-5,Ethernet204,str4-sn5640-4,Ethernet204,100000,,Access,off
str4-sn5640-5,Ethernet205,str4-sn5640-4,Ethernet205,100000,,Access,off
str4-sn5640-5,Ethernet206,str4-sn5640-4,Ethernet206,100000,,Access,off
str4-sn5640-5,Ethernet207,str4-sn5640-4,Ethernet207,100000,,Access,off
str4-sn5640-5,Ethernet208,str4-sn5640-4,Ethernet208,100000,,Access,off
str4-sn5640-5,Ethernet209,str4-sn5640-4,Ethernet209,100000,,Access,off
str4-sn5640-5,Ethernet210,str4-sn5640-4,Ethernet210,100000,,Access,off
str4-sn5640-5,Ethernet211,str4-sn5640-4,Ethernet211,100000,,Access,off
str4-sn5640-5,Ethernet212,str4-sn5640-4,Ethernet212,100000,,Access,off
str4-sn5640-5,Ethernet213,str4-sn5640-4,Ethernet213,100000,,Access,off
str4-sn5640-5,Ethernet214,str4-sn5640-4,Ethernet214,100000,,Access,off
str4-sn5640-5,Ethernet215,str4-sn5640-4,Ethernet215,100000,,Access,off
str4-sn5640-5,Ethernet216,str4-sn5640-4,Ethernet216,100000,,Access,off
str4-sn5640-5,Ethernet217,str4-sn5640-4,Ethernet217,100000,,Access,off
str4-sn5640-5,Ethernet218,str4-sn5640-4,Ethernet218,100000,,Access,off
str4-sn5640-5,Ethernet219,str4-sn5640-4,Ethernet219,100000,,Access,off
str4-sn5640-5,Ethernet220,str4-sn5640-4,Ethernet220,100000,,Access,off
str4-sn5640-5,Ethernet221,str4-sn5640-4,Ethernet221,100000,,Access,off
str4-sn5640-5,Ethernet222,str4-sn5640-4,Ethernet222,100000,,Access,off
str4-sn5640-5,Ethernet223,str4-sn5640-4,Ethernet223,100000,,Access,off
str4-sn5640-5,Ethernet224,str4-sn5640-4,Ethernet224,100000,,Access,off
str4-sn5640-5,Ethernet225,str4-sn5640-4,Ethernet225,100000,,Access,off
str4-sn5640-5,Ethernet226,str4-sn5640-4,Ethernet226,100000,,Access,off
str4-sn5640-5,Ethernet227,str4-sn5640-4,Ethernet227,100000,,Access,off
str4-sn5640-5,Ethernet228,str4-sn5640-4,Ethernet228,100000,,Access,off
str4-sn5640-5,Ethernet229,str4-sn5640-4,Ethernet229,100000,,Access,off
str4-sn5640-5,Ethernet230,str4-sn5640-4,Ethernet230,100000,,Access,off
str4-sn5640-5,Ethernet231,str4-sn5640-4,Ethernet231,100000,,Access,off
str4-sn5640-5,Ethernet232,str4-sn5640-4,Ethernet232,100000,,Access,off
str4-sn5640-5,Ethernet233,str4-sn5640-4,Ethernet233,100000,,Access,off
str4-sn5640-5,Ethernet234,str4-sn5640-4,Ethernet234,100000,,Access,off
str4-sn5640-5,Ethernet235,str4-sn5640-4,Ethernet235,100000,,Access,off
str4-sn5640-5,Ethernet236,str4-sn5640-4,Ethernet236,100000,,Access,off
str4-sn5640-5,Ethernet237,str4-sn5640-4,Ethernet237,100000,,Access,off
str4-sn5640-5,Ethernet238,str4-sn5640-4,Ethernet238,100000,,Access,off
str4-sn5640-5,Ethernet239,str4-sn5640-4,Ethernet239,100000,,Access,off
str4-sn5640-5,Ethernet240,str4-sn5640-4,Ethernet240,100000,,Access,off
str4-sn5640-5,Ethernet241,str4-sn5640-4,Ethernet241,100000,,Access,off
str4-sn5640-5,Ethernet242,str4-sn5640-4,Ethernet242,100000,,Access,off
str4-sn5640-5,Ethernet243,str4-sn5640-4,Ethernet243,100000,,Access,off
str4-sn5640-5,Ethernet244,str4-sn5640-4,Ethernet244,100000,,Access,off
str4-sn5640-5,Ethernet245,str4-sn5640-4,Ethernet245,100000,,Access,off
str4-sn5640-5,Ethernet246,str4-sn5640-4,Ethernet246,100000,,Access,off
str4-sn5640-5,Ethernet247,str4-sn5640-4,Ethernet247,100000,,Access,off
str4-sn5640-5,Ethernet248,str4-sn5640-4,Ethernet248,100000,,Access,off
str4-sn5640-5,Ethernet249,str4-sn5640-4,Ethernet249,100000,,Access,off
str4-sn5640-5,Ethernet250,str4-sn5640-4,Ethernet250,100000,,Access,off
str4-sn5640-5,Ethernet251,str4-sn5640-4,Ethernet251,100000,,Access,off
str4-sn5640-5,Ethernet252,str4-sn5640-4,Ethernet252,100000,,Access,off
str4-sn5640-5,Ethernet253,str4-sn5640-4,Ethernet253,100000,,Access,off
str4-sn5640-5,Ethernet254,str4-sn5640-4,Ethernet254,100000,,Access,off
str4-sn5640-5,Ethernet255,str4-sn5640-4,Ethernet255,100000,,Access,off
str4-sn5640-5,Ethernet256,str4-sn5640-4,Ethernet256,100000,,Access,off
str4-sn5640-5,Ethernet257,str4-sn5640-4,Ethernet257,100000,,Access,off
str4-sn5640-5,Ethernet258,str4-sn5640-4,Ethernet258,100000,,Access,off
str4-sn5640-5,Ethernet259,str4-sn5640-4,Ethernet259,100000,,Access,off
str4-sn5640-5,Ethernet260,str4-sn5640-4,Ethernet260,100000,,Access,off
str4-sn5640-5,Ethernet261,str4-sn5640-4,Ethernet261,100000,,Access,off
str4-sn5640-5,Ethernet262,str4-sn5640-4,Ethernet262,100000,,Access,off
str4-sn5640-5,Ethernet263,str4-sn5640-4,Ethernet263,100000,,Access,off
str4-sn5640-5,Ethernet264,str4-sn5640-4,Ethernet264,100000,,Access,off
str4-sn5640-5,Ethernet265,str4-sn5640-4,Ethernet265,100000,,Access,off
str4-sn5640-5,Ethernet266,str4-sn5640-4,Ethernet266,100000,,Access,off
str4-sn5640-5,Ethernet267,str4-sn5640-4,Ethernet267,100000,,Access,off
str4-sn5640-5,Ethernet268,str4-sn5640-4,Ethernet268,100000,,Access,off
str4-sn5640-5,Ethernet269,str4-sn5640-4,Ethernet269,100000,,Access,off
str4-sn5640-5,Ethernet270,str4-sn5640-4,Ethernet270,100000,,Access,off
str4-sn5640-5,Ethernet271,str4-sn5640-4,Ethernet271,100000,,Access,off
str4-sn5640-5,Ethernet272,str4-sn5640-4,Ethernet272,100000,,Access,off
str4-sn5640-5,Ethernet273,str4-sn5640-4,Ethernet273,100000,,Access,off
str4-sn5640-5,Ethernet274,str4-sn5640-4,Ethernet274,100000,,Access,off
str4-sn5640-5,Ethernet275,str4-sn5640-4,Ethernet275,100000,,Access,off
str4-sn5640-5,Ethernet276,str4-sn5640-4,Ethernet276,100000,,Access,off
str4-sn5640-5,Ethernet277,str4-sn5640-4,Ethernet277,100000,,Access,off
str4-sn5640-5,Ethernet278,str4-sn5640-4,Ethernet278,100000,,Access,off
str4-sn5640-5,Ethernet279,str4-sn5640-4,Ethernet279,100000,,Access,off
str4-sn5640-5,Ethernet280,str4-sn5640-4,Ethernet280,100000,,Access,off
str4-sn5640-5,Ethernet281,str4-sn5640-4,Ethernet281,100000,,Access,off
str4-sn5640-5,Ethernet282,str4-sn5640-4,Ethernet282,100000,,Access,off
str4-sn5640-5,Ethernet283,str4-sn5640-4,Ethernet283,100000,,Access,off
str4-sn5640-5,Ethernet284,str4-sn5640-4,Ethernet284,100000,,Access,off
str4-sn5640-5,Ethernet285,str4-sn5640-4,Ethernet285,100000,,Access,off
str4-sn5640-5,Ethernet286,str4-sn5640-4,Ethernet286,100000,,Access,off
str4-sn5640-5,Ethernet287,str4-sn5640-4,Ethernet287,100000,,Access,off
str4-sn5640-5,Ethernet288,str4-sn5640-4,Ethernet288,100000,,Access,off
str4-sn5640-5,Ethernet289,str4-sn5640-4,Ethernet289,100000,,Access,off
str4-sn5640-5,Ethernet290,str4-sn5640-4,Ethernet290,100000,,Access,off
str4-sn5640-5,Ethernet291,str4-sn5640-4,Ethernet291,100000,,Access,off
str4-sn5640-5,Ethernet292,str4-sn5640-4,Ethernet292,100000,,Access,off
str4-sn5640-5,Ethernet293,str4-sn5640-4,Ethernet293,100000,,Access,off
str4-sn5640-5,Ethernet294,str4-sn5640-4,Ethernet294,100000,,Access,off
str4-sn5640-5,Ethernet295,str4-sn5640-4,Ethernet295,100000,,Access,off
str4-sn5640-5,Ethernet296,str4-sn5640-4,Ethernet296,100000,,Access,off
str4-sn5640-5,Ethernet297,str4-sn5640-4,Ethernet297,100000,,Access,off
str4-sn5640-5,Ethernet298,str4-sn5640-4,Ethernet298,100000,,Access,off
str4-sn5640-5,Ethernet299,str4-sn5640-4,Ethernet299,100000,,Access,off
str4-sn5640-5,Ethernet300,str4-sn5640-4,Ethernet300,100000,,Access,off
str4-sn5640-5,Ethernet301,str4-sn5640-4,Ethernet301,100000,,Access,off
str4-sn5640-5,Ethernet302,str4-sn5640-4,Ethernet302,100000,,Access,off
str4-sn5640-5,Ethernet303,str4-sn5640-4,Ethernet303,100000,,Access,off
str4-sn5640-5,Ethernet304,str4-sn5640-4,Ethernet304,100000,,Access,off
str4-sn5640-5,Ethernet305,str4-sn5640-4,Ethernet305,100000,,Access,off
str4-sn5640-5,Ethernet306,str4-sn5640-4,Ethernet306,100000,,Access,off
str4-sn5640-5,Ethernet307,str4-sn5640-4,Ethernet307,100000,,Access,off
str4-sn5640-5,Ethernet308,str4-sn5640-4,Ethernet308,100000,,Access,off
str4-sn5640-5,Ethernet309,str4-sn5640-4,Ethernet309,100000,,Access,off
str4-sn5640-5,Ethernet310,str4-sn5640-4,Ethernet310,100000,,Access,off
str4-sn5640-5,Ethernet311,str4-sn5640-4,Ethernet311,100000,,Access,off
str4-sn5640-5,Ethernet312,str4-sn5640-4,Ethernet312,100000,,Access,off
str4-sn5640-5,Ethernet313,str4-sn5640-4,Ethernet313,100000,,Access,off
str4-sn5640-5,Ethernet314,str4-sn5640-4,Ethernet314,100000,,Access,off
str4-sn5640-5,Ethernet315,str4-sn5640-4,Ethernet315,100000,,Access,off
str4-sn5640-5,Ethernet316,str4-sn5640-4,Ethernet316,100000,,Access,off
str4-sn5640-5,Ethernet317,str4-sn5640-4,Ethernet317,100000,,Access,off
str4-sn5640-5,Ethernet318,str4-sn5640-4,Ethernet318,100000,,Access,off
str4-sn5640-5,Ethernet319,str4-sn5640-4,Ethernet319,100000,,Access,off
str4-sn5640-5,Ethernet320,str4-sn5640-4,Ethernet320,100000,,Access,off
str4-sn5640-5,Ethernet321,str4-sn5640-4,Ethernet321,100000,,Access,off
str4-sn5640-5,Ethernet322,str4-sn5640-4,Ethernet322,100000,,Access,off
str4-sn5640-5,Ethernet323,str4-sn5640-4,Ethernet323,100000,,Access,off
str4-sn5640-5,Ethernet324,str4-sn5640-4,Ethernet324,100000,,Access,off
str4-sn5640-5,Ethernet325,str4-sn5640-4,Ethernet325,100000,,Access,off
str4-sn5640-5,Ethernet326,str4-sn5640-4,Ethernet326,100000,,Access,off
str4-sn5640-5,Ethernet327,str4-sn5640-4,Ethernet327,100000,,Access,off
str4-sn5640-5,Ethernet328,str4-sn5640-4,Ethernet328,100000,,Access,off
str4-sn5640-5,Ethernet329,str4-sn5640-4,Ethernet329,100000,,Access,off
str4-sn5640-5,Ethernet330,str4-sn5640-4,Ethernet330,100000,,Access,off
str4-sn5640-5,Ethernet331,str4-sn5640-4,Ethernet331,100000,,Access,off
str4-sn5640-5,Ethernet332,str4-sn5640-4,Ethernet332,100000,,Access,off
str4-sn5640-5,Ethernet333,str4-sn5640-4,Ethernet333,100000,,Access,off
str4-sn5640-5,Ethernet334,str4-sn5640-4,Ethernet334,100000,,Access,off
str4-sn5640-5,Ethernet335,str4-sn5640-4,Ethernet335,100000,,Access,off
str4-sn5640-5,Ethernet336,str4-sn5640-4,Ethernet336,100000,,Access,off
str4-sn5640-5,Ethernet337,str4-sn5640-4,Ethernet337,100000,,Access,off
str4-sn5640-5,Ethernet338,str4-sn5640-4,Ethernet338,100000,,Access,off
str4-sn5640-5,Ethernet339,str4-sn5640-4,Ethernet339,100000,,Access,off
str4-sn5640-5,Ethernet340,str4-sn5640-4,Ethernet340,100000,,Access,off
str4-sn5640-5,Ethernet341,str4-sn5640-4,Ethernet341,100000,,Access,off
str4-sn5640-5,Ethernet342,str4-sn5640-4,Ethernet342,100000,,Access,off
str4-sn5640-5,Ethernet343,str4-sn5640-4,Ethernet343,100000,,Access,off
str4-sn5640-5,Ethernet344,str4-sn5640-4,Ethernet344,100000,,Access,off
str4-sn5640-5,Ethernet345,str4-sn5640-4,Ethernet345,100000,,Access,off
str4-sn5640-5,Ethernet346,str4-sn5640-4,Ethernet346,100000,,Access,off
str4-sn5640-5,Ethernet347,str4-sn5640-4,Ethernet347,100000,,Access,off
str4-sn5640-5,Ethernet348,str4-sn5640-4,Ethernet348,100000,,Access,off
str4-sn5640-5,Ethernet349,str4-sn5640-4,Ethernet349,100000,,Access,off
str4-sn5640-5,Ethernet350,str4-sn5640-4,Ethernet350,100000,,Access,off
str4-sn5640-5,Ethernet351,str4-sn5640-4,Ethernet351,100000,,Access,off
str4-sn5640-5,Ethernet352,str4-sn5640-4,Ethernet352,100000,,Access,off
str4-sn5640-5,Ethernet353,str4-sn5640-4,Ethernet353,100000,,Access,off
str4-sn5640-5,Ethernet354,str4-sn5640-4,Ethernet354,100000,,Access,off
str4-sn5640-5,Ethernet355,str4-sn5640-4,Ethernet355,100000,,Access,off
str4-sn5640-5,Ethernet356,str4-sn5640-4,Ethernet356,100000,,Access,off
str4-sn5640-5,Ethernet357,str4-sn5640-4,Ethernet357,100000,,Access,off
str4-sn5640-5,Ethernet358,str4-sn5640-4,Ethernet358,100000,,Access,off
str4-sn5640-5,Ethernet359,str4-sn5640-4,Ethernet359,100000,,Access,off
str4-sn5640-5,Ethernet360,str4-sn5640-4,Ethernet360,100000,,Access,off
str4-sn5640-5,Ethernet361,str4-sn5640-4,Ethernet361,100000,,Access,off
str4-sn5640-5,Ethernet362,str4-sn5640-4,Ethernet362,100000,,Access,off
str4-sn5640-5,Ethernet363,str4-sn5640-4,Ethernet363,100000,,Access,off
str4-sn5640-5,Ethernet364,str4-sn5640-4,Ethernet364,100000,,Access,off
str4-sn5640-5,Ethernet365,str4-sn5640-4,Ethernet365,100000,,Access,off
str4-sn5640-5,Ethernet366,str4-sn5640-4,Ethernet366,100000,,Access,off
str4-sn5640-5,Ethernet367,str4-sn5640-4,Ethernet367,100000,,Access,off
str4-sn5640-5,Ethernet368,str4-sn5640-4,Ethernet368,100000,,Access,off
str4-sn5640-5,Ethernet369,str4-sn5640-4,Ethernet369,100000,,Access,off
str4-sn5640-5,Ethernet370,str4-sn5640-4,Ethernet370,100000,,Access,off
str4-sn5640-5,Ethernet371,str4-sn5640-4,Ethernet371,100000,,Access,off
str4-sn5640-5,Ethernet372,str4-sn5640-4,Ethernet372,100000,,Access,off
str4-sn5640-5,Ethernet373,str4-sn5640-4,Ethernet373,100000,,Access,off
str4-sn5640-5,Ethernet374,str4-sn5640-4,Ethernet374,100000,,Access,off
str4-sn5640-5,Ethernet375,str4-sn5640-4,Ethernet375,100000,,Access,off
str4-sn5640-5,Ethernet376,str4-sn5640-4,Ethernet376,100000,,Access,off
str4-sn5640-5,Ethernet377,str4-sn5640-4,Ethernet377,100000,,Access,off
str4-sn5640-5,Ethernet378,str4-sn5640-4,Ethernet378,100000,,Access,off
str4-sn5640-5,Ethernet379,str4-sn5640-4,Ethernet379,100000,,Access,off
str4-sn5640-5,Ethernet380,str4-sn5640-4,Ethernet380,100000,,Access,off
str4-sn5640-5,Ethernet381,str4-sn5640-4,Ethernet381,100000,,Access,off
str4-sn5640-5,Ethernet382,str4-sn5640-4,Ethernet382,100000,,Access,off
str4-sn5640-5,Ethernet383,str4-sn5640-4,Ethernet383,100000,,Access,off
str4-sn5640-5,Ethernet384,str4-sn5640-4,Ethernet384,100000,,Access,off
str4-sn5640-5,Ethernet385,str4-sn5640-4,Ethernet385,100000,,Access,off
str4-sn5640-5,Ethernet386,str4-sn5640-4,Ethernet386,100000,,Access,off
str4-sn5640-5,Ethernet387,str4-sn5640-4,Ethernet387,100000,,Access,off
str4-sn5640-5,Ethernet388,str4-sn5640-4,Ethernet388,100000,,Access,off
str4-sn5640-5,Ethernet389,str4-sn5640-4,Ethernet389,100000,,Access,off
str4-sn5640-5,Ethernet390,str4-sn5640-4,Ethernet390,100000,,Access,off
str4-sn5640-5,Ethernet391,str4-sn5640-4,Ethernet391,100000,,Access,off
str4-sn5640-5,Ethernet392,str4-sn5640-4,Ethernet392,100000,,Access,off
str4-sn5640-5,Ethernet393,str4-sn5640-4,Ethernet393,100000,,Access,off
str4-sn5640-5,Ethernet394,str4-sn5640-4,Ethernet394,100000,,Access,off
str4-sn5640-5,Ethernet395,str4-sn5640-4,Ethernet395,100000,,Access,off
str4-sn5640-5,Ethernet396,str4-sn5640-4,Ethernet396,100000,,Access,off
str4-sn5640-5,Ethernet397,str4-sn5640-4,Ethernet397,100000,,Access,off
str4-sn5640-5,Ethernet398,str4-sn5640-4,Ethernet398,100000,,Access,off
str4-sn5640-5,Ethernet399,str4-sn5640-4,Ethernet399,100000,,Access,off
str4-sn5640-5,Ethernet400,str4-sn5640-4,Ethernet400,100000,,Access,off
str4-sn5640-5,Ethernet401,str4-sn5640-4,Ethernet401,100000,,Access,off
str4-sn5640-5,Ethernet402,str4-sn5640-4,Ethernet402,100000,,Access,off
str4-sn5640-5,Ethernet403,str4-sn5640-4,Ethernet403,100000,,Access,off
str4-sn5640-5,Ethernet404,str4-sn5640-4,Ethernet404,100000,,Access,off
str4-sn5640-5,Ethernet405,str4-sn5640-4,Ethernet405,100000,,Access,off
str4-sn5640-5,Ethernet406,str4-sn5640-4,Ethernet406,100000,,Access,off
str4-sn5640-5,Ethernet407,str4-sn5640-4,Ethernet407,100000,,Access,off
str4-sn5640-5,Ethernet408,str4-sn5640-4,Ethernet408,100000,,Access,off
str4-sn5640-5,Ethernet409,str4-sn5640-4,Ethernet409,100000,,Access,off
str4-sn5640-5,Ethernet410,str4-sn5640-4,Ethernet410,100000,,Access,off
str4-sn5640-5,Ethernet411,str4-sn5640-4,Ethernet411,100000,,Access,off
str4-sn5640-5,Ethernet412,str4-sn5640-4,Ethernet412,100000,,Access,off
str4-sn5640-5,Ethernet413,str4-sn5640-4,Ethernet413,100000,,Access,off
str4-sn5640-5,Ethernet414,str4-sn5640-4,Ethernet414,100000,,Access,off
str4-sn5640-5,Ethernet415,str4-sn5640-4,Ethernet415,100000,,Access,off
str4-sn5640-5,Ethernet416,str4-sn5640-4,Ethernet416,100000,,Access,off
str4-sn5640-5,Ethernet417,str4-sn5640-4,Ethernet417,100000,,Access,off
str4-sn5640-5,Ethernet418,str4-sn5640-4,Ethernet418,100000,,Access,off
str4-sn5640-5,Ethernet419,str4-sn5640-4,Ethernet419,100000,,Access,off
str4-sn5640-5,Ethernet420,str4-sn5640-4,Ethernet420,100000,,Access,off
str4-sn5640-5,Ethernet421,str4-sn5640-4,Ethernet421,100000,,Access,off
str4-sn5640-5,Ethernet422,str4-sn5640-4,Ethernet422,100000,,Access,off
str4-sn5640-5,Ethernet423,str4-sn5640-4,Ethernet423,100000,,Access,off
str4-sn5640-5,Ethernet424,str4-sn5640-4,Ethernet424,100000,,Access,off
str4-sn5640-5,Ethernet425,str4-sn5640-4,Ethernet425,100000,,Access,off
str4-sn5640-5,Ethernet426,str4-sn5640-4,Ethernet426,100000,,Access,off
str4-sn5640-5,Ethernet427,str4-sn5640-4,Ethernet427,100000,,Access,off
str4-sn5640-5,Ethernet428,str4-sn5640-4,Ethernet428,100000,,Access,off
str4-sn5640-5,Ethernet429,str4-sn5640-4,Ethernet429,100000,,Access,off
str4-sn5640-5,Ethernet430,str4-sn5640-4,Ethernet430,100000,,Access,off
str4-sn5640-5,Ethernet431,str4-sn5640-4,Ethernet431,100000,,Access,off
str4-sn5640-5,Ethernet432,str4-sn5640-4,Ethernet432,100000,,Access,off
str4-sn5640-5,Ethernet433,str4-sn5640-4,Ethernet433,100000,,Access,off
str4-sn5640-5,Ethernet434,str4-sn5640-4,Ethernet434,100000,,Access,off
str4-sn5640-5,Ethernet435,str4-sn5640-4,Ethernet435,100000,,Access,off
str4-sn5640-5,Ethernet436,str4-sn5640-4,Ethernet436,100000,,Access,off
str4-sn5640-5,Ethernet437,str4-sn5640-4,Ethernet437,100000,,Access,off
str4-sn5640-5,Ethernet438,str4-sn5640-4,Ethernet438,100000,,Access,off
str4-sn5640-5,Ethernet439,str4-sn5640-4,Ethernet439,100000,,Access,off
str4-sn5640-5,Ethernet440,str4-sn5640-4,Ethernet440,100000,,Access,off
str4-sn5640-5,Ethernet441,str4-sn5640-4,Ethernet441,100000,,Access,off
str4-sn5640-5,Ethernet442,str4-sn5640-4,Ethernet442,100000,,Access,off
str4-sn5640-5,Ethernet443,str4-sn5640-4,Ethernet443,100000,,Access,off
str4-sn5640-5,Ethernet444,str4-sn5640-4,Ethernet444,100000,,Access,off
str4-sn5640-5,Ethernet445,str4-sn5640-4,Ethernet445,100000,,Access,off
str4-sn5640-5,Ethernet446,str4-sn5640-4,Ethernet446,100000,,Access,off
str4-sn5640-5,Ethernet447,str4-sn5640-4,Ethernet447,100000,,Access,off
str4-sn5640-5,Ethernet448,str4-sn5640-4,Ethernet448,100000,,Access,off
str4-sn5640-5,Ethernet449,str4-sn5640-4,Ethernet449,100000,,Access,off
str4-sn5640-5,Ethernet450,str4-sn5640-4,Ethernet450,100000,,Access,off
str4-sn5640-5,Ethernet451,str4-sn5640-4,Ethernet451,100000,,Access,off
str4-sn5640-5,Ethernet452,str4-sn5640-4,Ethernet452,100000,,Access,off
str4-sn5640-5,Ethernet453,str4-sn5640-4,Ethernet453,100000,,Access,off
str4-sn5640-5,Ethernet454,str4-sn5640-4,Ethernet454,100000,,Access,off
str4-sn5640-5,Ethernet455,str4-sn5640-4,Ethernet455,100000,,Access,off
str4-sn5640-5,Ethernet456,str4-sn5640-4,Ethernet456,100000,,Access,off
str4-sn5640-5,Ethernet457,str4-sn5640-4,Ethernet457,100000,,Access,off
str4-sn5640-5,Ethernet458,str4-sn5640-4,Ethernet458,100000,,Access,off
str4-sn5640-5,Ethernet459,str4-sn5640-4,Ethernet459,100000,,Access,off
str4-sn5640-5,Ethernet460,str4-sn5640-4,Ethernet460,100000,,Access,off
str4-sn5640-5,Ethernet461,str4-sn5640-4,Ethernet461,100000,,Access,off
str4-sn5640-5,Ethernet462,str4-sn5640-4,Ethernet462,100000,,Access,off
str4-sn5640-5,Ethernet463,str4-sn5640-4,Ethernet463,100000,,Access,off
str4-sn5640-5,Ethernet464,str4-sn5640-4,Ethernet464,100000,,Access,off
str4-sn5640-5,Ethernet465,str4-sn5640-4,Ethernet465,100000,,Access,off
str4-sn5640-5,Ethernet466,str4-sn5640-4,Ethernet466,100000,,Access,off
str4-sn5640-5,Ethernet467,str4-sn5640-4,Ethernet467,100000,,Access,off
str4-sn5640-5,Ethernet468,str4-sn5640-4,Ethernet468,100000,,Access,off
str4-sn5640-5,Ethernet469,str4-sn5640-4,Ethernet469,100000,,Access,off
str4-sn5640-5,Ethernet470,str4-sn5640-4,Ethernet470,100000,,Access,off
str4-sn5640-5,Ethernet471,str4-sn5640-4,Ethernet471,100000,,Access,off
str4-sn5640-5,Ethernet472,str4-sn5640-4,Ethernet472,100000,,Access,off
str4-sn5640-5,Ethernet473,str4-sn5640-4,Ethernet473,100000,,Access,off
str4-sn5640-5,Ethernet474,str4-sn5640-4,Ethernet474,100000,,Access,off
str4-sn5640-5,Ethernet475,str4-sn5640-4,Ethernet475,100000,,Access,off
str4-sn5640-5,Ethernet476,str4-sn5640-4,Ethernet476,100000,,Access,off
str4-sn5640-5,Ethernet477,str4-sn5640-4,Ethernet477,100000,,Access,off
str4-sn5640-5,Ethernet478,str4-sn5640-4,Ethernet478,100000,,Access,off
str4-sn5640-5,Ethernet479,str4-sn5640-4,Ethernet479,100000,,Access,off
str4-sn5640-5,Ethernet480,str4-sn5640-4,Ethernet480,100000,,Access,off
str4-sn5640-5,Ethernet481,str4-sn5640-4,Ethernet481,100000,,Access,off
str4-sn5640-5,Ethernet482,str4-sn5640-4,Ethernet482,100000,,Access,off
str4-sn5640-5,Ethernet483,str4-sn5640-4,Ethernet483,100000,,Access,off
str4-sn5640-5,Ethernet484,str4-sn5640-4,Ethernet484,100000,,Access,off
str4-sn5640-5,Ethernet485,str4-sn5640-4,Ethernet485,100000,,Access,off
str4-sn5640-5,Ethernet486,str4-sn5640-4,Ethernet486,100000,,Access,off
str4-sn5640-5,Ethernet487,str4-sn5640-4,Ethernet487,100000,,Access,off
str4-sn5640-5,Ethernet488,str4-sn5640-4,Ethernet488,100000,,Access,off
str4-sn5640-5,Ethernet489,str4-sn5640-4,Ethernet489,100000,,Access,off
str4-sn5640-5,Ethernet490,str4-sn5640-4,Ethernet490,100000,,Access,off
str4-sn5640-5,Ethernet491,str4-sn5640-4,Ethernet491,100000,,Access,off
str4-sn5640-5,Ethernet492,str4-sn5640-4,Ethernet492,100000,,Access,off
str4-sn5640-5,Ethernet493,str4-sn5640-4,Ethernet493,100000,,Access,off
str4-sn5640-5,Ethernet494,str4-sn5640-4,Ethernet494,100000,,Access,off
str4-sn5640-5,Ethernet495,str4-sn5640-4,Ethernet495,100000,,Access,off
str4-sn5640-5,Ethernet496,str4-sn5640-4,Ethernet496,100000,,Access,off
str4-sn5640-5,Ethernet497,str4-sn5640-4,Ethernet497,100000,,Access,off
str4-sn5640-5,Ethernet498,str4-sn5640-4,Ethernet498,100000,,Access,off
str4-sn5640-5,Ethernet499,str4-sn5640-4,Ethernet499,100000,,Access,off
str4-sn5640-5,Ethernet500,str4-sn5640-4,Ethernet500,100000,,Access,off
str4-sn5640-5,Ethernet501,str4-sn5640-4,Ethernet501,100000,,Access,off
str4-sn5640-5,Ethernet502,str4-sn5640-4,Ethernet502,100000,,Access,off
str4-sn5640-5,Ethernet503,str4-sn5640-4,Ethernet503,100000,,Access,off
str4-sn5640-5,Ethernet504,str4-sn5640-4,Ethernet504,100000,,Access,off
str4-sn5640-5,Ethernet505,str4-sn5640-4,Ethernet505,100000,,Access,off
str4-sn5640-5,Ethernet506,str4-sn5640-4,Ethernet506,100000,,Access,off
str4-sn5640-5,Ethernet507,str4-sn5640-4,Ethernet507,100000,,Access,off
str4-sn5640-5,Ethernet508,str4-sn5640-4,Ethernet508,100000,,Access,off
str4-sn5640-5,Ethernet509,str4-sn5640-4,Ethernet509,100000,,Access,off
str4-sn5640-5,Ethernet510,str4-sn5640-4,Ethernet510,100000,,Access,off
str4-sn5640-5,Ethernet511,str4-sn5640-4,Ethernet511,100000,,Access,off
str4-sn5640-5,Ethernet512,str4-sn5640-4,Ethernet512,10000,,Access,off
str4-sn5640-5,Ethernet520,str4-sn5640-4,Ethernet520,10000,,Access,off
str4-sn5640-7,Ethernet0,str4-sn5640-fan-7,Ethernet0,100000,4007,Access,on
str4-sn5640-7,Ethernet1,str4-sn5640-fan-7,Ethernet1,100000,,Access,on
str4-sn5640-7,Ethernet2,str4-sn5640-fan-7,Ethernet2,100000,,Access,on
str4-sn5640-7,Ethernet3,str4-sn5640-fan-7,Ethernet3,100000,,Access,on
str4-sn5640-7,Ethernet4,str4-sn5640-fan-7,Ethernet4,100000,,Access,on
str4-sn5640-7,Ethernet5,str4-sn5640-fan-7,Ethernet5,100000,,Access,on
str4-sn5640-7,Ethernet6,str4-sn5640-fan-7,Ethernet6,100000,,Access,on
str4-sn5640-7,Ethernet7,str4-sn5640-fan-7,Ethernet7,100000,,Access,on
str4-sn5640-7,Ethernet8,str4-sn5640-fan-7,Ethernet8,100000,4008,Access,on
str4-sn5640-7,Ethernet9,str4-sn5640-fan-7,Ethernet9,100000,,Access,on
str4-sn5640-7,Ethernet10,str4-sn5640-fan-7,Ethernet10,100000,,Access,on
str4-sn5640-7,Ethernet11,str4-sn5640-fan-7,Ethernet11,100000,,Access,on
str4-sn5640-7,Ethernet12,str4-sn5640-fan-7,Ethernet12,100000,,Access,on
str4-sn5640-7,Ethernet13,str4-sn5640-fan-7,Ethernet13,100000,,Access,on
str4-sn5640-7,Ethernet14,str4-sn5640-fan-7,Ethernet14,100000,,Access,on
str4-sn5640-7,Ethernet15,str4-sn5640-fan-7,Ethernet15,100000,,Access,on
str4-sn5640-7,Ethernet16,str4-sn5640-fan-7,Ethernet16,100000,4009,Access,on
str4-sn5640-7,Ethernet17,str4-sn5640-fan-7,Ethernet17,100000,,Access,on
str4-sn5640-7,Ethernet18,str4-sn5640-fan-7,Ethernet18,100000,,Access,on
str4-sn5640-7,Ethernet19,str4-sn5640-fan-7,Ethernet19,100000,,Access,on
str4-sn5640-7,Ethernet20,str4-sn5640-fan-7,Ethernet20,100000,,Access,on
str4-sn5640-7,Ethernet21,str4-sn5640-fan-7,Ethernet21,100000,,Access,on
str4-sn5640-7,Ethernet22,str4-sn5640-fan-7,Ethernet22,100000,,Access,on
str4-sn5640-7,Ethernet23,str4-sn5640-fan-7,Ethernet23,100000,,Access,on
str4-sn5640-7,Ethernet24,str4-sn5640-fan-7,Ethernet24,100000,4010,Access,on
str4-sn5640-7,Ethernet25,str4-sn5640-fan-7,Ethernet25,100000,,Access,on
str4-sn5640-7,Ethernet26,str4-sn5640-fan-7,Ethernet26,100000,,Access,on
str4-sn5640-7,Ethernet27,str4-sn5640-fan-7,Ethernet27,100000,,Access,on
str4-sn5640-7,Ethernet28,str4-sn5640-fan-7,Ethernet28,100000,,Access,on
str4-sn5640-7,Ethernet29,str4-sn5640-fan-7,Ethernet29,100000,,Access,on
str4-sn5640-7,Ethernet30,str4-sn5640-fan-7,Ethernet30,100000,,Access,on
str4-sn5640-7,Ethernet31,str4-sn5640-fan-7,Ethernet31,100000,,Access,on
str4-sn5640-7,Ethernet32,str4-sn5640-fan-7,Ethernet32,100000,4011,Access,on
str4-sn5640-7,Ethernet33,str4-sn5640-fan-7,Ethernet33,100000,,Access,on
str4-sn5640-7,Ethernet34,str4-sn5640-fan-7,Ethernet34,100000,,Access,on
str4-sn5640-7,Ethernet35,str4-sn5640-fan-7,Ethernet35,100000,,Access,on
str4-sn5640-7,Ethernet36,str4-sn5640-fan-7,Ethernet36,100000,,Access,on
str4-sn5640-7,Ethernet37,str4-sn5640-fan-7,Ethernet37,100000,,Access,on
str4-sn5640-7,Ethernet38,str4-sn5640-fan-7,Ethernet38,100000,,Access,on
str4-sn5640-7,Ethernet39,str4-sn5640-fan-7,Ethernet39,100000,,Access,on
str4-sn5640-7,Ethernet40,str4-sn5640-fan-7,Ethernet40,100000,4012,Access,on
str4-sn5640-7,Ethernet41,str4-sn5640-fan-7,Ethernet41,100000,,Access,on
str4-sn5640-7,Ethernet42,str4-sn5640-fan-7,Ethernet42,100000,,Access,on
str4-sn5640-7,Ethernet43,str4-sn5640-fan-7,Ethernet43,100000,,Access,on
str4-sn5640-7,Ethernet44,str4-sn5640-fan-7,Ethernet44,100000,,Access,on
str4-sn5640-7,Ethernet45,str4-sn5640-fan-7,Ethernet45,100000,,Access,on
str4-sn5640-7,Ethernet46,str4-sn5640-fan-7,Ethernet46,100000,,Access,on
str4-sn5640-7,Ethernet47,str4-sn5640-fan-7,Ethernet47,100000,,Access,on
str4-sn5640-7,Ethernet48,str4-sn5640-fan-7,Ethernet48,100000,4013,Access,on
str4-sn5640-7,Ethernet49,str4-sn5640-fan-7,Ethernet49,100000,,Access,on
str4-sn5640-7,Ethernet50,str4-sn5640-fan-7,Ethernet50,100000,,Access,on
str4-sn5640-7,Ethernet51,str4-sn5640-fan-7,Ethernet51,100000,,Access,on
str4-sn5640-7,Ethernet52,str4-sn5640-fan-7,Ethernet52,100000,,Access,on
str4-sn5640-7,Ethernet53,str4-sn5640-fan-7,Ethernet53,100000,,Access,on
str4-sn5640-7,Ethernet54,str4-sn5640-fan-7,Ethernet54,100000,,Access,on
str4-sn5640-7,Ethernet55,str4-sn5640-fan-7,Ethernet55,100000,,Access,on
str4-sn5640-7,Ethernet56,str4-sn5640-fan-7,Ethernet56,100000,4014,Access,on
str4-sn5640-7,Ethernet57,str4-sn5640-fan-7,Ethernet57,100000,,Access,on
str4-sn5640-7,Ethernet58,str4-sn5640-fan-7,Ethernet58,100000,,Access,on
str4-sn5640-7,Ethernet59,str4-sn5640-fan-7,Ethernet59,100000,,Access,on
str4-sn5640-7,Ethernet60,str4-sn5640-fan-7,Ethernet60,100000,,Access,on
str4-sn5640-7,Ethernet61,str4-sn5640-fan-7,Ethernet61,100000,,Access,on
str4-sn5640-7,Ethernet62,str4-sn5640-fan-7,Ethernet62,100000,,Access,on
str4-sn5640-7,Ethernet63,str4-sn5640-fan-7,Ethernet63,100000,,Access,on
str4-sn5640-7,Ethernet64,str4-sn5640-fan-7,Ethernet64,100000,4015,Access,on
str4-sn5640-7,Ethernet65,str4-sn5640-fan-7,Ethernet65,100000,,Access,on
str4-sn5640-7,Ethernet66,str4-sn5640-fan-7,Ethernet66,100000,,Access,on
str4-sn5640-7,Ethernet67,str4-sn5640-fan-7,Ethernet67,100000,,Access,on
str4-sn5640-7,Ethernet68,str4-sn5640-fan-7,Ethernet68,100000,,Access,on
str4-sn5640-7,Ethernet69,str4-sn5640-fan-7,Ethernet69,100000,,Access,on
str4-sn5640-7,Ethernet70,str4-sn5640-fan-7,Ethernet70,100000,,Access,on
str4-sn5640-7,Ethernet71,str4-sn5640-fan-7,Ethernet71,100000,,Access,on
str4-sn5640-7,Ethernet72,str4-sn5640-fan-7,Ethernet72,100000,4016,Access,on
str4-sn5640-7,Ethernet73,str4-sn5640-fan-7,Ethernet73,100000,,Access,on
str4-sn5640-7,Ethernet74,str4-sn5640-fan-7,Ethernet74,100000,,Access,on
str4-sn5640-7,Ethernet75,str4-sn5640-fan-7,Ethernet75,100000,,Access,on
str4-sn5640-7,Ethernet76,str4-sn5640-fan-7,Ethernet76,100000,,Access,on
str4-sn5640-7,Ethernet77,str4-sn5640-fan-7,Ethernet77,100000,,Access,on
str4-sn5640-7,Ethernet78,str4-sn5640-fan-7,Ethernet78,100000,,Access,on
str4-sn5640-7,Ethernet79,str4-sn5640-fan-7,Ethernet79,100000,,Access,on
str4-sn5640-7,Ethernet80,str4-sn5640-fan-7,Ethernet80,100000,4017,Access,on
str4-sn5640-7,Ethernet81,str4-sn5640-fan-7,Ethernet81,100000,,Access,on
str4-sn5640-7,Ethernet82,str4-sn5640-fan-7,Ethernet82,100000,,Access,on
str4-sn5640-7,Ethernet83,str4-sn5640-fan-7,Ethernet83,100000,,Access,on
str4-sn5640-7,Ethernet84,str4-sn5640-fan-7,Ethernet84,100000,,Access,on
str4-sn5640-7,Ethernet85,str4-sn5640-fan-7,Ethernet85,100000,,Access,on
str4-sn5640-7,Ethernet86,str4-sn5640-fan-7,Ethernet86,100000,,Access,on
str4-sn5640-7,Ethernet87,str4-sn5640-fan-7,Ethernet87,100000,,Access,on
str4-sn5640-7,Ethernet88,str4-sn5640-fan-7,Ethernet88,100000,4018,Access,on
str4-sn5640-7,Ethernet89,str4-sn5640-fan-7,Ethernet89,100000,,Access,on
str4-sn5640-7,Ethernet90,str4-sn5640-fan-7,Ethernet90,100000,,Access,on
str4-sn5640-7,Ethernet91,str4-sn5640-fan-7,Ethernet91,100000,,Access,on
str4-sn5640-7,Ethernet92,str4-sn5640-fan-7,Ethernet92,100000,,Access,on
str4-sn5640-7,Ethernet93,str4-sn5640-fan-7,Ethernet93,100000,,Access,on
str4-sn5640-7,Ethernet94,str4-sn5640-fan-7,Ethernet94,100000,,Access,on
str4-sn5640-7,Ethernet95,str4-sn5640-fan-7,Ethernet95,100000,,Access,on
str4-sn5640-7,Ethernet96,str4-sn5640-fan-7,Ethernet96,100000,4019,Access,on
str4-sn5640-7,Ethernet97,str4-sn5640-fan-7,Ethernet97,100000,,Access,on
str4-sn5640-7,Ethernet98,str4-sn5640-fan-7,Ethernet98,100000,,Access,on
str4-sn5640-7,Ethernet99,str4-sn5640-fan-7,Ethernet99,100000,,Access,on
str4-sn5640-7,Ethernet100,str4-sn5640-fan-7,Ethernet100,100000,,Access,on
str4-sn5640-7,Ethernet101,str4-sn5640-fan-7,Ethernet101,100000,,Access,on
str4-sn5640-7,Ethernet102,str4-sn5640-fan-7,Ethernet102,100000,,Access,on
str4-sn5640-7,Ethernet103,str4-sn5640-fan-7,Ethernet103,100000,,Access,on
str4-sn5640-7,Ethernet104,str4-sn5640-fan-7,Ethernet104,100000,4020,Access,on
str4-sn5640-7,Ethernet105,str4-sn5640-fan-7,Ethernet105,100000,,Access,on
str4-sn5640-7,Ethernet106,str4-sn5640-fan-7,Ethernet106,100000,,Access,on
str4-sn5640-7,Ethernet107,str4-sn5640-fan-7,Ethernet107,100000,,Access,on
str4-sn5640-7,Ethernet108,str4-sn5640-fan-7,Ethernet108,100000,,Access,on
str4-sn5640-7,Ethernet109,str4-sn5640-fan-7,Ethernet109,100000,,Access,on
str4-sn5640-7,Ethernet110,str4-sn5640-fan-7,Ethernet110,100000,,Access,on
str4-sn5640-7,Ethernet111,str4-sn5640-fan-7,Ethernet111,100000,,Access,on
str4-sn5640-7,Ethernet112,str4-sn5640-fan-7,Ethernet112,100000,4021,Access,on
str4-sn5640-7,Ethernet113,str4-sn5640-fan-7,Ethernet113,100000,,Access,on
str4-sn5640-7,Ethernet114,str4-sn5640-fan-7,Ethernet114,100000,,Access,on
str4-sn5640-7,Ethernet115,str4-sn5640-fan-7,Ethernet115,100000,,Access,on
str4-sn5640-7,Ethernet116,str4-sn5640-fan-7,Ethernet116,100000,,Access,on
str4-sn5640-7,Ethernet117,str4-sn5640-fan-7,Ethernet117,100000,,Access,on
str4-sn5640-7,Ethernet118,str4-sn5640-fan-7,Ethernet118,100000,,Access,on
str4-sn5640-7,Ethernet119,str4-sn5640-fan-7,Ethernet119,100000,,Access,on
str4-sn5640-7,Ethernet120,str4-sn5640-fan-7,Ethernet120,100000,4022,Access,on
str4-sn5640-7,Ethernet121,str4-sn5640-fan-7,Ethernet121,100000,,Access,on
str4-sn5640-7,Ethernet122,str4-sn5640-fan-7,Ethernet122,100000,,Access,on
str4-sn5640-7,Ethernet123,str4-sn5640-fan-7,Ethernet123,100000,,Access,on
str4-sn5640-7,Ethernet124,str4-sn5640-fan-7,Ethernet124,100000,,Access,on
str4-sn5640-7,Ethernet125,str4-sn5640-fan-7,Ethernet125,100000,,Access,on
str4-sn5640-7,Ethernet126,str4-sn5640-fan-7,Ethernet126,100000,,Access,on
str4-sn5640-7,Ethernet127,str4-sn5640-fan-7,Ethernet127,100000,,Access,on
str4-sn5640-7,Ethernet128,str4-sn5640-fan-7,Ethernet128,100000,4023,Access,on
str4-sn5640-7,Ethernet129,str4-sn5640-fan-7,Ethernet129,100000,,Access,on
str4-sn5640-7,Ethernet130,str4-sn5640-fan-7,Ethernet130,100000,,Access,on
str4-sn5640-7,Ethernet131,str4-sn5640-fan-7,Ethernet131,100000,,Access,on
str4-sn5640-7,Ethernet132,str4-sn5640-fan-7,Ethernet132,100000,,Access,on
str4-sn5640-7,Ethernet133,str4-sn5640-fan-7,Ethernet133,100000,,Access,on
str4-sn5640-7,Ethernet134,str4-sn5640-fan-7,Ethernet134,100000,,Access,on
str4-sn5640-7,Ethernet135,str4-sn5640-fan-7,Ethernet135,100000,,Access,on
str4-sn5640-7,Ethernet136,str4-sn5640-fan-7,Ethernet136,100000,4024,Access,on
str4-sn5640-7,Ethernet137,str4-sn5640-fan-7,Ethernet137,100000,,Access,on
str4-sn5640-7,Ethernet138,str4-sn5640-fan-7,Ethernet138,100000,,Access,on
str4-sn5640-7,Ethernet139,str4-sn5640-fan-7,Ethernet139,100000,,Access,on
str4-sn5640-7,Ethernet140,str4-sn5640-fan-7,Ethernet140,100000,,Access,on
str4-sn5640-7,Ethernet141,str4-sn5640-fan-7,Ethernet141,100000,,Access,on
str4-sn5640-7,Ethernet142,str4-sn5640-fan-7,Ethernet142,100000,,Access,on
str4-sn5640-7,Ethernet143,str4-sn5640-fan-7,Ethernet143,100000,,Access,on
str4-sn5640-7,Ethernet144,str4-sn5640-fan-7,Ethernet144,100000,4025,Access,on
str4-sn5640-7,Ethernet145,str4-sn5640-fan-7,Ethernet145,100000,,Access,on
str4-sn5640-7,Ethernet146,str4-sn5640-fan-7,Ethernet146,100000,,Access,on
str4-sn5640-7,Ethernet147,str4-sn5640-fan-7,Ethernet147,100000,,Access,on
str4-sn5640-7,Ethernet148,str4-sn5640-fan-7,Ethernet148,100000,,Access,on
str4-sn5640-7,Ethernet149,str4-sn5640-fan-7,Ethernet149,100000,,Access,on
str4-sn5640-7,Ethernet150,str4-sn5640-fan-7,Ethernet150,100000,,Access,on
str4-sn5640-7,Ethernet151,str4-sn5640-fan-7,Ethernet151,100000,,Access,on
str4-sn5640-7,Ethernet152,str4-sn5640-fan-7,Ethernet152,100000,4026,Access,on
str4-sn5640-7,Ethernet153,str4-sn5640-fan-7,Ethernet153,100000,,Access,on
str4-sn5640-7,Ethernet154,str4-sn5640-fan-7,Ethernet154,100000,,Access,on
str4-sn5640-7,Ethernet155,str4-sn5640-fan-7,Ethernet155,100000,,Access,on
str4-sn5640-7,Ethernet156,str4-sn5640-fan-7,Ethernet156,100000,,Access,on
str4-sn5640-7,Ethernet157,str4-sn5640-fan-7,Ethernet157,100000,,Access,on
str4-sn5640-7,Ethernet158,str4-sn5640-fan-7,Ethernet158,100000,,Access,on
str4-sn5640-7,Ethernet159,str4-sn5640-fan-7,Ethernet159,100000,,Access,on
str4-sn5640-7,Ethernet160,str4-sn5640-fan-7,Ethernet160,100000,4027,Access,on
str4-sn5640-7,Ethernet161,str4-sn5640-fan-7,Ethernet161,100000,,Access,on
str4-sn5640-7,Ethernet162,str4-sn5640-fan-7,Ethernet162,100000,,Access,on
str4-sn5640-7,Ethernet163,str4-sn5640-fan-7,Ethernet163,100000,,Access,on
str4-sn5640-7,Ethernet164,str4-sn5640-fan-7,Ethernet164,100000,,Access,on
str4-sn5640-7,Ethernet165,str4-sn5640-fan-7,Ethernet165,100000,,Access,on
str4-sn5640-7,Ethernet166,str4-sn5640-fan-7,Ethernet166,100000,,Access,on
str4-sn5640-7,Ethernet167,str4-sn5640-fan-7,Ethernet167,100000,,Access,on
str4-sn5640-7,Ethernet168,str4-sn5640-fan-7,Ethernet168,100000,4028,Access,on
str4-sn5640-7,Ethernet169,str4-sn5640-fan-7,Ethernet169,100000,,Access,on
str4-sn5640-7,Ethernet170,str4-sn5640-fan-7,Ethernet170,100000,,Access,on
str4-sn5640-7,Ethernet171,str4-sn5640-fan-7,Ethernet171,100000,,Access,on
str4-sn5640-7,Ethernet172,str4-sn5640-fan-7,Ethernet172,100000,,Access,on
str4-sn5640-7,Ethernet173,str4-sn5640-fan-7,Ethernet173,100000,,Access,on
str4-sn5640-7,Ethernet174,str4-sn5640-fan-7,Ethernet174,100000,,Access,on
str4-sn5640-7,Ethernet175,str4-sn5640-fan-7,Ethernet175,100000,,Access,on
str4-sn5640-7,Ethernet176,str4-sn5640-fan-7,Ethernet176,100000,4029,Access,on
str4-sn5640-7,Ethernet177,str4-sn5640-fan-7,Ethernet177,100000,,Access,on
str4-sn5640-7,Ethernet178,str4-sn5640-fan-7,Ethernet178,100000,,Access,on
str4-sn5640-7,Ethernet179,str4-sn5640-fan-7,Ethernet179,100000,,Access,on
str4-sn5640-7,Ethernet180,str4-sn5640-fan-7,Ethernet180,100000,,Access,on
str4-sn5640-7,Ethernet181,str4-sn5640-fan-7,Ethernet181,100000,,Access,on
str4-sn5640-7,Ethernet182,str4-sn5640-fan-7,Ethernet182,100000,,Access,on
str4-sn5640-7,Ethernet183,str4-sn5640-fan-7,Ethernet183,100000,,Access,on
str4-sn5640-7,Ethernet184,str4-sn5640-fan-7,Ethernet184,100000,4030,Access,on
str4-sn5640-7,Ethernet185,str4-sn5640-fan-7,Ethernet185,100000,,Access,on
str4-sn5640-7,Ethernet186,str4-sn5640-fan-7,Ethernet186,100000,,Access,on
str4-sn5640-7,Ethernet187,str4-sn5640-fan-7,Ethernet187,100000,,Access,on
str4-sn5640-7,Ethernet188,str4-sn5640-fan-7,Ethernet188,100000,,Access,on
str4-sn5640-7,Ethernet189,str4-sn5640-fan-7,Ethernet189,100000,,Access,on
str4-sn5640-7,Ethernet190,str4-sn5640-fan-7,Ethernet190,100000,,Access,on
str4-sn5640-7,Ethernet191,str4-sn5640-fan-7,Ethernet191,100000,,Access,on
str4-sn5640-7,Ethernet192,str4-sn5640-fan-7,Ethernet192,100000,4031,Access,on
str4-sn5640-7,Ethernet193,str4-sn5640-fan-7,Ethernet193,100000,,Access,on
str4-sn5640-7,Ethernet194,str4-sn5640-fan-7,Ethernet194,100000,,Access,on
str4-sn5640-7,Ethernet195,str4-sn5640-fan-7,Ethernet195,100000,,Access,on
str4-sn5640-7,Ethernet196,str4-sn5640-fan-7,Ethernet196,100000,,Access,on
str4-sn5640-7,Ethernet197,str4-sn5640-fan-7,Ethernet197,100000,,Access,on
str4-sn5640-7,Ethernet198,str4-sn5640-fan-7,Ethernet198,100000,,Access,on
str4-sn5640-7,Ethernet199,str4-sn5640-fan-7,Ethernet199,100000,,Access,on
str4-sn5640-7,Ethernet200,str4-sn5640-fan-7,Ethernet200,100000,4032,Access,on
str4-sn5640-7,Ethernet201,str4-sn5640-fan-7,Ethernet201,100000,,Access,on
str4-sn5640-7,Ethernet202,str4-sn5640-fan-7,Ethernet202,100000,,Access,on
str4-sn5640-7,Ethernet203,str4-sn5640-fan-7,Ethernet203,100000,,Access,on
str4-sn5640-7,Ethernet204,str4-sn5640-fan-7,Ethernet204,100000,,Access,on
str4-sn5640-7,Ethernet205,str4-sn5640-fan-7,Ethernet205,100000,,Access,on
str4-sn5640-7,Ethernet206,str4-sn5640-fan-7,Ethernet206,100000,,Access,on
str4-sn5640-7,Ethernet207,str4-sn5640-fan-7,Ethernet207,100000,,Access,on
str4-sn5640-7,Ethernet208,str4-sn5640-fan-7,Ethernet208,100000,4033,Access,on
str4-sn5640-7,Ethernet209,str4-sn5640-fan-7,Ethernet209,100000,,Access,on
str4-sn5640-7,Ethernet210,str4-sn5640-fan-7,Ethernet210,100000,,Access,on
str4-sn5640-7,Ethernet211,str4-sn5640-fan-7,Ethernet211,100000,,Access,on
str4-sn5640-7,Ethernet212,str4-sn5640-fan-7,Ethernet212,100000,,Access,on
str4-sn5640-7,Ethernet213,str4-sn5640-fan-7,Ethernet213,100000,,Access,on
str4-sn5640-7,Ethernet214,str4-sn5640-fan-7,Ethernet214,100000,,Access,on
str4-sn5640-7,Ethernet215,str4-sn5640-fan-7,Ethernet215,100000,,Access,on
str4-sn5640-7,Ethernet216,str4-sn5640-fan-7,Ethernet216,100000,4034,Access,on
str4-sn5640-7,Ethernet217,str4-sn5640-fan-7,Ethernet217,100000,,Access,on
str4-sn5640-7,Ethernet218,str4-sn5640-fan-7,Ethernet218,100000,,Access,on
str4-sn5640-7,Ethernet219,str4-sn5640-fan-7,Ethernet219,100000,,Access,on
str4-sn5640-7,Ethernet220,str4-sn5640-fan-7,Ethernet220,100000,,Access,on
str4-sn5640-7,Ethernet221,str4-sn5640-fan-7,Ethernet221,100000,,Access,on
str4-sn5640-7,Ethernet222,str4-sn5640-fan-7,Ethernet222,100000,,Access,on
str4-sn5640-7,Ethernet223,str4-sn5640-fan-7,Ethernet223,100000,,Access,on
str4-sn5640-7,Ethernet224,str4-sn5640-fan-7,Ethernet224,100000,4035,Access,on
str4-sn5640-7,Ethernet225,str4-sn5640-fan-7,Ethernet225,100000,,Access,on
str4-sn5640-7,Ethernet226,str4-sn5640-fan-7,Ethernet226,100000,,Access,on
str4-sn5640-7,Ethernet227,str4-sn5640-fan-7,Ethernet227,100000,,Access,on
str4-sn5640-7,Ethernet228,str4-sn5640-fan-7,Ethernet228,100000,,Access,on
str4-sn5640-7,Ethernet229,str4-sn5640-fan-7,Ethernet229,100000,,Access,on
str4-sn5640-7,Ethernet230,str4-sn5640-fan-7,Ethernet230,100000,,Access,on
str4-sn5640-7,Ethernet231,str4-sn5640-fan-7,Ethernet231,100000,,Access,on
str4-sn5640-7,Ethernet232,str4-sn5640-fan-7,Ethernet232,100000,4036,Access,on
str4-sn5640-7,Ethernet233,str4-sn5640-fan-7,Ethernet233,100000,,Access,on
str4-sn5640-7,Ethernet234,str4-sn5640-fan-7,Ethernet234,100000,,Access,on
str4-sn5640-7,Ethernet235,str4-sn5640-fan-7,Ethernet235,100000,,Access,on
str4-sn5640-7,Ethernet236,str4-sn5640-fan-7,Ethernet236,100000,,Access,on
str4-sn5640-7,Ethernet237,str4-sn5640-fan-7,Ethernet237,100000,,Access,on
str4-sn5640-7,Ethernet238,str4-sn5640-fan-7,Ethernet238,100000,,Access,on
str4-sn5640-7,Ethernet239,str4-sn5640-fan-7,Ethernet239,100000,,Access,on
str4-sn5640-7,Ethernet240,str4-sn5640-fan-7,Ethernet240,100000,4037,Access,on
str4-sn5640-7,Ethernet241,str4-sn5640-fan-7,Ethernet241,100000,,Access,on
str4-sn5640-7,Ethernet242,str4-sn5640-fan-7,Ethernet242,100000,,Access,on
str4-sn5640-7,Ethernet243,str4-sn5640-fan-7,Ethernet243,100000,,Access,on
str4-sn5640-7,Ethernet244,str4-sn5640-fan-7,Ethernet244,100000,,Access,on
str4-sn5640-7,Ethernet245,str4-sn5640-fan-7,Ethernet245,100000,,Access,on
str4-sn5640-7,Ethernet246,str4-sn5640-fan-7,Ethernet246,100000,,Access,on
str4-sn5640-7,Ethernet247,str4-sn5640-fan-7,Ethernet247,100000,,Access,on
str4-sn5640-7,Ethernet248,str4-sn5640-fan-7,Ethernet248,100000,4038,Access,on
str4-sn5640-7,Ethernet249,str4-sn5640-fan-7,Ethernet249,100000,,Access,on
str4-sn5640-7,Ethernet250,str4-sn5640-fan-7,Ethernet250,100000,,Access,on
str4-sn5640-7,Ethernet251,str4-sn5640-fan-7,Ethernet251,100000,,Access,on
str4-sn5640-7,Ethernet252,str4-sn5640-fan-7,Ethernet252,100000,,Access,on
str4-sn5640-7,Ethernet253,str4-sn5640-fan-7,Ethernet253,100000,,Access,on
str4-sn5640-7,Ethernet254,str4-sn5640-fan-7,Ethernet254,100000,,Access,on
str4-sn5640-7,Ethernet255,str4-sn5640-fan-7,Ethernet255,100000,,Access,on
str4-sn5640-7,Ethernet256,str4-sn5640-fan-7,Ethernet256,100000,4039,Access,on
str4-sn5640-7,Ethernet257,str4-sn5640-fan-7,Ethernet257,100000,,Access,on
str4-sn5640-7,Ethernet258,str4-sn5640-fan-7,Ethernet258,100000,,Access,on
str4-sn5640-7,Ethernet259,str4-sn5640-fan-7,Ethernet259,100000,,Access,on
str4-sn5640-7,Ethernet260,str4-sn5640-fan-7,Ethernet260,100000,,Access,on
str4-sn5640-7,Ethernet261,str4-sn5640-fan-7,Ethernet261,100000,,Access,on
str4-sn5640-7,Ethernet262,str4-sn5640-fan-7,Ethernet262,100000,,Access,on
str4-sn5640-7,Ethernet263,str4-sn5640-fan-7,Ethernet263,100000,,Access,on
str4-sn5640-7,Ethernet264,str4-sn5640-fan-7,Ethernet264,100000,4040,Access,on
str4-sn5640-7,Ethernet265,str4-sn5640-fan-7,Ethernet265,100000,,Access,on
str4-sn5640-7,Ethernet266,str4-sn5640-fan-7,Ethernet266,100000,,Access,on
str4-sn5640-7,Ethernet267,str4-sn5640-fan-7,Ethernet267,100000,,Access,on
str4-sn5640-7,Ethernet268,str4-sn5640-fan-7,Ethernet268,100000,,Access,on
str4-sn5640-7,Ethernet269,str4-sn5640-fan-7,Ethernet269,100000,,Access,on
str4-sn5640-7,Ethernet270,str4-sn5640-fan-7,Ethernet270,100000,,Access,on
str4-sn5640-7,Ethernet271,str4-sn5640-fan-7,Ethernet271,100000,,Access,on
str4-sn5640-7,Ethernet272,str4-sn5640-fan-7,Ethernet272,100000,4041,Access,on
str4-sn5640-7,Ethernet273,str4-sn5640-fan-7,Ethernet273,100000,,Access,on
str4-sn5640-7,Ethernet274,str4-sn5640-fan-7,Ethernet274,100000,,Access,on
str4-sn5640-7,Ethernet275,str4-sn5640-fan-7,Ethernet275,100000,,Access,on
str4-sn5640-7,Ethernet276,str4-sn5640-fan-7,Ethernet276,100000,,Access,on
str4-sn5640-7,Ethernet277,str4-sn5640-fan-7,Ethernet277,100000,,Access,on
str4-sn5640-7,Ethernet278,str4-sn5640-fan-7,Ethernet278,100000,,Access,on
str4-sn5640-7,Ethernet279,str4-sn5640-fan-7,Ethernet279,100000,,Access,on
str4-sn5640-7,Ethernet280,str4-sn5640-fan-7,Ethernet280,100000,4042,Access,on
str4-sn5640-7,Ethernet281,str4-sn5640-fan-7,Ethernet281,100000,,Access,on
str4-sn5640-7,Ethernet282,str4-sn5640-fan-7,Ethernet282,100000,,Access,on
str4-sn5640-7,Ethernet283,str4-sn5640-fan-7,Ethernet283,100000,,Access,on
str4-sn5640-7,Ethernet284,str4-sn5640-fan-7,Ethernet284,100000,,Access,on
str4-sn5640-7,Ethernet285,str4-sn5640-fan-7,Ethernet285,100000,,Access,on
str4-sn5640-7,Ethernet286,str4-sn5640-fan-7,Ethernet286,100000,,Access,on
str4-sn5640-7,Ethernet287,str4-sn5640-fan-7,Ethernet287,100000,,Access,on
str4-sn5640-7,Ethernet288,str4-sn5640-fan-7,Ethernet288,100000,4043,Access,on
str4-sn5640-7,Ethernet289,str4-sn5640-fan-7,Ethernet289,100000,,Access,on
str4-sn5640-7,Ethernet290,str4-sn5640-fan-7,Ethernet290,100000,,Access,on
str4-sn5640-7,Ethernet291,str4-sn5640-fan-7,Ethernet291,100000,,Access,on
str4-sn5640-7,Ethernet292,str4-sn5640-fan-7,Ethernet292,100000,,Access,on
str4-sn5640-7,Ethernet293,str4-sn5640-fan-7,Ethernet293,100000,,Access,on
str4-sn5640-7,Ethernet294,str4-sn5640-fan-7,Ethernet294,100000,,Access,on
str4-sn5640-7,Ethernet295,str4-sn5640-fan-7,Ethernet295,100000,,Access,on
str4-sn5640-7,Ethernet296,str4-sn5640-fan-7,Ethernet296,100000,4044,Access,on
str4-sn5640-7,Ethernet297,str4-sn5640-fan-7,Ethernet297,100000,,Access,on
str4-sn5640-7,Ethernet298,str4-sn5640-fan-7,Ethernet298,100000,,Access,on
str4-sn5640-7,Ethernet299,str4-sn5640-fan-7,Ethernet299,100000,,Access,on
str4-sn5640-7,Ethernet300,str4-sn5640-fan-7,Ethernet300,100000,,Access,on
str4-sn5640-7,Ethernet301,str4-sn5640-fan-7,Ethernet301,100000,,Access,on
str4-sn5640-7,Ethernet302,str4-sn5640-fan-7,Ethernet302,100000,,Access,on
str4-sn5640-7,Ethernet303,str4-sn5640-fan-7,Ethernet303,100000,,Access,on
str4-sn5640-7,Ethernet304,str4-sn5640-fan-7,Ethernet304,100000,4045,Access,on
str4-sn5640-7,Ethernet305,str4-sn5640-fan-7,Ethernet305,100000,,Access,on
str4-sn5640-7,Ethernet306,str4-sn5640-fan-7,Ethernet306,100000,,Access,on
str4-sn5640-7,Ethernet307,str4-sn5640-fan-7,Ethernet307,100000,,Access,on
str4-sn5640-7,Ethernet308,str4-sn5640-fan-7,Ethernet308,100000,,Access,on
str4-sn5640-7,Ethernet309,str4-sn5640-fan-7,Ethernet309,100000,,Access,on
str4-sn5640-7,Ethernet310,str4-sn5640-fan-7,Ethernet310,100000,,Access,on
str4-sn5640-7,Ethernet311,str4-sn5640-fan-7,Ethernet311,100000,,Access,on
str4-sn5640-7,Ethernet312,str4-sn5640-fan-7,Ethernet312,100000,4046,Access,on
str4-sn5640-7,Ethernet313,str4-sn5640-fan-7,Ethernet313,100000,,Access,on
str4-sn5640-7,Ethernet314,str4-sn5640-fan-7,Ethernet314,100000,,Access,on
str4-sn5640-7,Ethernet315,str4-sn5640-fan-7,Ethernet315,100000,,Access,on
str4-sn5640-7,Ethernet316,str4-sn5640-fan-7,Ethernet316,100000,,Access,on
str4-sn5640-7,Ethernet317,str4-sn5640-fan-7,Ethernet317,100000,,Access,on
str4-sn5640-7,Ethernet318,str4-sn5640-fan-7,Ethernet318,100000,,Access,on
str4-sn5640-7,Ethernet319,str4-sn5640-fan-7,Ethernet319,100000,,Access,on
str4-sn5640-7,Ethernet320,str4-sn5640-fan-7,Ethernet320,100000,4047,Access,on
str4-sn5640-7,Ethernet321,str4-sn5640-fan-7,Ethernet321,100000,,Access,on
str4-sn5640-7,Ethernet322,str4-sn5640-fan-7,Ethernet322,100000,,Access,on
str4-sn5640-7,Ethernet323,str4-sn5640-fan-7,Ethernet323,100000,,Access,on
str4-sn5640-7,Ethernet324,str4-sn5640-fan-7,Ethernet324,100000,,Access,on
str4-sn5640-7,Ethernet325,str4-sn5640-fan-7,Ethernet325,100000,,Access,on
str4-sn5640-7,Ethernet326,str4-sn5640-fan-7,Ethernet326,100000,,Access,on
str4-sn5640-7,Ethernet327,str4-sn5640-fan-7,Ethernet327,100000,,Access,on
str4-sn5640-7,Ethernet328,str4-sn5640-fan-7,Ethernet328,100000,4048,Access,on
str4-sn5640-7,Ethernet329,str4-sn5640-fan-7,Ethernet329,100000,,Access,on
str4-sn5640-7,Ethernet330,str4-sn5640-fan-7,Ethernet330,100000,,Access,on
str4-sn5640-7,Ethernet331,str4-sn5640-fan-7,Ethernet331,100000,,Access,on
str4-sn5640-7,Ethernet332,str4-sn5640-fan-7,Ethernet332,100000,,Access,on
str4-sn5640-7,Ethernet333,str4-sn5640-fan-7,Ethernet333,100000,,Access,on
str4-sn5640-7,Ethernet334,str4-sn5640-fan-7,Ethernet334,100000,,Access,on
str4-sn5640-7,Ethernet335,str4-sn5640-fan-7,Ethernet335,100000,,Access,on
str4-sn5640-7,Ethernet336,str4-sn5640-fan-7,Ethernet336,100000,4049,Access,on
str4-sn5640-7,Ethernet337,str4-sn5640-fan-7,Ethernet337,100000,,Access,on
str4-sn5640-7,Ethernet338,str4-sn5640-fan-7,Ethernet338,100000,,Access,on
str4-sn5640-7,Ethernet339,str4-sn5640-fan-7,Ethernet339,100000,,Access,on
str4-sn5640-7,Ethernet340,str4-sn5640-fan-7,Ethernet340,100000,,Access,on
str4-sn5640-7,Ethernet341,str4-sn5640-fan-7,Ethernet341,100000,,Access,on
str4-sn5640-7,Ethernet342,str4-sn5640-fan-7,Ethernet342,100000,,Access,on
str4-sn5640-7,Ethernet343,str4-sn5640-fan-7,Ethernet343,100000,,Access,on
str4-sn5640-7,Ethernet344,str4-sn5640-fan-7,Ethernet344,100000,4050,Access,on
str4-sn5640-7,Ethernet345,str4-sn5640-fan-7,Ethernet345,100000,,Access,on
str4-sn5640-7,Ethernet346,str4-sn5640-fan-7,Ethernet346,100000,,Access,on
str4-sn5640-7,Ethernet347,str4-sn5640-fan-7,Ethernet347,100000,,Access,on
str4-sn5640-7,Ethernet348,str4-sn5640-fan-7,Ethernet348,100000,,Access,on
str4-sn5640-7,Ethernet349,str4-sn5640-fan-7,Ethernet349,100000,,Access,on
str4-sn5640-7,Ethernet350,str4-sn5640-fan-7,Ethernet350,100000,,Access,on
str4-sn5640-7,Ethernet351,str4-sn5640-fan-7,Ethernet351,100000,,Access,on
str4-sn5640-7,Ethernet352,str4-sn5640-fan-7,Ethernet352,100000,4051,Access,on
str4-sn5640-7,Ethernet353,str4-sn5640-fan-7,Ethernet353,100000,,Access,on
str4-sn5640-7,Ethernet354,str4-sn5640-fan-7,Ethernet354,100000,,Access,on
str4-sn5640-7,Ethernet355,str4-sn5640-fan-7,Ethernet355,100000,,Access,on
str4-sn5640-7,Ethernet356,str4-sn5640-fan-7,Ethernet356,100000,,Access,on
str4-sn5640-7,Ethernet357,str4-sn5640-fan-7,Ethernet357,100000,,Access,on
str4-sn5640-7,Ethernet358,str4-sn5640-fan-7,Ethernet358,100000,,Access,on
str4-sn5640-7,Ethernet359,str4-sn5640-fan-7,Ethernet359,100000,,Access,on
str4-sn5640-7,Ethernet360,str4-sn5640-fan-7,Ethernet360,100000,4052,Access,on
str4-sn5640-7,Ethernet361,str4-sn5640-fan-7,Ethernet361,100000,,Access,on
str4-sn5640-7,Ethernet362,str4-sn5640-fan-7,Ethernet362,100000,,Access,on
str4-sn5640-7,Ethernet363,str4-sn5640-fan-7,Ethernet363,100000,,Access,on
str4-sn5640-7,Ethernet364,str4-sn5640-fan-7,Ethernet364,100000,,Access,on
str4-sn5640-7,Ethernet365,str4-sn5640-fan-7,Ethernet365,100000,,Access,on
str4-sn5640-7,Ethernet366,str4-sn5640-fan-7,Ethernet366,100000,,Access,on
str4-sn5640-7,Ethernet367,str4-sn5640-fan-7,Ethernet367,100000,,Access,on
str4-sn5640-7,Ethernet368,str4-sn5640-fan-7,Ethernet368,100000,4053,Access,on
str4-sn5640-7,Ethernet369,str4-sn5640-fan-7,Ethernet369,100000,,Access,on
str4-sn5640-7,Ethernet370,str4-sn5640-fan-7,Ethernet370,100000,,Access,on
str4-sn5640-7,Ethernet371,str4-sn5640-fan-7,Ethernet371,100000,,Access,on
str4-sn5640-7,Ethernet372,str4-sn5640-fan-7,Ethernet372,100000,,Access,on
str4-sn5640-7,Ethernet373,str4-sn5640-fan-7,Ethernet373,100000,,Access,on
str4-sn5640-7,Ethernet374,str4-sn5640-fan-7,Ethernet374,100000,,Access,on
str4-sn5640-7,Ethernet375,str4-sn5640-fan-7,Ethernet375,100000,,Access,on
str4-sn5640-7,Ethernet376,str4-sn5640-fan-7,Ethernet376,100000,4054,Access,on
str4-sn5640-7,Ethernet377,str4-sn5640-fan-7,Ethernet377,100000,,Access,on
str4-sn5640-7,Ethernet378,str4-sn5640-fan-7,Ethernet378,100000,,Access,on
str4-sn5640-7,Ethernet379,str4-sn5640-fan-7,Ethernet379,100000,,Access,on
str4-sn5640-7,Ethernet380,str4-sn5640-fan-7,Ethernet380,100000,,Access,on
str4-sn5640-7,Ethernet381,str4-sn5640-fan-7,Ethernet381,100000,,Access,on
str4-sn5640-7,Ethernet382,str4-sn5640-fan-7,Ethernet382,100000,,Access,on
str4-sn5640-7,Ethernet383,str4-sn5640-fan-7,Ethernet383,100000,,Access,on
str4-sn5640-7,Ethernet384,str4-sn5640-fan-7,Ethernet384,100000,4055,Access,on
str4-sn5640-7,Ethernet385,str4-sn5640-fan-7,Ethernet385,100000,,Access,on
str4-sn5640-7,Ethernet386,str4-sn5640-fan-7,Ethernet386,100000,,Access,on
str4-sn5640-7,Ethernet387,str4-sn5640-fan-7,Ethernet387,100000,,Access,on
str4-sn5640-7,Ethernet388,str4-sn5640-fan-7,Ethernet388,100000,,Access,on
str4-sn5640-7,Ethernet389,str4-sn5640-fan-7,Ethernet389,100000,,Access,on
str4-sn5640-7,Ethernet390,str4-sn5640-fan-7,Ethernet390,100000,,Access,on
str4-sn5640-7,Ethernet391,str4-sn5640-fan-7,Ethernet391,100000,,Access,on
str4-sn5640-7,Ethernet392,str4-sn5640-fan-7,Ethernet392,100000,4056,Access,on
str4-sn5640-7,Ethernet393,str4-sn5640-fan-7,Ethernet393,100000,,Access,on
str4-sn5640-7,Ethernet394,str4-sn5640-fan-7,Ethernet394,100000,,Access,on
str4-sn5640-7,Ethernet395,str4-sn5640-fan-7,Ethernet395,100000,,Access,on
str4-sn5640-7,Ethernet396,str4-sn5640-fan-7,Ethernet396,100000,,Access,on
str4-sn5640-7,Ethernet397,str4-sn5640-fan-7,Ethernet397,100000,,Access,on
str4-sn5640-7,Ethernet398,str4-sn5640-fan-7,Ethernet398,100000,,Access,on
str4-sn5640-7,Ethernet399,str4-sn5640-fan-7,Ethernet399,100000,,Access,on
str4-sn5640-7,Ethernet400,str4-sn5640-fan-7,Ethernet400,100000,4057,Access,on
str4-sn5640-7,Ethernet401,str4-sn5640-fan-7,Ethernet401,100000,,Access,on
str4-sn5640-7,Ethernet402,str4-sn5640-fan-7,Ethernet402,100000,,Access,on
str4-sn5640-7,Ethernet403,str4-sn5640-fan-7,Ethernet403,100000,,Access,on
str4-sn5640-7,Ethernet404,str4-sn5640-fan-7,Ethernet404,100000,,Access,on
str4-sn5640-7,Ethernet405,str4-sn5640-fan-7,Ethernet405,100000,,Access,on
str4-sn5640-7,Ethernet406,str4-sn5640-fan-7,Ethernet406,100000,,Access,on
str4-sn5640-7,Ethernet407,str4-sn5640-fan-7,Ethernet407,100000,,Access,on
str4-sn5640-7,Ethernet408,str4-sn5640-fan-7,Ethernet408,100000,4058,Access,on
str4-sn5640-7,Ethernet409,str4-sn5640-fan-7,Ethernet409,100000,,Access,on
str4-sn5640-7,Ethernet410,str4-sn5640-fan-7,Ethernet410,100000,,Access,on
str4-sn5640-7,Ethernet411,str4-sn5640-fan-7,Ethernet411,100000,,Access,on
str4-sn5640-7,Ethernet412,str4-sn5640-fan-7,Ethernet412,100000,,Access,on
str4-sn5640-7,Ethernet413,str4-sn5640-fan-7,Ethernet413,100000,,Access,on
str4-sn5640-7,Ethernet414,str4-sn5640-fan-7,Ethernet414,100000,,Access,on
str4-sn5640-7,Ethernet415,str4-sn5640-fan-7,Ethernet415,100000,,Access,on
str4-sn5640-7,Ethernet416,str4-sn5640-fan-7,Ethernet416,100000,4059,Access,on
str4-sn5640-7,Ethernet417,str4-sn5640-fan-7,Ethernet417,100000,,Access,on
str4-sn5640-7,Ethernet418,str4-sn5640-fan-7,Ethernet418,100000,,Access,on
str4-sn5640-7,Ethernet419,str4-sn5640-fan-7,Ethernet419,100000,,Access,on
str4-sn5640-7,Ethernet420,str4-sn5640-fan-7,Ethernet420,100000,,Access,on
str4-sn5640-7,Ethernet421,str4-sn5640-fan-7,Ethernet421,100000,,Access,on
str4-sn5640-7,Ethernet422,str4-sn5640-fan-7,Ethernet422,100000,,Access,on
str4-sn5640-7,Ethernet423,str4-sn5640-fan-7,Ethernet423,100000,,Access,on
str4-sn5640-7,Ethernet424,str4-sn5640-fan-7,Ethernet424,100000,4060,Access,on
str4-sn5640-7,Ethernet425,str4-sn5640-fan-7,Ethernet425,100000,,Access,on
str4-sn5640-7,Ethernet426,str4-sn5640-fan-7,Ethernet426,100000,,Access,on
str4-sn5640-7,Ethernet427,str4-sn5640-fan-7,Ethernet427,100000,,Access,on
str4-sn5640-7,Ethernet428,str4-sn5640-fan-7,Ethernet428,100000,,Access,on
str4-sn5640-7,Ethernet429,str4-sn5640-fan-7,Ethernet429,100000,,Access,on
str4-sn5640-7,Ethernet430,str4-sn5640-fan-7,Ethernet430,100000,,Access,on
str4-sn5640-7,Ethernet431,str4-sn5640-fan-7,Ethernet431,100000,,Access,on
str4-sn5640-7,Ethernet432,str4-sn5640-fan-7,Ethernet432,100000,4061,Access,on
str4-sn5640-7,Ethernet433,str4-sn5640-fan-7,Ethernet433,100000,,Access,on
str4-sn5640-7,Ethernet434,str4-sn5640-fan-7,Ethernet434,100000,,Access,on
str4-sn5640-7,Ethernet435,str4-sn5640-fan-7,Ethernet435,100000,,Access,on
str4-sn5640-7,Ethernet436,str4-sn5640-fan-7,Ethernet436,100000,,Access,on
str4-sn5640-7,Ethernet437,str4-sn5640-fan-7,Ethernet437,100000,,Access,on
str4-sn5640-7,Ethernet438,str4-sn5640-fan-7,Ethernet438,100000,,Access,on
str4-sn5640-7,Ethernet439,str4-sn5640-fan-7,Ethernet439,100000,,Access,on
str4-sn5640-7,Ethernet440,str4-sn5640-fan-7,Ethernet440,100000,4062,Access,on
str4-sn5640-7,Ethernet441,str4-sn5640-fan-7,Ethernet441,100000,,Access,on
str4-sn5640-7,Ethernet442,str4-sn5640-fan-7,Ethernet442,100000,,Access,on
str4-sn5640-7,Ethernet443,str4-sn5640-fan-7,Ethernet443,100000,,Access,on
str4-sn5640-7,Ethernet444,str4-sn5640-fan-7,Ethernet444,100000,,Access,on
str4-sn5640-7,Ethernet445,str4-sn5640-fan-7,Ethernet445,100000,,Access,on
str4-sn5640-7,Ethernet446,str4-sn5640-fan-7,Ethernet446,100000,,Access,on
str4-sn5640-7,Ethernet447,str4-sn5640-fan-7,Ethernet447,100000,,Access,on
str4-sn5640-7,Ethernet448,str4-sn5640-fan-7,Ethernet448,100000,4063,Access,on
str4-sn5640-7,Ethernet449,str4-sn5640-fan-7,Ethernet449,100000,,Access,on
str4-sn5640-7,Ethernet450,str4-sn5640-fan-7,Ethernet450,100000,,Access,on
str4-sn5640-7,Ethernet451,str4-sn5640-fan-7,Ethernet451,100000,,Access,on
str4-sn5640-7,Ethernet452,str4-sn5640-fan-7,Ethernet452,100000,,Access,on
str4-sn5640-7,Ethernet453,str4-sn5640-fan-7,Ethernet453,100000,,Access,on
str4-sn5640-7,Ethernet454,str4-sn5640-fan-7,Ethernet454,100000,,Access,on
str4-sn5640-7,Ethernet455,str4-sn5640-fan-7,Ethernet455,100000,,Access,on
str4-sn5640-7,Ethernet456,str4-sn5640-fan-7,Ethernet456,100000,4064,Access,on
str4-sn5640-7,Ethernet457,str4-sn5640-fan-7,Ethernet457,100000,,Access,on
str4-sn5640-7,Ethernet458,str4-sn5640-fan-7,Ethernet458,100000,,Access,on
str4-sn5640-7,Ethernet459,str4-sn5640-fan-7,Ethernet459,100000,,Access,on
str4-sn5640-7,Ethernet460,str4-sn5640-fan-7,Ethernet460,100000,,Access,on
str4-sn5640-7,Ethernet461,str4-sn5640-fan-7,Ethernet461,100000,,Access,on
str4-sn5640-7,Ethernet462,str4-sn5640-fan-7,Ethernet462,100000,,Access,on
str4-sn5640-7,Ethernet463,str4-sn5640-fan-7,Ethernet463,100000,,Access,on
str4-sn5640-7,Ethernet464,str4-sn5640-fan-7,Ethernet464,100000,4065,Access,on
str4-sn5640-7,Ethernet465,str4-sn5640-fan-7,Ethernet465,100000,,Access,on
str4-sn5640-7,Ethernet466,str4-sn5640-fan-7,Ethernet466,100000,,Access,on
str4-sn5640-7,Ethernet467,str4-sn5640-fan-7,Ethernet467,100000,,Access,on
str4-sn5640-7,Ethernet468,str4-sn5640-fan-7,Ethernet468,100000,,Access,on
str4-sn5640-7,Ethernet469,str4-sn5640-fan-7,Ethernet469,100000,,Access,on
str4-sn5640-7,Ethernet470,str4-sn5640-fan-7,Ethernet470,100000,,Access,on
str4-sn5640-7,Ethernet471,str4-sn5640-fan-7,Ethernet471,100000,,Access,on
str4-sn5640-7,Ethernet472,str4-sn5640-fan-7,Ethernet472,100000,4066,Access,on
str4-sn5640-7,Ethernet473,str4-sn5640-fan-7,Ethernet473,100000,,Access,on
str4-sn5640-7,Ethernet474,str4-sn5640-fan-7,Ethernet474,100000,,Access,on
str4-sn5640-7,Ethernet475,str4-sn5640-fan-7,Ethernet475,100000,,Access,on
str4-sn5640-7,Ethernet476,str4-sn5640-fan-7,Ethernet476,100000,,Access,on
str4-sn5640-7,Ethernet477,str4-sn5640-fan-7,Ethernet477,100000,,Access,on
str4-sn5640-7,Ethernet478,str4-sn5640-fan-7,Ethernet478,100000,,Access,on
str4-sn5640-7,Ethernet479,str4-sn5640-fan-7,Ethernet479,100000,,Access,on
str4-sn5640-7,Ethernet480,str4-sn5640-fan-7,Ethernet480,100000,4067,Access,on
str4-sn5640-7,Ethernet481,str4-sn5640-fan-7,Ethernet481,100000,,Access,on
str4-sn5640-7,Ethernet482,str4-sn5640-fan-7,Ethernet482,100000,,Access,on
str4-sn5640-7,Ethernet483,str4-sn5640-fan-7,Ethernet483,100000,,Access,on
str4-sn5640-7,Ethernet484,str4-sn5640-fan-7,Ethernet484,100000,,Access,on
str4-sn5640-7,Ethernet485,str4-sn5640-fan-7,Ethernet485,100000,,Access,on
str4-sn5640-7,Ethernet486,str4-sn5640-fan-7,Ethernet486,100000,,Access,on
str4-sn5640-7,Ethernet487,str4-sn5640-fan-7,Ethernet487,100000,,Access,on
str4-sn5640-7,Ethernet488,str4-sn5640-fan-7,Ethernet488,100000,4068,Access,on
str4-sn5640-7,Ethernet489,str4-sn5640-fan-7,Ethernet489,100000,,Access,on
str4-sn5640-7,Ethernet490,str4-sn5640-fan-7,Ethernet490,100000,,Access,on
str4-sn5640-7,Ethernet491,str4-sn5640-fan-7,Ethernet491,100000,,Access,on
str4-sn5640-7,Ethernet492,str4-sn5640-fan-7,Ethernet492,100000,,Access,on
str4-sn5640-7,Ethernet493,str4-sn5640-fan-7,Ethernet493,100000,,Access,on
str4-sn5640-7,Ethernet494,str4-sn5640-fan-7,Ethernet494,100000,,Access,on
str4-sn5640-7,Ethernet495,str4-sn5640-fan-7,Ethernet495,100000,,Access,on
str4-sn5640-7,Ethernet496,str4-7060x6-64pe-fan-share-1,Ethernet36,100000,4069,Access,off
str4-sn5640-7,Ethernet497,str4-7060x6-64pe-fan-share-1,Ethernet37,100000,,Access,off
str4-sn5640-7,Ethernet498,str4-7060x6-64pe-fan-share-1,Ethernet38,100000,,Access,off
str4-sn5640-7,Ethernet499,str4-7060x6-64pe-fan-share-1,Ethernet39,100000,,Access,off
str4-sn5640-7,Ethernet500,str4-7060x6-64pe-fan-share-1,Ethernet32,100000,,Access,off
str4-sn5640-7,Ethernet501,str4-7060x6-64pe-fan-share-1,Ethernet33,100000,,Access,off
str4-sn5640-7,Ethernet502,str4-7060x6-64pe-fan-share-1,Ethernet34,100000,,Access,off
str4-sn5640-7,Ethernet503,str4-7060x6-64pe-fan-share-1,Ethernet35,100000,,Access,off
str4-sn5640-7,Ethernet504,str4-sn5640-fan-7,Ethernet504,100000,4070,Access,on
str4-sn5640-7,Ethernet505,str4-sn5640-fan-7,Ethernet505,100000,,Access,on
str4-sn5640-7,Ethernet506,str4-sn5640-fan-7,Ethernet506,100000,,Access,on
str4-sn5640-7,Ethernet507,str4-sn5640-fan-7,Ethernet507,100000,,Access,on
str4-sn5640-7,Ethernet508,str4-sn5640-fan-7,Ethernet508,100000,,Access,on
str4-sn5640-7,Ethernet509,str4-sn5640-fan-7,Ethernet509,100000,,Access,on
str4-sn5640-7,Ethernet510,str4-sn5640-fan-7,Ethernet510,100000,,Access,on
str4-sn5640-7,Ethernet511,str4-sn5640-fan-7,Ethernet511,100000,,Access,on
str4-sn5640-7,Ethernet512,str4-sn5640-fan-7,Ethernet512,10000,4071,Access,
str4-sn5640-7,Ethernet520,str4-sn5640-fan-7,Ethernet520,10000,4072,Access,on
str4-7060x6-512-8,Ethernet0,str4-7060x6-64pe-fan-13,Ethernet0,800000,3810,Access,
str4-7060x6-512-8,Ethernet8,str4-7060x6-64pe-fan-13,Ethernet8,800000,3811,Access,
str4-7060x6-512-8,Ethernet16,str4-7060x6-64pe-fan-13,Ethernet16,800000,3812,Access,
str4-7060x6-512-8,Ethernet24,str4-7060x6-64pe-fan-13,Ethernet24,800000,3813,Access,
str4-7060x6-512-8,Ethernet32,str4-7060x6-64pe-fan-13,Ethernet32,800000,3814,Access,
str4-7060x6-512-8,Ethernet40,str4-7060x6-64pe-fan-13,Ethernet40,800000,3815,Access,
str4-7060x6-512-8,Ethernet48,str4-7060x6-64pe-fan-13,Ethernet48,800000,3816,Access,
str4-7060x6-512-8,Ethernet56,str4-7060x6-64pe-fan-13,Ethernet56,800000,3817,Access,
str4-7060x6-512-8,Ethernet64,str4-7060x6-64pe-fan-13,Ethernet64,800000,3818,Access,
str4-7060x6-512-8,Ethernet72,str4-7060x6-64pe-fan-13,Ethernet72,800000,3819,Access,
str4-7060x6-512-8,Ethernet80,str4-7060x6-64pe-fan-13,Ethernet80,800000,3820,Access,
str4-7060x6-512-8,Ethernet88,str4-7060x6-64pe-fan-13,Ethernet88,800000,3821,Access,
str4-7060x6-512-8,Ethernet96,str4-7060x6-64pe-fan-13,Ethernet96,800000,3822,Access,
str4-7060x6-512-8,Ethernet104,str4-7060x6-64pe-fan-13,Ethernet104,800000,3823,Access,
str4-7060x6-512-8,Ethernet112,str4-7060x6-64pe-fan-13,Ethernet112,800000,3824,Access,
str4-7060x6-512-8,Ethernet120,str4-7060x6-64pe-fan-13,Ethernet120,800000,3825,Access,
str4-7060x6-512-8,Ethernet128,str4-7060x6-64pe-fan-13,Ethernet128,800000,3826,Access,
str4-7060x6-512-8,Ethernet136,str4-7060x6-64pe-fan-13,Ethernet136,800000,3827,Access,
str4-7060x6-512-8,Ethernet144,str4-7060x6-64pe-fan-13,Ethernet144,800000,3828,Access,
str4-7060x6-512-8,Ethernet152,str4-7060x6-64pe-fan-13,Ethernet152,800000,3829,Access,
str4-7060x6-512-8,Ethernet160,str4-7060x6-64pe-fan-13,Ethernet160,800000,3830,Access,
str4-7060x6-512-8,Ethernet168,str4-7060x6-64pe-fan-13,Ethernet168,800000,3831,Access,
str4-7060x6-512-8,Ethernet176,str4-7060x6-64pe-fan-13,Ethernet176,800000,3832,Access,
str4-7060x6-512-8,Ethernet184,str4-7060x6-64pe-fan-13,Ethernet184,800000,3833,Access,
str4-7060x6-512-8,Ethernet192,str4-7060x6-64pe-fan-13,Ethernet192,800000,3834,Access,
str4-7060x6-512-8,Ethernet200,str4-7060x6-64pe-fan-13,Ethernet200,800000,3835,Access,
str4-7060x6-512-8,Ethernet208,str4-7060x6-64pe-fan-13,Ethernet208,800000,3836,Access,
str4-7060x6-512-8,Ethernet216,str4-7060x6-64pe-fan-13,Ethernet216,800000,3837,Access,
str4-7060x6-512-8,Ethernet224,str4-7060x6-64pe-fan-13,Ethernet224,800000,3838,Access,
str4-7060x6-512-8,Ethernet232,str4-7060x6-64pe-fan-13,Ethernet232,800000,3839,Access,
str4-7060x6-512-8,Ethernet248,str4-7060x6-64pe-fan-13,Ethernet248,800000,3841,Access,
str4-7060x6-512-8,Ethernet256,str4-7060x6-64pe-fan-13,Ethernet256,400000,3842,Access,
str4-7060x6-512-8,Ethernet260,str4-7060x6-64pe-fan-13,Ethernet260,400000,3843,Access,
str4-7060x6-512-8,Ethernet264,str4-7060x6-64pe-fan-13,Ethernet264,400000,3844,Access,
str4-7060x6-512-8,Ethernet268,str4-7060x6-64pe-fan-13,Ethernet268,400000,3845,Access,
str4-7060x6-512-8,Ethernet272,str4-7060x6-64pe-fan-13,Ethernet272,400000,3846,Access,
str4-7060x6-512-8,Ethernet276,str4-7060x6-64pe-fan-13,Ethernet276,400000,3847,Access,
str4-7060x6-512-8,Ethernet280,str4-7060x6-64pe-fan-13,Ethernet280,400000,3848,Access,
str4-7060x6-512-8,Ethernet284,str4-7060x6-64pe-fan-13,Ethernet284,400000,3849,Access,
str4-7060x6-512-8,Ethernet288,str4-7060x6-64pe-fan-13,Ethernet288,400000,3850,Access,
str4-7060x6-512-8,Ethernet292,str4-7060x6-64pe-fan-13,Ethernet292,400000,3851,Access,
str4-7060x6-512-8,Ethernet296,str4-7060x6-64pe-fan-13,Ethernet296,400000,3852,Access,
str4-7060x6-512-8,Ethernet300,str4-7060x6-64pe-fan-13,Ethernet300,400000,3853,Access,
str4-7060x6-512-8,Ethernet304,str4-7060x6-64pe-fan-13,Ethernet304,400000,3854,Access,
str4-7060x6-512-8,Ethernet308,str4-7060x6-64pe-fan-13,Ethernet308,400000,3855,Access,
str4-7060x6-512-8,Ethernet312,str4-7060x6-64pe-fan-13,Ethernet312,400000,3856,Access,
str4-7060x6-512-8,Ethernet316,str4-7060x6-64pe-fan-13,Ethernet316,400000,3857,Access,
str4-7060x6-512-8,Ethernet320,str4-7060x6-64pe-fan-13,Ethernet320,400000,3858,Access,
str4-7060x6-512-8,Ethernet324,str4-7060x6-64pe-fan-13,Ethernet324,400000,3859,Access,
str4-7060x6-512-8,Ethernet328,str4-7060x6-64pe-fan-13,Ethernet328,400000,3860,Access,
str4-7060x6-512-8,Ethernet332,str4-7060x6-64pe-fan-13,Ethernet332,400000,3861,Access,
str4-7060x6-512-8,Ethernet336,str4-7060x6-64pe-fan-13,Ethernet336,400000,3862,Access,
str4-7060x6-512-8,Ethernet340,str4-7060x6-64pe-fan-13,Ethernet340,400000,3863,Access,
str4-7060x6-512-8,Ethernet344,str4-7060x6-64pe-fan-13,Ethernet344,400000,3864,Access,
str4-7060x6-512-8,Ethernet348,str4-7060x6-64pe-fan-13,Ethernet348,400000,3865,Access,
str4-7060x6-512-8,Ethernet352,str4-7060x6-64pe-fan-13,Ethernet352,400000,3866,Access,
str4-7060x6-512-8,Ethernet356,str4-7060x6-64pe-fan-13,Ethernet356,400000,3867,Access,
str4-7060x6-512-8,Ethernet360,str4-7060x6-64pe-fan-13,Ethernet360,400000,3868,Access,
str4-7060x6-512-8,Ethernet364,str4-7060x6-64pe-fan-13,Ethernet364,400000,3869,Access,
str4-7060x6-512-8,Ethernet368,str4-7060x6-64pe-fan-13,Ethernet368,400000,3870,Access,
str4-7060x6-512-8,Ethernet372,str4-7060x6-64pe-fan-13,Ethernet372,400000,3871,Access,
str4-7060x6-512-8,Ethernet376,str4-7060x6-64pe-fan-13,Ethernet376,400000,3872,Access,
str4-7060x6-512-8,Ethernet380,str4-7060x6-64pe-fan-13,Ethernet380,400000,3873,Access,
str4-7060x6-512-8,Ethernet384,str4-7060x6-64pe-fan-13,Ethernet384,400000,3874,Access,
str4-7060x6-512-8,Ethernet388,str4-7060x6-64pe-fan-13,Ethernet388,400000,3875,Access,
str4-7060x6-512-8,Ethernet392,str4-7060x6-64pe-fan-13,Ethernet392,400000,3876,Access,
str4-7060x6-512-8,Ethernet396,str4-7060x6-64pe-fan-13,Ethernet396,400000,3877,Access,
str4-7060x6-512-8,Ethernet400,str4-7060x6-64pe-fan-13,Ethernet400,400000,3878,Access,
str4-7060x6-512-8,Ethernet404,str4-7060x6-64pe-fan-13,Ethernet404,400000,3879,Access,
str4-7060x6-512-8,Ethernet408,str4-7060x6-64pe-fan-13,Ethernet408,400000,3880,Access,
str4-7060x6-512-8,Ethernet412,str4-7060x6-64pe-fan-13,Ethernet412,400000,3881,Access,
str4-7060x6-512-8,Ethernet416,str4-7060x6-64pe-fan-13,Ethernet416,400000,3882,Access,
str4-7060x6-512-8,Ethernet420,str4-7060x6-64pe-fan-13,Ethernet420,400000,3883,Access,
str4-7060x6-512-8,Ethernet424,str4-7060x6-64pe-fan-13,Ethernet424,400000,3884,Access,
str4-7060x6-512-8,Ethernet428,str4-7060x6-64pe-fan-13,Ethernet428,400000,3885,Access,
str4-7060x6-512-8,Ethernet432,str4-7060x6-64pe-fan-13,Ethernet432,400000,3886,Access,
str4-7060x6-512-8,Ethernet436,str4-7060x6-64pe-fan-13,Ethernet436,400000,3887,Access,
str4-7060x6-512-8,Ethernet440,str4-7060x6-64pe-fan-13,Ethernet440,400000,3888,Access,
str4-7060x6-512-8,Ethernet444,str4-7060x6-64pe-fan-13,Ethernet444,400000,3889,Access,
str4-7060x6-512-8,Ethernet448,str4-7060x6-64pe-fan-13,Ethernet448,400000,3890,Access,
str4-7060x6-512-8,Ethernet452,str4-7060x6-64pe-fan-13,Ethernet452,400000,3891,Access,
str4-7060x6-512-8,Ethernet456,str4-7060x6-64pe-fan-13,Ethernet456,400000,3892,Access,
str4-7060x6-512-8,Ethernet460,str4-7060x6-64pe-fan-13,Ethernet460,400000,3893,Access,
str4-7060x6-512-8,Ethernet464,str4-7060x6-64pe-fan-13,Ethernet464,400000,3894,Access,
str4-7060x6-512-8,Ethernet468,str4-7060x6-64pe-fan-13,Ethernet468,400000,3895,Access,
str4-7060x6-512-8,Ethernet472,str4-7060x6-64pe-fan-13,Ethernet472,400000,3896,Access,
str4-7060x6-512-8,Ethernet476,str4-7060x6-64pe-fan-13,Ethernet476,400000,3897,Access,
str4-7060x6-512-8,Ethernet480,str4-7060x6-64pe-fan-13,Ethernet480,400000,3898,Access,
str4-7060x6-512-8,Ethernet484,str4-7060x6-64pe-fan-13,Ethernet484,400000,3899,Access,
str4-7060x6-512-8,Ethernet488,str4-7060x6-64pe-fan-13,Ethernet488,400000,3900,Access,
str4-7060x6-512-8,Ethernet492,str4-7060x6-64pe-fan-13,Ethernet492,400000,3901,Access,
str4-7060x6-512-8,Ethernet496,str4-7060x6-64pe-fan-13,Ethernet496,400000,3902,Access,
str4-7060x6-512-8,Ethernet500,str4-7060x6-64pe-fan-13,Ethernet500,400000,3903,Access,
str4-7060x6-512-8,Ethernet504,str4-7060x6-64pe-fan-13,Ethernet504,400000,3904,Access,
str4-7060x6-512-8,Ethernet508,str4-7060x6-64pe-fan-13,Ethernet508,400000,3905,Access,
str4-7060x6-512-9,Ethernet0,str4-7060x6-64pe-fan-14,Ethernet0,800000,500,Access,
str4-7060x6-512-9,Ethernet8,str4-7060x6-64pe-fan-14,Ethernet8,800000,501,Access,
str4-7060x6-512-9,Ethernet16,str4-7060x6-64pe-fan-14,Ethernet16,800000,502,Access,
str4-7060x6-512-9,Ethernet24,str4-7060x6-64pe-fan-14,Ethernet24,800000,503,Access,
str4-7060x6-512-9,Ethernet32,str4-7060x6-64pe-fan-14,Ethernet32,800000,504,Access,
str4-7060x6-512-9,Ethernet40,str4-7060x6-64pe-fan-14,Ethernet40,800000,505,Access,
str4-7060x6-512-9,Ethernet48,str4-7060x6-64pe-fan-14,Ethernet48,800000,506,Access,
str4-7060x6-512-9,Ethernet56,str4-7060x6-64pe-fan-14,Ethernet56,800000,507,Access,
str4-7060x6-512-9,Ethernet64,str4-7060x6-64pe-fan-14,Ethernet64,800000,508,Access,
str4-7060x6-512-9,Ethernet72,str4-7060x6-64pe-fan-14,Ethernet72,800000,509,Access,
str4-7060x6-512-9,Ethernet80,str4-7060x6-64pe-fan-14,Ethernet80,800000,510,Access,
str4-7060x6-512-9,Ethernet88,str4-7060x6-64pe-fan-14,Ethernet88,800000,511,Access,
str4-7060x6-512-9,Ethernet96,str4-7060x6-64pe-fan-14,Ethernet96,800000,512,Access,
str4-7060x6-512-9,Ethernet104,str4-7060x6-64pe-fan-14,Ethernet104,800000,513,Access,
str4-7060x6-512-9,Ethernet112,str4-7060x6-64pe-fan-14,Ethernet112,800000,514,Access,
str4-7060x6-512-9,Ethernet120,str4-7060x6-64pe-fan-14,Ethernet120,800000,515,Access,
str4-7060x6-512-9,Ethernet128,str4-7060x6-64pe-fan-14,Ethernet128,800000,516,Access,
str4-7060x6-512-9,Ethernet136,str4-7060x6-64pe-fan-14,Ethernet136,800000,517,Access,
str4-7060x6-512-9,Ethernet144,str4-7060x6-64pe-fan-14,Ethernet144,800000,518,Access,
str4-7060x6-512-9,Ethernet152,str4-7060x6-64pe-fan-14,Ethernet152,800000,519,Access,
str4-7060x6-512-9,Ethernet160,str4-7060x6-64pe-fan-14,Ethernet160,800000,520,Access,
str4-7060x6-512-9,Ethernet168,str4-7060x6-64pe-fan-14,Ethernet168,800000,521,Access,
str4-7060x6-512-9,Ethernet176,str4-7060x6-64pe-fan-14,Ethernet176,800000,522,Access,
str4-7060x6-512-9,Ethernet184,str4-7060x6-64pe-fan-14,Ethernet184,800000,523,Access,
str4-7060x6-512-9,Ethernet192,str4-7060x6-64pe-fan-14,Ethernet192,800000,524,Access,
str4-7060x6-512-9,Ethernet200,str4-7060x6-64pe-fan-14,Ethernet200,800000,525,Access,
str4-7060x6-512-9,Ethernet208,str4-7060x6-64pe-fan-14,Ethernet208,800000,526,Access,
str4-7060x6-512-9,Ethernet216,str4-7060x6-64pe-fan-14,Ethernet216,800000,527,Access,
str4-7060x6-512-9,Ethernet224,str4-7060x6-64pe-fan-14,Ethernet224,800000,528,Access,
str4-7060x6-512-9,Ethernet232,str4-7060x6-64pe-fan-14,Ethernet232,800000,529,Access,
str4-7060x6-512-9,Ethernet248,str4-7060x6-64pe-fan-14,Ethernet248,800000,530,Access,
str4-7060x6-512-9,Ethernet256,str4-7060x6-64pe-fan-14,Ethernet256,400000,531,Access,
str4-7060x6-512-9,Ethernet260,str4-7060x6-64pe-fan-14,Ethernet260,400000,532,Access,
str4-7060x6-512-9,Ethernet264,str4-7060x6-64pe-fan-14,Ethernet264,400000,533,Access,
str4-7060x6-512-9,Ethernet268,str4-7060x6-64pe-fan-14,Ethernet268,400000,534,Access,
str4-7060x6-512-9,Ethernet272,str4-7060x6-64pe-fan-14,Ethernet272,400000,535,Access,
str4-7060x6-512-9,Ethernet276,str4-7060x6-64pe-fan-14,Ethernet276,400000,536,Access,
str4-7060x6-512-9,Ethernet280,str4-7060x6-64pe-fan-14,Ethernet280,400000,537,Access,
str4-7060x6-512-9,Ethernet284,str4-7060x6-64pe-fan-14,Ethernet284,400000,538,Access,
str4-7060x6-512-9,Ethernet288,str4-7060x6-64pe-fan-14,Ethernet288,400000,539,Access,
str4-7060x6-512-9,Ethernet292,str4-7060x6-64pe-fan-14,Ethernet292,400000,540,Access,
str4-7060x6-512-9,Ethernet296,str4-7060x6-64pe-fan-14,Ethernet296,400000,541,Access,
str4-7060x6-512-9,Ethernet300,str4-7060x6-64pe-fan-14,Ethernet300,400000,542,Access,
str4-7060x6-512-9,Ethernet304,str4-7060x6-64pe-fan-14,Ethernet304,400000,543,Access,
str4-7060x6-512-9,Ethernet308,str4-7060x6-64pe-fan-14,Ethernet308,400000,544,Access,
str4-7060x6-512-9,Ethernet312,str4-7060x6-64pe-fan-14,Ethernet312,400000,545,Access,
str4-7060x6-512-9,Ethernet316,str4-7060x6-64pe-fan-14,Ethernet316,400000,546,Access,
str4-7060x6-512-9,Ethernet320,str4-7060x6-64pe-fan-14,Ethernet320,400000,547,Access,
str4-7060x6-512-9,Ethernet324,str4-7060x6-64pe-fan-14,Ethernet324,400000,548,Access,
str4-7060x6-512-9,Ethernet328,str4-7060x6-64pe-fan-14,Ethernet328,400000,549,Access,
str4-7060x6-512-9,Ethernet332,str4-7060x6-64pe-fan-14,Ethernet332,400000,550,Access,
str4-7060x6-512-9,Ethernet336,str4-7060x6-64pe-fan-14,Ethernet336,400000,551,Access,
str4-7060x6-512-9,Ethernet340,str4-7060x6-64pe-fan-14,Ethernet340,400000,552,Access,
str4-7060x6-512-9,Ethernet344,str4-7060x6-64pe-fan-14,Ethernet344,400000,553,Access,
str4-7060x6-512-9,Ethernet348,str4-7060x6-64pe-fan-14,Ethernet348,400000,554,Access,
str4-7060x6-512-9,Ethernet352,str4-7060x6-64pe-fan-14,Ethernet352,400000,555,Access,
str4-7060x6-512-9,Ethernet356,str4-7060x6-64pe-fan-14,Ethernet356,400000,556,Access,
str4-7060x6-512-9,Ethernet360,str4-7060x6-64pe-fan-14,Ethernet360,400000,557,Access,
str4-7060x6-512-9,Ethernet364,str4-7060x6-64pe-fan-14,Ethernet364,400000,558,Access,
str4-7060x6-512-9,Ethernet368,str4-7060x6-64pe-fan-14,Ethernet368,400000,559,Access,
str4-7060x6-512-9,Ethernet372,str4-7060x6-64pe-fan-14,Ethernet372,400000,560,Access,
str4-7060x6-512-9,Ethernet376,str4-7060x6-64pe-fan-14,Ethernet376,400000,561,Access,
str4-7060x6-512-9,Ethernet380,str4-7060x6-64pe-fan-14,Ethernet380,400000,562,Access,
str4-7060x6-512-9,Ethernet384,str4-7060x6-64pe-fan-14,Ethernet384,400000,563,Access,
str4-7060x6-512-9,Ethernet388,str4-7060x6-64pe-fan-14,Ethernet388,400000,564,Access,
str4-7060x6-512-9,Ethernet392,str4-7060x6-64pe-fan-14,Ethernet392,400000,565,Access,
str4-7060x6-512-9,Ethernet396,str4-7060x6-64pe-fan-14,Ethernet396,400000,566,Access,
str4-7060x6-512-9,Ethernet400,str4-7060x6-64pe-fan-14,Ethernet400,400000,567,Access,
str4-7060x6-512-9,Ethernet404,str4-7060x6-64pe-fan-14,Ethernet404,400000,568,Access,
str4-7060x6-512-9,Ethernet408,str4-7060x6-64pe-fan-14,Ethernet408,400000,569,Access,
str4-7060x6-512-9,Ethernet412,str4-7060x6-64pe-fan-14,Ethernet412,400000,570,Access,
str4-7060x6-512-9,Ethernet416,str4-7060x6-64pe-fan-14,Ethernet416,400000,571,Access,
str4-7060x6-512-9,Ethernet420,str4-7060x6-64pe-fan-14,Ethernet420,400000,572,Access,
str4-7060x6-512-9,Ethernet424,str4-7060x6-64pe-fan-14,Ethernet424,400000,573,Access,
str4-7060x6-512-9,Ethernet428,str4-7060x6-64pe-fan-14,Ethernet428,400000,574,Access,
str4-7060x6-512-9,Ethernet432,str4-7060x6-64pe-fan-14,Ethernet432,400000,575,Access,
str4-7060x6-512-9,Ethernet436,str4-7060x6-64pe-fan-14,Ethernet436,400000,576,Access,
str4-7060x6-512-9,Ethernet440,str4-7060x6-64pe-fan-14,Ethernet440,400000,577,Access,
str4-7060x6-512-9,Ethernet444,str4-7060x6-64pe-fan-14,Ethernet444,400000,578,Access,
str4-7060x6-512-9,Ethernet448,str4-7060x6-64pe-fan-14,Ethernet448,400000,579,Access,
str4-7060x6-512-9,Ethernet452,str4-7060x6-64pe-fan-14,Ethernet452,400000,580,Access,
str4-7060x6-512-9,Ethernet456,str4-7060x6-64pe-fan-14,Ethernet456,400000,581,Access,
str4-7060x6-512-9,Ethernet460,str4-7060x6-64pe-fan-14,Ethernet460,400000,582,Access,
str4-7060x6-512-9,Ethernet464,str4-7060x6-64pe-fan-14,Ethernet464,400000,583,Access,
str4-7060x6-512-9,Ethernet468,str4-7060x6-64pe-fan-14,Ethernet468,400000,584,Access,
str4-7060x6-512-9,Ethernet472,str4-7060x6-64pe-fan-14,Ethernet472,400000,585,Access,
str4-7060x6-512-9,Ethernet476,str4-7060x6-64pe-fan-14,Ethernet476,400000,586,Access,
str4-7060x6-512-9,Ethernet480,str4-7060x6-64pe-fan-14,Ethernet480,400000,587,Access,
str4-7060x6-512-9,Ethernet484,str4-7060x6-64pe-fan-14,Ethernet484,400000,588,Access,
str4-7060x6-512-9,Ethernet488,str4-7060x6-64pe-fan-14,Ethernet488,400000,589,Access,
str4-7060x6-512-9,Ethernet492,str4-7060x6-64pe-fan-14,Ethernet492,400000,590,Access,
str4-7060x6-512-9,Ethernet496,str4-7060x6-64pe-fan-14,Ethernet496,400000,591,Access,
str4-7060x6-512-9,Ethernet500,str4-7060x6-64pe-fan-14,Ethernet500,400000,592,Access,
str4-7060x6-512-9,Ethernet504,str4-7060x6-64pe-fan-14,Ethernet504,400000,593,Access,
str4-7060x6-512-9,Ethernet508,str4-7060x6-64pe-fan-14,Ethernet508,400000,594,Access,
str4-7060x6-512-4,Ethernet0,str4-7060x6-64pe-fan-5,Ethernet0,800000,3910,Access,
str4-7060x6-512-4,Ethernet8,str4-7060x6-64pe-fan-5,Ethernet8,800000,3911,Access,
str4-7060x6-512-4,Ethernet16,str4-7060x6-64pe-fan-5,Ethernet16,800000,3912,Access,
str4-7060x6-512-4,Ethernet24,str4-7060x6-64pe-fan-5,Ethernet24,800000,3913,Access,
str4-7060x6-512-4,Ethernet32,str4-7060x6-64pe-fan-5,Ethernet32,800000,3914,Access,
str4-7060x6-512-4,Ethernet40,str4-7060x6-64pe-fan-5,Ethernet40,800000,3915,Access,
str4-7060x6-512-4,Ethernet48,str4-7060x6-64pe-fan-5,Ethernet48,800000,3916,Access,
str4-7060x6-512-4,Ethernet56,str4-7060x6-64pe-fan-5,Ethernet56,800000,3917,Access,
str4-7060x6-512-4,Ethernet64,str4-7060x6-64pe-fan-5,Ethernet64,800000,3918,Access,
str4-7060x6-512-4,Ethernet72,str4-7060x6-64pe-fan-5,Ethernet72,800000,3919,Access,
str4-7060x6-512-4,Ethernet80,str4-7060x6-64pe-fan-5,Ethernet80,800000,3920,Access,
str4-7060x6-512-4,Ethernet88,str4-7060x6-64pe-fan-5,Ethernet88,800000,3921,Access,
str4-7060x6-512-4,Ethernet96,str4-7060x6-64pe-fan-5,Ethernet96,800000,3922,Access,
str4-7060x6-512-4,Ethernet104,str4-7060x6-64pe-fan-5,Ethernet104,800000,3923,Access,
str4-7060x6-512-4,Ethernet112,str4-7060x6-64pe-fan-5,Ethernet112,800000,3924,Access,
str4-7060x6-512-4,Ethernet120,str4-7060x6-64pe-fan-5,Ethernet120,800000,3925,Access,
str4-7060x6-512-4,Ethernet128,str4-7060x6-64pe-fan-5,Ethernet128,800000,3926,Access,
str4-7060x6-512-4,Ethernet136,str4-7060x6-64pe-fan-5,Ethernet136,800000,3927,Access,
str4-7060x6-512-4,Ethernet144,str4-7060x6-64pe-fan-5,Ethernet144,800000,3928,Access,
str4-7060x6-512-4,Ethernet152,str4-7060x6-64pe-fan-5,Ethernet152,800000,3929,Access,
str4-7060x6-512-4,Ethernet160,str4-7060x6-64pe-fan-5,Ethernet160,800000,3930,Access,
str4-7060x6-512-4,Ethernet168,str4-7060x6-64pe-fan-5,Ethernet168,800000,3931,Access,
str4-7060x6-512-4,Ethernet176,str4-7060x6-64pe-fan-5,Ethernet176,800000,3932,Access,
str4-7060x6-512-4,Ethernet184,str4-7060x6-64pe-fan-5,Ethernet184,800000,3933,Access,
str4-7060x6-512-4,Ethernet192,str4-7060x6-64pe-fan-5,Ethernet192,800000,3934,Access,
str4-7060x6-512-4,Ethernet200,str4-7060x6-64pe-fan-5,Ethernet200,800000,3935,Access,
str4-7060x6-512-4,Ethernet208,str4-7060x6-64pe-fan-5,Ethernet208,800000,3936,Access,
str4-7060x6-512-4,Ethernet216,str4-7060x6-64pe-fan-5,Ethernet216,800000,3937,Access,
str4-7060x6-512-4,Ethernet224,str4-7060x6-64pe-fan-5,Ethernet224,800000,3938,Access,
str4-7060x6-512-4,Ethernet232,str4-7060x6-64pe-fan-5,Ethernet232,800000,3939,Access,
str4-7060x6-512-4,Ethernet240,str4-7060x6-64pe-fan-5,Ethernet240,800000,3940,Access,
str4-7060x6-512-4,Ethernet248,str4-7060x6-64pe-fan-5,Ethernet248,800000,3941,Access,
str4-7060x6-512-4,Ethernet256,str4-7060x6-64pe-fan-5,Ethernet256,800000,3942,Access,
str4-7060x6-512-4,Ethernet264,str4-7060x6-64pe-fan-5,Ethernet264,800000,3943,Access,
str4-7060x6-512-4,Ethernet272,str4-7060x6-64pe-fan-5,Ethernet272,800000,3944,Access,
str4-7060x6-512-4,Ethernet280,str4-7060x6-64pe-fan-5,Ethernet280,800000,3945,Access,
str4-7060x6-512-4,Ethernet288,str4-7060x6-64pe-fan-5,Ethernet288,800000,3946,Access,
str4-7060x6-512-4,Ethernet296,str4-7060x6-64pe-fan-5,Ethernet296,800000,3947,Access,
str4-7060x6-512-4,Ethernet304,str4-7060x6-64pe-fan-5,Ethernet304,800000,3974,Access,
str4-7060x6-512-4,Ethernet312,str4-7060x6-64pe-fan-5,Ethernet312,800000,3975,Access,
str4-7060x6-512-4,Ethernet320,str4-7060x6-64pe-fan-5,Ethernet320,800000,3976,Access,
str4-7060x6-512-4,Ethernet328,str4-7060x6-64pe-fan-5,Ethernet328,800000,3977,Access,
str4-7060x6-512-4,Ethernet336,str4-7060x6-64pe-fan-5,Ethernet336,800000,3978,Access,
str4-7060x6-512-4,Ethernet344,str4-7060x6-64pe-fan-5,Ethernet344,800000,3979,Access,
str4-7060x6-512-4,Ethernet352,str4-7060x6-64pe-fan-5,Ethernet352,800000,3980,Access,
str4-7060x6-512-4,Ethernet360,str4-7060x6-64pe-fan-5,Ethernet360,800000,3981,Access,
str4-7060x6-512-4,Ethernet368,str4-7060x6-64pe-fan-5,Ethernet368,800000,3982,Access,
str4-7060x6-512-4,Ethernet376,str4-7060x6-64pe-fan-5,Ethernet376,800000,3957,Access,
str4-7060x6-512-4,Ethernet384,str4-7060x6-64pe-fan-5,Ethernet384,800000,3958,Access,
str4-7060x6-512-4,Ethernet392,str4-7060x6-64pe-fan-5,Ethernet392,800000,3959,Access,
str4-7060x6-512-4,Ethernet400,str4-7060x6-64pe-fan-5,Ethernet400,800000,3960,Access,
str4-7060x6-512-4,Ethernet408,str4-7060x6-64pe-fan-5,Ethernet408,800000,3961,Access,
str4-7060x6-512-4,Ethernet416,str4-7060x6-64pe-fan-5,Ethernet416,800000,3962,Access,
str4-7060x6-512-4,Ethernet424,str4-7060x6-64pe-fan-5,Ethernet424,800000,3963,Access,
str4-7060x6-512-4,Ethernet432,str4-7060x6-64pe-fan-5,Ethernet432,800000,3964,Access,
str4-7060x6-512-4,Ethernet440,str4-7060x6-64pe-fan-5,Ethernet440,800000,3965,Access,
str4-7060x6-512-4,Ethernet448,str4-7060x6-64pe-fan-5,Ethernet448,800000,3966,Access,
str4-7060x6-512-4,Ethernet456,str4-7060x6-64pe-fan-5,Ethernet456,800000,3967,Access,
str4-7060x6-512-4,Ethernet464,str4-7060x6-64pe-fan-5,Ethernet464,800000,3968,Access,
str4-7060x6-512-4,Ethernet472,str4-7060x6-64pe-fan-5,Ethernet472,800000,3969,Access,
str4-7060x6-512-4,Ethernet480,str4-7060x6-64pe-fan-5,Ethernet480,800000,3970,Access,
str4-7060x6-512-4,Ethernet488,str4-7060x6-64pe-fan-5,Ethernet488,800000,3971,Access,
str4-7060x6-512-4,Ethernet496,str4-7060x6-64pe-fan-5,Ethernet496,800000,3972,Access,
str4-7060x6-512-4,Ethernet504,str4-7060x6-64pe-fan-share-1,Ethernet208,800000,3973,Access,off
str4-sn5640-6,Ethernet0,str4-sn5640-fan-6,Ethernet0,100000,2240,Access,on
str4-sn5640-6,Ethernet1,str4-sn5640-fan-6,Ethernet1,100000,,Access,on
str4-sn5640-6,Ethernet2,str4-sn5640-fan-6,Ethernet2,100000,,Access,on
str4-sn5640-6,Ethernet3,str4-sn5640-fan-6,Ethernet3,100000,,Access,on
str4-sn5640-6,Ethernet4,str4-sn5640-fan-6,Ethernet4,100000,,Access,on
str4-sn5640-6,Ethernet5,str4-sn5640-fan-6,Ethernet5,100000,,Access,on
str4-sn5640-6,Ethernet6,str4-sn5640-fan-6,Ethernet6,100000,,Access,on
str4-sn5640-6,Ethernet7,str4-sn5640-fan-6,Ethernet7,100000,,Access,on
str4-sn5640-6,Ethernet8,str4-sn5640-fan-6,Ethernet8,100000,2241,Access,on
str4-sn5640-6,Ethernet9,str4-sn5640-fan-6,Ethernet9,100000,,Access,on
str4-sn5640-6,Ethernet10,str4-sn5640-fan-6,Ethernet10,100000,,Access,on
str4-sn5640-6,Ethernet11,str4-sn5640-fan-6,Ethernet11,100000,,Access,on
str4-sn5640-6,Ethernet12,str4-sn5640-fan-6,Ethernet12,100000,,Access,on
str4-sn5640-6,Ethernet13,str4-sn5640-fan-6,Ethernet13,100000,,Access,on
str4-sn5640-6,Ethernet14,str4-sn5640-fan-6,Ethernet14,100000,,Access,on
str4-sn5640-6,Ethernet15,str4-sn5640-fan-6,Ethernet15,100000,,Access,on
str4-sn5640-6,Ethernet16,str4-sn5640-fan-6,Ethernet16,100000,2242,Access,on
str4-sn5640-6,Ethernet17,str4-sn5640-fan-6,Ethernet17,100000,,Access,on
str4-sn5640-6,Ethernet18,str4-sn5640-fan-6,Ethernet18,100000,,Access,on
str4-sn5640-6,Ethernet19,str4-sn5640-fan-6,Ethernet19,100000,,Access,on
str4-sn5640-6,Ethernet20,str4-sn5640-fan-6,Ethernet20,100000,,Access,on
str4-sn5640-6,Ethernet21,str4-sn5640-fan-6,Ethernet21,100000,,Access,on
str4-sn5640-6,Ethernet22,str4-sn5640-fan-6,Ethernet22,100000,,Access,on
str4-sn5640-6,Ethernet23,str4-sn5640-fan-6,Ethernet23,100000,,Access,on
str4-sn5640-6,Ethernet24,str4-sn5640-fan-6,Ethernet24,100000,2243,Access,on
str4-sn5640-6,Ethernet25,str4-sn5640-fan-6,Ethernet25,100000,,Access,on
str4-sn5640-6,Ethernet26,str4-sn5640-fan-6,Ethernet26,100000,,Access,on
str4-sn5640-6,Ethernet27,str4-sn5640-fan-6,Ethernet27,100000,,Access,on
str4-sn5640-6,Ethernet28,str4-sn5640-fan-6,Ethernet28,100000,,Access,on
str4-sn5640-6,Ethernet29,str4-sn5640-fan-6,Ethernet29,100000,,Access,on
str4-sn5640-6,Ethernet30,str4-sn5640-fan-6,Ethernet30,100000,,Access,on
str4-sn5640-6,Ethernet31,str4-sn5640-fan-6,Ethernet31,100000,,Access,on
str4-sn5640-6,Ethernet32,str4-sn5640-fan-6,Ethernet32,100000,2244,Access,on
str4-sn5640-6,Ethernet33,str4-sn5640-fan-6,Ethernet33,100000,,Access,on
str4-sn5640-6,Ethernet34,str4-sn5640-fan-6,Ethernet34,100000,,Access,on
str4-sn5640-6,Ethernet35,str4-sn5640-fan-6,Ethernet35,100000,,Access,on
str4-sn5640-6,Ethernet36,str4-sn5640-fan-6,Ethernet36,100000,,Access,on
str4-sn5640-6,Ethernet37,str4-sn5640-fan-6,Ethernet37,100000,,Access,on
str4-sn5640-6,Ethernet38,str4-sn5640-fan-6,Ethernet38,100000,,Access,on
str4-sn5640-6,Ethernet39,str4-sn5640-fan-6,Ethernet39,100000,,Access,on
str4-sn5640-6,Ethernet40,str4-sn5640-fan-6,Ethernet40,100000,2245,Access,on
str4-sn5640-6,Ethernet41,str4-sn5640-fan-6,Ethernet41,100000,,Access,on
str4-sn5640-6,Ethernet42,str4-sn5640-fan-6,Ethernet42,100000,,Access,on
str4-sn5640-6,Ethernet43,str4-sn5640-fan-6,Ethernet43,100000,,Access,on
str4-sn5640-6,Ethernet44,str4-sn5640-fan-6,Ethernet44,100000,,Access,on
str4-sn5640-6,Ethernet45,str4-sn5640-fan-6,Ethernet45,100000,,Access,on
str4-sn5640-6,Ethernet46,str4-sn5640-fan-6,Ethernet46,100000,,Access,on
str4-sn5640-6,Ethernet47,str4-sn5640-fan-6,Ethernet47,100000,,Access,on
str4-sn5640-6,Ethernet48,str4-sn5640-fan-6,Ethernet48,100000,2246,Access,on
str4-sn5640-6,Ethernet49,str4-sn5640-fan-6,Ethernet49,100000,,Access,on
str4-sn5640-6,Ethernet50,str4-sn5640-fan-6,Ethernet50,100000,,Access,on
str4-sn5640-6,Ethernet51,str4-sn5640-fan-6,Ethernet51,100000,,Access,on
str4-sn5640-6,Ethernet52,str4-sn5640-fan-6,Ethernet52,100000,,Access,on
str4-sn5640-6,Ethernet53,str4-sn5640-fan-6,Ethernet53,100000,,Access,on
str4-sn5640-6,Ethernet54,str4-sn5640-fan-6,Ethernet54,100000,,Access,on
str4-sn5640-6,Ethernet55,str4-sn5640-fan-6,Ethernet55,100000,,Access,on
str4-sn5640-6,Ethernet56,str4-sn5640-fan-6,Ethernet56,100000,2247,Access,on
str4-sn5640-6,Ethernet57,str4-sn5640-fan-6,Ethernet57,100000,,Access,on
str4-sn5640-6,Ethernet58,str4-sn5640-fan-6,Ethernet58,100000,,Access,on
str4-sn5640-6,Ethernet59,str4-sn5640-fan-6,Ethernet59,100000,,Access,on
str4-sn5640-6,Ethernet60,str4-sn5640-fan-6,Ethernet60,100000,,Access,on
str4-sn5640-6,Ethernet61,str4-sn5640-fan-6,Ethernet61,100000,,Access,on
str4-sn5640-6,Ethernet62,str4-sn5640-fan-6,Ethernet62,100000,,Access,on
str4-sn5640-6,Ethernet63,str4-sn5640-fan-6,Ethernet63,100000,,Access,on
str4-sn5640-6,Ethernet64,str4-sn5640-fan-6,Ethernet64,100000,2248,Access,on
str4-sn5640-6,Ethernet65,str4-sn5640-fan-6,Ethernet65,100000,,Access,on
str4-sn5640-6,Ethernet66,str4-sn5640-fan-6,Ethernet66,100000,,Access,on
str4-sn5640-6,Ethernet67,str4-sn5640-fan-6,Ethernet67,100000,,Access,on
str4-sn5640-6,Ethernet68,str4-sn5640-fan-6,Ethernet68,100000,,Access,on
str4-sn5640-6,Ethernet69,str4-sn5640-fan-6,Ethernet69,100000,,Access,on
str4-sn5640-6,Ethernet70,str4-sn5640-fan-6,Ethernet70,100000,,Access,on
str4-sn5640-6,Ethernet71,str4-sn5640-fan-6,Ethernet71,100000,,Access,on
str4-sn5640-6,Ethernet72,str4-sn5640-fan-6,Ethernet72,100000,2249,Access,on
str4-sn5640-6,Ethernet73,str4-sn5640-fan-6,Ethernet73,100000,,Access,on
str4-sn5640-6,Ethernet74,str4-sn5640-fan-6,Ethernet74,100000,,Access,on
str4-sn5640-6,Ethernet75,str4-sn5640-fan-6,Ethernet75,100000,,Access,on
str4-sn5640-6,Ethernet76,str4-sn5640-fan-6,Ethernet76,100000,,Access,on
str4-sn5640-6,Ethernet77,str4-sn5640-fan-6,Ethernet77,100000,,Access,on
str4-sn5640-6,Ethernet78,str4-sn5640-fan-6,Ethernet78,100000,,Access,on
str4-sn5640-6,Ethernet79,str4-sn5640-fan-6,Ethernet79,100000,,Access,on
str4-sn5640-6,Ethernet80,str4-sn5640-fan-6,Ethernet80,100000,2250,Access,on
str4-sn5640-6,Ethernet81,str4-sn5640-fan-6,Ethernet81,100000,,Access,on
str4-sn5640-6,Ethernet82,str4-sn5640-fan-6,Ethernet82,100000,,Access,on
str4-sn5640-6,Ethernet83,str4-sn5640-fan-6,Ethernet83,100000,,Access,on
str4-sn5640-6,Ethernet84,str4-sn5640-fan-6,Ethernet84,100000,,Access,on
str4-sn5640-6,Ethernet85,str4-sn5640-fan-6,Ethernet85,100000,,Access,on
str4-sn5640-6,Ethernet86,str4-sn5640-fan-6,Ethernet86,100000,,Access,on
str4-sn5640-6,Ethernet87,str4-sn5640-fan-6,Ethernet87,100000,,Access,on
str4-sn5640-6,Ethernet88,str4-sn5640-fan-6,Ethernet88,100000,2251,Access,on
str4-sn5640-6,Ethernet89,str4-sn5640-fan-6,Ethernet89,100000,,Access,on
str4-sn5640-6,Ethernet90,str4-sn5640-fan-6,Ethernet90,100000,,Access,on
str4-sn5640-6,Ethernet91,str4-sn5640-fan-6,Ethernet91,100000,,Access,on
str4-sn5640-6,Ethernet92,str4-sn5640-fan-6,Ethernet92,100000,,Access,on
str4-sn5640-6,Ethernet93,str4-sn5640-fan-6,Ethernet93,100000,,Access,on
str4-sn5640-6,Ethernet94,str4-sn5640-fan-6,Ethernet94,100000,,Access,on
str4-sn5640-6,Ethernet95,str4-sn5640-fan-6,Ethernet95,100000,,Access,on
str4-sn5640-6,Ethernet96,str4-sn5640-fan-6,Ethernet96,400000,2252,Access,on
str4-sn5640-6,Ethernet100,str4-sn5640-fan-6,Ethernet100,400000,2253,Access,on
str4-sn5640-6,Ethernet104,str4-sn5640-fan-6,Ethernet104,400000,2254,Access,on
str4-sn5640-6,Ethernet108,str4-sn5640-fan-6,Ethernet108,400000,2255,Access,on
str4-sn5640-6,Ethernet112,str4-sn5640-fan-6,Ethernet112,100000,2256,Access,on
str4-sn5640-6,Ethernet113,str4-sn5640-fan-6,Ethernet113,100000,,Access,on
str4-sn5640-6,Ethernet114,str4-sn5640-fan-6,Ethernet114,100000,,Access,on
str4-sn5640-6,Ethernet115,str4-sn5640-fan-6,Ethernet115,100000,,Access,on
str4-sn5640-6,Ethernet116,str4-sn5640-fan-6,Ethernet116,100000,,Access,on
str4-sn5640-6,Ethernet117,str4-sn5640-fan-6,Ethernet117,100000,,Access,on
str4-sn5640-6,Ethernet118,str4-sn5640-fan-6,Ethernet118,100000,,Access,on
str4-sn5640-6,Ethernet119,str4-sn5640-fan-6,Ethernet119,100000,,Access,on
str4-sn5640-6,Ethernet120,str4-sn5640-fan-6,Ethernet120,100000,2257,Access,on
str4-sn5640-6,Ethernet121,str4-sn5640-fan-6,Ethernet121,100000,,Access,on
str4-sn5640-6,Ethernet122,str4-sn5640-fan-6,Ethernet122,100000,,Access,on
str4-sn5640-6,Ethernet123,str4-sn5640-fan-6,Ethernet123,100000,,Access,on
str4-sn5640-6,Ethernet124,str4-sn5640-fan-6,Ethernet124,100000,,Access,on
str4-sn5640-6,Ethernet125,str4-sn5640-fan-6,Ethernet125,100000,,Access,on
str4-sn5640-6,Ethernet126,str4-sn5640-fan-6,Ethernet126,100000,,Access,on
str4-sn5640-6,Ethernet127,str4-sn5640-fan-6,Ethernet127,100000,,Access,on
str4-sn5640-6,Ethernet128,str4-sn5640-fan-6,Ethernet128,400000,2258,Access,on
str4-sn5640-6,Ethernet132,str4-sn5640-fan-6,Ethernet132,400000,2259,Access,on
str4-sn5640-6,Ethernet136,str4-sn5640-fan-6,Ethernet136,400000,2260,Access,on
str4-sn5640-6,Ethernet140,str4-sn5640-fan-6,Ethernet140,400000,2261,Access,on
str4-sn5640-6,Ethernet144,str4-sn5640-fan-6,Ethernet144,100000,2262,Access,on
str4-sn5640-6,Ethernet145,str4-sn5640-fan-6,Ethernet145,100000,,Access,on
str4-sn5640-6,Ethernet146,str4-sn5640-fan-6,Ethernet146,100000,,Access,on
str4-sn5640-6,Ethernet147,str4-sn5640-fan-6,Ethernet147,100000,,Access,on
str4-sn5640-6,Ethernet148,str4-sn5640-fan-6,Ethernet148,100000,,Access,on
str4-sn5640-6,Ethernet149,str4-sn5640-fan-6,Ethernet149,100000,,Access,on
str4-sn5640-6,Ethernet150,str4-sn5640-fan-6,Ethernet150,100000,,Access,on
str4-sn5640-6,Ethernet151,str4-sn5640-fan-6,Ethernet151,100000,,Access,on
str4-sn5640-6,Ethernet152,str4-sn5640-fan-6,Ethernet152,100000,2263,Access,on
str4-sn5640-6,Ethernet153,str4-sn5640-fan-6,Ethernet153,100000,,Access,on
str4-sn5640-6,Ethernet154,str4-sn5640-fan-6,Ethernet154,100000,,Access,on
str4-sn5640-6,Ethernet155,str4-sn5640-fan-6,Ethernet155,100000,,Access,on
str4-sn5640-6,Ethernet156,str4-sn5640-fan-6,Ethernet156,100000,,Access,on
str4-sn5640-6,Ethernet157,str4-sn5640-fan-6,Ethernet157,100000,,Access,on
str4-sn5640-6,Ethernet158,str4-sn5640-fan-6,Ethernet158,100000,,Access,on
str4-sn5640-6,Ethernet159,str4-sn5640-fan-6,Ethernet159,100000,,Access,on
str4-sn5640-6,Ethernet160,str4-sn5640-fan-6,Ethernet160,100000,2264,Access,on
str4-sn5640-6,Ethernet161,str4-sn5640-fan-6,Ethernet161,100000,,Access,on
str4-sn5640-6,Ethernet162,str4-sn5640-fan-6,Ethernet162,100000,,Access,on
str4-sn5640-6,Ethernet163,str4-sn5640-fan-6,Ethernet163,100000,,Access,on
str4-sn5640-6,Ethernet164,str4-sn5640-fan-6,Ethernet164,100000,,Access,on
str4-sn5640-6,Ethernet165,str4-sn5640-fan-6,Ethernet165,100000,,Access,on
str4-sn5640-6,Ethernet166,str4-sn5640-fan-6,Ethernet166,100000,,Access,on
str4-sn5640-6,Ethernet167,str4-sn5640-fan-6,Ethernet167,100000,,Access,on
str4-sn5640-6,Ethernet168,str4-sn5640-fan-6,Ethernet168,100000,2265,Access,on
str4-sn5640-6,Ethernet169,str4-sn5640-fan-6,Ethernet169,100000,,Access,on
str4-sn5640-6,Ethernet170,str4-sn5640-fan-6,Ethernet170,100000,,Access,on
str4-sn5640-6,Ethernet171,str4-sn5640-fan-6,Ethernet171,100000,,Access,on
str4-sn5640-6,Ethernet172,str4-sn5640-fan-6,Ethernet172,100000,,Access,on
str4-sn5640-6,Ethernet173,str4-sn5640-fan-6,Ethernet173,100000,,Access,on
str4-sn5640-6,Ethernet174,str4-sn5640-fan-6,Ethernet174,100000,,Access,on
str4-sn5640-6,Ethernet175,str4-sn5640-fan-6,Ethernet175,100000,,Access,on
str4-sn5640-6,Ethernet176,str4-sn5640-fan-6,Ethernet176,100000,2266,Access,on
str4-sn5640-6,Ethernet177,str4-sn5640-fan-6,Ethernet177,100000,,Access,on
str4-sn5640-6,Ethernet178,str4-sn5640-fan-6,Ethernet178,100000,,Access,on
str4-sn5640-6,Ethernet179,str4-sn5640-fan-6,Ethernet179,100000,,Access,on
str4-sn5640-6,Ethernet180,str4-sn5640-fan-6,Ethernet180,100000,,Access,on
str4-sn5640-6,Ethernet181,str4-sn5640-fan-6,Ethernet181,100000,,Access,on
str4-sn5640-6,Ethernet182,str4-sn5640-fan-6,Ethernet182,100000,,Access,on
str4-sn5640-6,Ethernet183,str4-sn5640-fan-6,Ethernet183,100000,,Access,on
str4-sn5640-6,Ethernet184,str4-sn5640-fan-6,Ethernet184,100000,2267,Access,on
str4-sn5640-6,Ethernet185,str4-sn5640-fan-6,Ethernet185,100000,,Access,on
str4-sn5640-6,Ethernet186,str4-sn5640-fan-6,Ethernet186,100000,,Access,on
str4-sn5640-6,Ethernet187,str4-sn5640-fan-6,Ethernet187,100000,,Access,on
str4-sn5640-6,Ethernet188,str4-sn5640-fan-6,Ethernet188,100000,,Access,on
str4-sn5640-6,Ethernet189,str4-sn5640-fan-6,Ethernet189,100000,,Access,on
str4-sn5640-6,Ethernet190,str4-sn5640-fan-6,Ethernet190,100000,,Access,on
str4-sn5640-6,Ethernet191,str4-sn5640-fan-6,Ethernet191,100000,,Access,on
str4-sn5640-6,Ethernet192,str4-sn5640-fan-6,Ethernet192,100000,2268,Access,on
str4-sn5640-6,Ethernet193,str4-sn5640-fan-6,Ethernet193,100000,,Access,on
str4-sn5640-6,Ethernet194,str4-sn5640-fan-6,Ethernet194,100000,,Access,on
str4-sn5640-6,Ethernet195,str4-sn5640-fan-6,Ethernet195,100000,,Access,on
str4-sn5640-6,Ethernet196,str4-sn5640-fan-6,Ethernet196,100000,,Access,on
str4-sn5640-6,Ethernet197,str4-sn5640-fan-6,Ethernet197,100000,,Access,on
str4-sn5640-6,Ethernet198,str4-sn5640-fan-6,Ethernet198,100000,,Access,on
str4-sn5640-6,Ethernet199,str4-sn5640-fan-6,Ethernet199,100000,,Access,on
str4-sn5640-6,Ethernet200,str4-sn5640-fan-6,Ethernet200,100000,2269,Access,on
str4-sn5640-6,Ethernet201,str4-sn5640-fan-6,Ethernet201,100000,,Access,on
str4-sn5640-6,Ethernet202,str4-sn5640-fan-6,Ethernet202,100000,,Access,on
str4-sn5640-6,Ethernet203,str4-sn5640-fan-6,Ethernet203,100000,,Access,on
str4-sn5640-6,Ethernet204,str4-sn5640-fan-6,Ethernet204,100000,,Access,on
str4-sn5640-6,Ethernet205,str4-sn5640-fan-6,Ethernet205,100000,,Access,on
str4-sn5640-6,Ethernet206,str4-sn5640-fan-6,Ethernet206,100000,,Access,on
str4-sn5640-6,Ethernet207,str4-sn5640-fan-6,Ethernet207,100000,,Access,on
str4-sn5640-6,Ethernet208,str4-sn5640-fan-6,Ethernet208,100000,2270,Access,on
str4-sn5640-6,Ethernet209,str4-sn5640-fan-6,Ethernet209,100000,,Access,on
str4-sn5640-6,Ethernet210,str4-sn5640-fan-6,Ethernet210,100000,,Access,on
str4-sn5640-6,Ethernet211,str4-sn5640-fan-6,Ethernet211,100000,,Access,on
str4-sn5640-6,Ethernet212,str4-sn5640-fan-6,Ethernet212,100000,,Access,on
str4-sn5640-6,Ethernet213,str4-sn5640-fan-6,Ethernet213,100000,,Access,on
str4-sn5640-6,Ethernet214,str4-sn5640-fan-6,Ethernet214,100000,,Access,on
str4-sn5640-6,Ethernet215,str4-sn5640-fan-6,Ethernet215,100000,,Access,on
str4-sn5640-6,Ethernet216,str4-sn5640-fan-6,Ethernet216,100000,2271,Access,on
str4-sn5640-6,Ethernet217,str4-sn5640-fan-6,Ethernet217,100000,,Access,on
str4-sn5640-6,Ethernet218,str4-sn5640-fan-6,Ethernet218,100000,,Access,on
str4-sn5640-6,Ethernet219,str4-sn5640-fan-6,Ethernet219,100000,,Access,on
str4-sn5640-6,Ethernet220,str4-sn5640-fan-6,Ethernet220,100000,,Access,on
str4-sn5640-6,Ethernet221,str4-sn5640-fan-6,Ethernet221,100000,,Access,on
str4-sn5640-6,Ethernet222,str4-sn5640-fan-6,Ethernet222,100000,,Access,on
str4-sn5640-6,Ethernet223,str4-sn5640-fan-6,Ethernet223,100000,,Access,on
str4-sn5640-6,Ethernet224,str4-sn5640-fan-6,Ethernet224,100000,2272,Access,on
str4-sn5640-6,Ethernet225,str4-sn5640-fan-6,Ethernet225,100000,,Access,on
str4-sn5640-6,Ethernet226,str4-sn5640-fan-6,Ethernet226,100000,,Access,on
str4-sn5640-6,Ethernet227,str4-sn5640-fan-6,Ethernet227,100000,,Access,on
str4-sn5640-6,Ethernet228,str4-sn5640-fan-6,Ethernet228,100000,,Access,on
str4-sn5640-6,Ethernet229,str4-sn5640-fan-6,Ethernet229,100000,,Access,on
str4-sn5640-6,Ethernet230,str4-sn5640-fan-6,Ethernet230,100000,,Access,on
str4-sn5640-6,Ethernet231,str4-sn5640-fan-6,Ethernet231,100000,,Access,on
str4-sn5640-6,Ethernet232,str4-sn5640-fan-6,Ethernet232,100000,2273,Access,on
str4-sn5640-6,Ethernet233,str4-sn5640-fan-6,Ethernet233,100000,,Access,on
str4-sn5640-6,Ethernet234,str4-sn5640-fan-6,Ethernet234,100000,,Access,on
str4-sn5640-6,Ethernet235,str4-sn5640-fan-6,Ethernet235,100000,,Access,on
str4-sn5640-6,Ethernet236,str4-sn5640-fan-6,Ethernet236,100000,,Access,on
str4-sn5640-6,Ethernet237,str4-sn5640-fan-6,Ethernet237,100000,,Access,on
str4-sn5640-6,Ethernet238,str4-sn5640-fan-6,Ethernet238,100000,,Access,on
str4-sn5640-6,Ethernet239,str4-sn5640-fan-6,Ethernet239,100000,,Access,on
str4-sn5640-6,Ethernet240,str4-sn5640-fan-6,Ethernet240,100000,2274,Access,on
str4-sn5640-6,Ethernet241,str4-sn5640-fan-6,Ethernet241,100000,,Access,on
str4-sn5640-6,Ethernet242,str4-sn5640-fan-6,Ethernet242,100000,,Access,on
str4-sn5640-6,Ethernet243,str4-sn5640-fan-6,Ethernet243,100000,,Access,on
str4-sn5640-6,Ethernet244,str4-sn5640-fan-6,Ethernet244,100000,,Access,on
str4-sn5640-6,Ethernet245,str4-sn5640-fan-6,Ethernet245,100000,,Access,on
str4-sn5640-6,Ethernet246,str4-sn5640-fan-6,Ethernet246,100000,,Access,on
str4-sn5640-6,Ethernet247,str4-sn5640-fan-6,Ethernet247,100000,,Access,on
str4-sn5640-6,Ethernet248,str4-sn5640-fan-6,Ethernet248,100000,2275,Access,on
str4-sn5640-6,Ethernet249,str4-sn5640-fan-6,Ethernet249,100000,,Access,on
str4-sn5640-6,Ethernet250,str4-sn5640-fan-6,Ethernet250,100000,,Access,on
str4-sn5640-6,Ethernet251,str4-sn5640-fan-6,Ethernet251,100000,,Access,on
str4-sn5640-6,Ethernet252,str4-sn5640-fan-6,Ethernet252,100000,,Access,on
str4-sn5640-6,Ethernet253,str4-sn5640-fan-6,Ethernet253,100000,,Access,on
str4-sn5640-6,Ethernet254,str4-sn5640-fan-6,Ethernet254,100000,,Access,on
str4-sn5640-6,Ethernet255,str4-sn5640-fan-6,Ethernet255,100000,,Access,on
str4-sn5640-6,Ethernet256,str4-sn5640-fan-6,Ethernet256,100000,2276,Access,on
str4-sn5640-6,Ethernet257,str4-sn5640-fan-6,Ethernet257,100000,,Access,on
str4-sn5640-6,Ethernet258,str4-sn5640-fan-6,Ethernet258,100000,,Access,on
str4-sn5640-6,Ethernet259,str4-sn5640-fan-6,Ethernet259,100000,,Access,on
str4-sn5640-6,Ethernet260,str4-sn5640-fan-6,Ethernet260,100000,,Access,on
str4-sn5640-6,Ethernet261,str4-sn5640-fan-6,Ethernet261,100000,,Access,on
str4-sn5640-6,Ethernet262,str4-sn5640-fan-6,Ethernet262,100000,,Access,on
str4-sn5640-6,Ethernet263,str4-sn5640-fan-6,Ethernet263,100000,,Access,on
str4-sn5640-6,Ethernet264,str4-sn5640-fan-6,Ethernet264,100000,2277,Access,on
str4-sn5640-6,Ethernet265,str4-sn5640-fan-6,Ethernet265,100000,,Access,on
str4-sn5640-6,Ethernet266,str4-sn5640-fan-6,Ethernet266,100000,,Access,on
str4-sn5640-6,Ethernet267,str4-sn5640-fan-6,Ethernet267,100000,,Access,on
str4-sn5640-6,Ethernet268,str4-sn5640-fan-6,Ethernet268,100000,,Access,on
str4-sn5640-6,Ethernet269,str4-sn5640-fan-6,Ethernet269,100000,,Access,on
str4-sn5640-6,Ethernet270,str4-sn5640-fan-6,Ethernet270,100000,,Access,on
str4-sn5640-6,Ethernet271,str4-sn5640-fan-6,Ethernet271,100000,,Access,on
str4-sn5640-6,Ethernet272,str4-sn5640-fan-6,Ethernet272,100000,2278,Access,on
str4-sn5640-6,Ethernet273,str4-sn5640-fan-6,Ethernet273,100000,,Access,on
str4-sn5640-6,Ethernet274,str4-sn5640-fan-6,Ethernet274,100000,,Access,on
str4-sn5640-6,Ethernet275,str4-sn5640-fan-6,Ethernet275,100000,,Access,on
str4-sn5640-6,Ethernet276,str4-sn5640-fan-6,Ethernet276,100000,,Access,on
str4-sn5640-6,Ethernet277,str4-sn5640-fan-6,Ethernet277,100000,,Access,on
str4-sn5640-6,Ethernet278,str4-sn5640-fan-6,Ethernet278,100000,,Access,on
str4-sn5640-6,Ethernet279,str4-sn5640-fan-6,Ethernet279,100000,,Access,on
str4-sn5640-6,Ethernet280,str4-sn5640-fan-6,Ethernet280,100000,2279,Access,on
str4-sn5640-6,Ethernet281,str4-sn5640-fan-6,Ethernet281,100000,,Access,on
str4-sn5640-6,Ethernet282,str4-sn5640-fan-6,Ethernet282,100000,,Access,on
str4-sn5640-6,Ethernet283,str4-sn5640-fan-6,Ethernet283,100000,,Access,on
str4-sn5640-6,Ethernet284,str4-sn5640-fan-6,Ethernet284,100000,,Access,on
str4-sn5640-6,Ethernet285,str4-sn5640-fan-6,Ethernet285,100000,,Access,on
str4-sn5640-6,Ethernet286,str4-sn5640-fan-6,Ethernet286,100000,,Access,on
str4-sn5640-6,Ethernet287,str4-sn5640-fan-6,Ethernet287,100000,,Access,on
str4-sn5640-6,Ethernet288,str4-sn5640-fan-6,Ethernet288,100000,2280,Access,on
str4-sn5640-6,Ethernet289,str4-sn5640-fan-6,Ethernet289,100000,,Access,on
str4-sn5640-6,Ethernet290,str4-sn5640-fan-6,Ethernet290,100000,,Access,on
str4-sn5640-6,Ethernet291,str4-sn5640-fan-6,Ethernet291,100000,,Access,on
str4-sn5640-6,Ethernet292,str4-sn5640-fan-6,Ethernet292,100000,,Access,on
str4-sn5640-6,Ethernet293,str4-sn5640-fan-6,Ethernet293,100000,,Access,on
str4-sn5640-6,Ethernet294,str4-sn5640-fan-6,Ethernet294,100000,,Access,on
str4-sn5640-6,Ethernet295,str4-sn5640-fan-6,Ethernet295,100000,,Access,on
str4-sn5640-6,Ethernet296,str4-sn5640-fan-6,Ethernet296,100000,2281,Access,on
str4-sn5640-6,Ethernet297,str4-sn5640-fan-6,Ethernet297,100000,,Access,on
str4-sn5640-6,Ethernet298,str4-sn5640-fan-6,Ethernet298,100000,,Access,on
str4-sn5640-6,Ethernet299,str4-sn5640-fan-6,Ethernet299,100000,,Access,on
str4-sn5640-6,Ethernet300,str4-sn5640-fan-6,Ethernet300,100000,,Access,on
str4-sn5640-6,Ethernet301,str4-sn5640-fan-6,Ethernet301,100000,,Access,on
str4-sn5640-6,Ethernet302,str4-sn5640-fan-6,Ethernet302,100000,,Access,on
str4-sn5640-6,Ethernet303,str4-sn5640-fan-6,Ethernet303,100000,,Access,on
str4-sn5640-6,Ethernet304,str4-sn5640-fan-6,Ethernet304,100000,2282,Access,on
str4-sn5640-6,Ethernet305,str4-sn5640-fan-6,Ethernet305,100000,,Access,on
str4-sn5640-6,Ethernet306,str4-sn5640-fan-6,Ethernet306,100000,,Access,on
str4-sn5640-6,Ethernet307,str4-sn5640-fan-6,Ethernet307,100000,,Access,on
str4-sn5640-6,Ethernet308,str4-sn5640-fan-6,Ethernet308,100000,,Access,on
str4-sn5640-6,Ethernet309,str4-sn5640-fan-6,Ethernet309,100000,,Access,on
str4-sn5640-6,Ethernet310,str4-sn5640-fan-6,Ethernet310,100000,,Access,on
str4-sn5640-6,Ethernet311,str4-sn5640-fan-6,Ethernet311,100000,,Access,on
str4-sn5640-6,Ethernet312,str4-sn5640-fan-6,Ethernet312,100000,2283,Access,on
str4-sn5640-6,Ethernet313,str4-sn5640-fan-6,Ethernet313,100000,,Access,on
str4-sn5640-6,Ethernet314,str4-sn5640-fan-6,Ethernet314,100000,,Access,on
str4-sn5640-6,Ethernet315,str4-sn5640-fan-6,Ethernet315,100000,,Access,on
str4-sn5640-6,Ethernet316,str4-sn5640-fan-6,Ethernet316,100000,,Access,on
str4-sn5640-6,Ethernet317,str4-sn5640-fan-6,Ethernet317,100000,,Access,on
str4-sn5640-6,Ethernet318,str4-sn5640-fan-6,Ethernet318,100000,,Access,on
str4-sn5640-6,Ethernet319,str4-sn5640-fan-6,Ethernet319,100000,,Access,on
str4-sn5640-6,Ethernet320,str4-sn5640-fan-6,Ethernet320,100000,2284,Access,on
str4-sn5640-6,Ethernet321,str4-sn5640-fan-6,Ethernet321,100000,,Access,on
str4-sn5640-6,Ethernet322,str4-sn5640-fan-6,Ethernet322,100000,,Access,on
str4-sn5640-6,Ethernet323,str4-sn5640-fan-6,Ethernet323,100000,,Access,on
str4-sn5640-6,Ethernet324,str4-sn5640-fan-6,Ethernet324,100000,,Access,on
str4-sn5640-6,Ethernet325,str4-sn5640-fan-6,Ethernet325,100000,,Access,on
str4-sn5640-6,Ethernet326,str4-sn5640-fan-6,Ethernet326,100000,,Access,on
str4-sn5640-6,Ethernet327,str4-sn5640-fan-6,Ethernet327,100000,,Access,on
str4-sn5640-6,Ethernet328,str4-sn5640-fan-6,Ethernet328,100000,2285,Access,on
str4-sn5640-6,Ethernet329,str4-sn5640-fan-6,Ethernet329,100000,,Access,on
str4-sn5640-6,Ethernet330,str4-sn5640-fan-6,Ethernet330,100000,,Access,on
str4-sn5640-6,Ethernet331,str4-sn5640-fan-6,Ethernet331,100000,,Access,on
str4-sn5640-6,Ethernet332,str4-sn5640-fan-6,Ethernet332,100000,,Access,on
str4-sn5640-6,Ethernet333,str4-sn5640-fan-6,Ethernet333,100000,,Access,on
str4-sn5640-6,Ethernet334,str4-sn5640-fan-6,Ethernet334,100000,,Access,on
str4-sn5640-6,Ethernet335,str4-sn5640-fan-6,Ethernet335,100000,,Access,on
str4-sn5640-6,Ethernet336,str4-sn5640-fan-6,Ethernet336,100000,2286,Access,on
str4-sn5640-6,Ethernet337,str4-sn5640-fan-6,Ethernet337,100000,,Access,on
str4-sn5640-6,Ethernet338,str4-sn5640-fan-6,Ethernet338,100000,,Access,on
str4-sn5640-6,Ethernet339,str4-sn5640-fan-6,Ethernet339,100000,,Access,on
str4-sn5640-6,Ethernet340,str4-sn5640-fan-6,Ethernet340,100000,,Access,on
str4-sn5640-6,Ethernet341,str4-sn5640-fan-6,Ethernet341,100000,,Access,on
str4-sn5640-6,Ethernet342,str4-sn5640-fan-6,Ethernet342,100000,,Access,on
str4-sn5640-6,Ethernet343,str4-sn5640-fan-6,Ethernet343,100000,,Access,on
str4-sn5640-6,Ethernet344,str4-sn5640-fan-6,Ethernet344,100000,2287,Access,on
str4-sn5640-6,Ethernet345,str4-sn5640-fan-6,Ethernet345,100000,,Access,on
str4-sn5640-6,Ethernet346,str4-sn5640-fan-6,Ethernet346,100000,,Access,on
str4-sn5640-6,Ethernet347,str4-sn5640-fan-6,Ethernet347,100000,,Access,on
str4-sn5640-6,Ethernet348,str4-sn5640-fan-6,Ethernet348,100000,,Access,on
str4-sn5640-6,Ethernet349,str4-sn5640-fan-6,Ethernet349,100000,,Access,on
str4-sn5640-6,Ethernet350,str4-sn5640-fan-6,Ethernet350,100000,,Access,on
str4-sn5640-6,Ethernet351,str4-sn5640-fan-6,Ethernet351,100000,,Access,on
str4-sn5640-6,Ethernet352,str4-sn5640-fan-6,Ethernet352,400000,2288,Access,on
str4-sn5640-6,Ethernet356,str4-sn5640-fan-6,Ethernet356,400000,2289,Access,on
str4-sn5640-6,Ethernet360,str4-sn5640-fan-6,Ethernet360,400000,2290,Access,on
str4-sn5640-6,Ethernet364,str4-sn5640-fan-6,Ethernet364,400000,2291,Access,on
str4-sn5640-6,Ethernet368,str4-sn5640-fan-6,Ethernet368,100000,2292,Access,on
str4-sn5640-6,Ethernet369,str4-sn5640-fan-6,Ethernet369,100000,,Access,on
str4-sn5640-6,Ethernet370,str4-sn5640-fan-6,Ethernet370,100000,,Access,on
str4-sn5640-6,Ethernet371,str4-sn5640-fan-6,Ethernet371,100000,,Access,on
str4-sn5640-6,Ethernet372,str4-sn5640-fan-6,Ethernet372,100000,,Access,on
str4-sn5640-6,Ethernet373,str4-sn5640-fan-6,Ethernet373,100000,,Access,on
str4-sn5640-6,Ethernet374,str4-sn5640-fan-6,Ethernet374,100000,,Access,on
str4-sn5640-6,Ethernet375,str4-sn5640-fan-6,Ethernet375,100000,,Access,on
str4-sn5640-6,Ethernet376,str4-sn5640-fan-6,Ethernet376,100000,2293,Access,on
str4-sn5640-6,Ethernet377,str4-sn5640-fan-6,Ethernet377,100000,,Access,on
str4-sn5640-6,Ethernet378,str4-sn5640-fan-6,Ethernet378,100000,,Access,on
str4-sn5640-6,Ethernet379,str4-sn5640-fan-6,Ethernet379,100000,,Access,on
str4-sn5640-6,Ethernet380,str4-sn5640-fan-6,Ethernet380,100000,,Access,on
str4-sn5640-6,Ethernet381,str4-sn5640-fan-6,Ethernet381,100000,,Access,on
str4-sn5640-6,Ethernet382,str4-sn5640-fan-6,Ethernet382,100000,,Access,on
str4-sn5640-6,Ethernet383,str4-sn5640-fan-6,Ethernet383,100000,,Access,on
str4-sn5640-6,Ethernet384,str4-sn5640-fan-6,Ethernet384,400000,2294,Access,on
str4-sn5640-6,Ethernet388,str4-sn5640-fan-6,Ethernet388,400000,2295,Access,on
str4-sn5640-6,Ethernet392,str4-sn5640-fan-6,Ethernet392,400000,2296,Access,on
str4-sn5640-6,Ethernet396,str4-sn5640-fan-6,Ethernet396,400000,2297,Access,on
str4-sn5640-6,Ethernet400,str4-sn5640-fan-6,Ethernet400,100000,2298,Access,on
str4-sn5640-6,Ethernet401,str4-sn5640-fan-6,Ethernet401,100000,,Access,on
str4-sn5640-6,Ethernet402,str4-sn5640-fan-6,Ethernet402,100000,,Access,on
str4-sn5640-6,Ethernet403,str4-sn5640-fan-6,Ethernet403,100000,,Access,on
str4-sn5640-6,Ethernet404,str4-sn5640-fan-6,Ethernet404,100000,,Access,on
str4-sn5640-6,Ethernet405,str4-sn5640-fan-6,Ethernet405,100000,,Access,on
str4-sn5640-6,Ethernet406,str4-sn5640-fan-6,Ethernet406,100000,,Access,on
str4-sn5640-6,Ethernet407,str4-sn5640-fan-6,Ethernet407,100000,,Access,on
str4-sn5640-6,Ethernet408,str4-sn5640-fan-6,Ethernet408,100000,2299,Access,on
str4-sn5640-6,Ethernet409,str4-sn5640-fan-6,Ethernet409,100000,,Access,on
str4-sn5640-6,Ethernet410,str4-sn5640-fan-6,Ethernet410,100000,,Access,on
str4-sn5640-6,Ethernet411,str4-sn5640-fan-6,Ethernet411,100000,,Access,on
str4-sn5640-6,Ethernet412,str4-sn5640-fan-6,Ethernet412,100000,,Access,on
str4-sn5640-6,Ethernet413,str4-sn5640-fan-6,Ethernet413,100000,,Access,on
str4-sn5640-6,Ethernet414,str4-sn5640-fan-6,Ethernet414,100000,,Access,on
str4-sn5640-6,Ethernet415,str4-sn5640-fan-6,Ethernet415,100000,,Access,on
str4-sn5640-6,Ethernet416,str4-sn5640-fan-6,Ethernet416,100000,2300,Access,on
str4-sn5640-6,Ethernet417,str4-sn5640-fan-6,Ethernet417,100000,,Access,on
str4-sn5640-6,Ethernet418,str4-sn5640-fan-6,Ethernet418,100000,,Access,on
str4-sn5640-6,Ethernet419,str4-sn5640-fan-6,Ethernet419,100000,,Access,on
str4-sn5640-6,Ethernet420,str4-sn5640-fan-6,Ethernet420,100000,,Access,on
str4-sn5640-6,Ethernet421,str4-sn5640-fan-6,Ethernet421,100000,,Access,on
str4-sn5640-6,Ethernet422,str4-sn5640-fan-6,Ethernet422,100000,,Access,on
str4-sn5640-6,Ethernet423,str4-sn5640-fan-6,Ethernet423,100000,,Access,on
str4-sn5640-6,Ethernet424,str4-sn5640-fan-6,Ethernet424,100000,2301,Access,on
str4-sn5640-6,Ethernet425,str4-sn5640-fan-6,Ethernet425,100000,,Access,on
str4-sn5640-6,Ethernet426,str4-sn5640-fan-6,Ethernet426,100000,,Access,on
str4-sn5640-6,Ethernet427,str4-sn5640-fan-6,Ethernet427,100000,,Access,on
str4-sn5640-6,Ethernet428,str4-sn5640-fan-6,Ethernet428,100000,,Access,on
str4-sn5640-6,Ethernet429,str4-sn5640-fan-6,Ethernet429,100000,,Access,on
str4-sn5640-6,Ethernet430,str4-sn5640-fan-6,Ethernet430,100000,,Access,on
str4-sn5640-6,Ethernet431,str4-sn5640-fan-6,Ethernet431,100000,,Access,on
str4-sn5640-6,Ethernet432,str4-sn5640-fan-6,Ethernet432,100000,2302,Access,on
str4-sn5640-6,Ethernet433,str4-sn5640-fan-6,Ethernet433,100000,,Access,on
str4-sn5640-6,Ethernet434,str4-sn5640-fan-6,Ethernet434,100000,,Access,on
str4-sn5640-6,Ethernet435,str4-sn5640-fan-6,Ethernet435,100000,,Access,on
str4-sn5640-6,Ethernet436,str4-sn5640-fan-6,Ethernet436,100000,,Access,on
str4-sn5640-6,Ethernet437,str4-sn5640-fan-6,Ethernet437,100000,,Access,on
str4-sn5640-6,Ethernet438,str4-sn5640-fan-6,Ethernet438,100000,,Access,on
str4-sn5640-6,Ethernet439,str4-sn5640-fan-6,Ethernet439,100000,,Access,on
str4-sn5640-6,Ethernet440,str4-sn5640-fan-6,Ethernet440,100000,2303,Access,on
str4-sn5640-6,Ethernet441,str4-sn5640-fan-6,Ethernet441,100000,,Access,on
str4-sn5640-6,Ethernet442,str4-sn5640-fan-6,Ethernet442,100000,,Access,on
str4-sn5640-6,Ethernet443,str4-sn5640-fan-6,Ethernet443,100000,,Access,on
str4-sn5640-6,Ethernet444,str4-sn5640-fan-6,Ethernet444,100000,,Access,on
str4-sn5640-6,Ethernet445,str4-sn5640-fan-6,Ethernet445,100000,,Access,on
str4-sn5640-6,Ethernet446,str4-sn5640-fan-6,Ethernet446,100000,,Access,on
str4-sn5640-6,Ethernet447,str4-sn5640-fan-6,Ethernet447,100000,,Access,on
str4-sn5640-6,Ethernet448,str4-sn5640-fan-6,Ethernet448,100000,2304,Access,on
str4-sn5640-6,Ethernet449,str4-sn5640-fan-6,Ethernet449,100000,,Access,on
str4-sn5640-6,Ethernet450,str4-sn5640-fan-6,Ethernet450,100000,,Access,on
str4-sn5640-6,Ethernet451,str4-sn5640-fan-6,Ethernet451,100000,,Access,on
str4-sn5640-6,Ethernet452,str4-sn5640-fan-6,Ethernet452,100000,,Access,on
str4-sn5640-6,Ethernet453,str4-sn5640-fan-6,Ethernet453,100000,,Access,on
str4-sn5640-6,Ethernet454,str4-sn5640-fan-6,Ethernet454,100000,,Access,on
str4-sn5640-6,Ethernet455,str4-sn5640-fan-6,Ethernet455,100000,,Access,on
str4-sn5640-6,Ethernet456,str4-sn5640-fan-6,Ethernet456,100000,2305,Access,on
str4-sn5640-6,Ethernet457,str4-sn5640-fan-6,Ethernet457,100000,,Access,on
str4-sn5640-6,Ethernet458,str4-sn5640-fan-6,Ethernet458,100000,,Access,on
str4-sn5640-6,Ethernet459,str4-sn5640-fan-6,Ethernet459,100000,,Access,on
str4-sn5640-6,Ethernet460,str4-sn5640-fan-6,Ethernet460,100000,,Access,on
str4-sn5640-6,Ethernet461,str4-sn5640-fan-6,Ethernet461,100000,,Access,on
str4-sn5640-6,Ethernet462,str4-sn5640-fan-6,Ethernet462,100000,,Access,on
str4-sn5640-6,Ethernet463,str4-sn5640-fan-6,Ethernet463,100000,,Access,on
str4-sn5640-6,Ethernet464,str4-sn5640-fan-6,Ethernet464,100000,2306,Access,on
str4-sn5640-6,Ethernet465,str4-sn5640-fan-6,Ethernet465,100000,,Access,on
str4-sn5640-6,Ethernet466,str4-sn5640-fan-6,Ethernet466,100000,,Access,on
str4-sn5640-6,Ethernet467,str4-sn5640-fan-6,Ethernet467,100000,,Access,on
str4-sn5640-6,Ethernet468,str4-sn5640-fan-6,Ethernet468,100000,,Access,on
str4-sn5640-6,Ethernet469,str4-sn5640-fan-6,Ethernet469,100000,,Access,on
str4-sn5640-6,Ethernet470,str4-sn5640-fan-6,Ethernet470,100000,,Access,on
str4-sn5640-6,Ethernet471,str4-sn5640-fan-6,Ethernet471,100000,,Access,on
str4-sn5640-6,Ethernet472,str4-sn5640-fan-6,Ethernet472,100000,2307,Access,on
str4-sn5640-6,Ethernet473,str4-sn5640-fan-6,Ethernet473,100000,,Access,on
str4-sn5640-6,Ethernet474,str4-sn5640-fan-6,Ethernet474,100000,,Access,on
str4-sn5640-6,Ethernet475,str4-sn5640-fan-6,Ethernet475,100000,,Access,on
str4-sn5640-6,Ethernet476,str4-sn5640-fan-6,Ethernet476,100000,,Access,on
str4-sn5640-6,Ethernet477,str4-sn5640-fan-6,Ethernet477,100000,,Access,on
str4-sn5640-6,Ethernet478,str4-sn5640-fan-6,Ethernet478,100000,,Access,on
str4-sn5640-6,Ethernet479,str4-sn5640-fan-6,Ethernet479,100000,,Access,on
str4-sn5640-6,Ethernet480,str4-sn5640-fan-6,Ethernet480,100000,2308,Access,on
str4-sn5640-6,Ethernet481,str4-sn5640-fan-6,Ethernet481,100000,,Access,on
str4-sn5640-6,Ethernet482,str4-sn5640-fan-6,Ethernet482,100000,,Access,on
str4-sn5640-6,Ethernet483,str4-sn5640-fan-6,Ethernet483,100000,,Access,on
str4-sn5640-6,Ethernet484,str4-sn5640-fan-6,Ethernet484,100000,,Access,on
str4-sn5640-6,Ethernet485,str4-sn5640-fan-6,Ethernet485,100000,,Access,on
str4-sn5640-6,Ethernet486,str4-sn5640-fan-6,Ethernet486,100000,,Access,on
str4-sn5640-6,Ethernet487,str4-sn5640-fan-6,Ethernet487,100000,,Access,on
str4-sn5640-6,Ethernet488,str4-sn5640-fan-6,Ethernet488,100000,2309,Access,on
str4-sn5640-6,Ethernet489,str4-sn5640-fan-6,Ethernet489,100000,,Access,on
str4-sn5640-6,Ethernet490,str4-sn5640-fan-6,Ethernet490,100000,,Access,on
str4-sn5640-6,Ethernet491,str4-sn5640-fan-6,Ethernet491,100000,,Access,on
str4-sn5640-6,Ethernet492,str4-sn5640-fan-6,Ethernet492,100000,,Access,on
str4-sn5640-6,Ethernet493,str4-sn5640-fan-6,Ethernet493,100000,,Access,on
str4-sn5640-6,Ethernet494,str4-sn5640-fan-6,Ethernet494,100000,,Access,on
str4-sn5640-6,Ethernet495,str4-sn5640-fan-6,Ethernet495,100000,,Access,on
str4-sn5640-6,Ethernet496,str4-7060x6-64pe-fan-share-1,Ethernet372,100000,2313,Access,off
str4-sn5640-6,Ethernet497,str4-7060x6-64pe-fan-share-1,Ethernet369,100000,,Access,off
str4-sn5640-6,Ethernet498,str4-7060x6-64pe-fan-share-1,Ethernet370,100000,,Access,off
str4-sn5640-6,Ethernet499,str4-7060x6-64pe-fan-share-1,Ethernet371,100000,,Access,off
str4-sn5640-6,Ethernet500,str4-7060x6-64pe-fan-share-1,Ethernet368,100000,,Access,off
str4-sn5640-6,Ethernet501,str4-7060x6-64pe-fan-share-1,Ethernet373,100000,,Access,off
str4-sn5640-6,Ethernet502,str4-7060x6-64pe-fan-share-1,Ethernet374,100000,,Access,off
str4-sn5640-6,Ethernet503,str4-7060x6-64pe-fan-share-1,Ethernet375,100000,,Access,off
str4-sn5640-6,Ethernet504,str4-sn5640-fan-6,Ethernet504,100000,2310,Access,on
str4-sn5640-6,Ethernet505,str4-sn5640-fan-6,Ethernet505,100000,,Access,on
str4-sn5640-6,Ethernet506,str4-sn5640-fan-6,Ethernet506,100000,,Access,on
str4-sn5640-6,Ethernet507,str4-sn5640-fan-6,Ethernet507,100000,,Access,on
str4-sn5640-6,Ethernet508,str4-sn5640-fan-6,Ethernet508,100000,,Access,on
str4-sn5640-6,Ethernet509,str4-sn5640-fan-6,Ethernet509,100000,,Access,on
str4-sn5640-6,Ethernet510,str4-sn5640-fan-6,Ethernet510,100000,,Access,on
str4-sn5640-6,Ethernet511,str4-sn5640-fan-6,Ethernet511,100000,,Access,on
str4-sn5640-6,Ethernet512,str4-sn5640-fan-6,Ethernet512,10000,2311,Access,on
str4-sn5640-6,Ethernet520,str4-sn5640-fan-6,Ethernet520,10000,2312,Access,on
str4-7060x6-512-7,Ethernet0,str4-7060x6-512-fan-7,Ethernet0,100000,1234,Access,on
str4-7060x6-512-7,Ethernet1,str4-7060x6-512-fan-7,Ethernet1,100000,,Access,on
str4-7060x6-512-7,Ethernet2,str4-7060x6-512-fan-7,Ethernet2,100000,,Access,on
str4-7060x6-512-7,Ethernet3,str4-7060x6-512-fan-7,Ethernet3,100000,,Access,on
str4-7060x6-512-7,Ethernet4,str4-7060x6-512-fan-7,Ethernet4,100000,,Access,on
str4-7060x6-512-7,Ethernet5,str4-7060x6-512-fan-7,Ethernet5,100000,,Access,on
str4-7060x6-512-7,Ethernet6,str4-7060x6-512-fan-7,Ethernet6,100000,,Access,on
str4-7060x6-512-7,Ethernet7,str4-7060x6-512-fan-7,Ethernet7,100000,,Access,on
str4-7060x6-512-7,Ethernet8,str4-7060x6-512-fan-7,Ethernet8,100000,1235,Access,on
str4-7060x6-512-7,Ethernet9,str4-7060x6-512-fan-7,Ethernet9,100000,,Access,on
str4-7060x6-512-7,Ethernet10,str4-7060x6-512-fan-7,Ethernet10,100000,,Access,on
str4-7060x6-512-7,Ethernet11,str4-7060x6-512-fan-7,Ethernet11,100000,,Access,on
str4-7060x6-512-7,Ethernet12,str4-7060x6-512-fan-7,Ethernet12,100000,,Access,on
str4-7060x6-512-7,Ethernet13,str4-7060x6-512-fan-7,Ethernet13,100000,,Access,on
str4-7060x6-512-7,Ethernet14,str4-7060x6-512-fan-7,Ethernet14,100000,,Access,on
str4-7060x6-512-7,Ethernet15,str4-7060x6-512-fan-7,Ethernet15,100000,,Access,on
str4-7060x6-512-7,Ethernet16,str4-7060x6-512-fan-7,Ethernet16,100000,1236,Access,on
str4-7060x6-512-7,Ethernet17,str4-7060x6-512-fan-7,Ethernet17,100000,,Access,on
str4-7060x6-512-7,Ethernet18,str4-7060x6-512-fan-7,Ethernet18,100000,,Access,on
str4-7060x6-512-7,Ethernet19,str4-7060x6-512-fan-7,Ethernet19,100000,,Access,on
str4-7060x6-512-7,Ethernet20,str4-7060x6-512-fan-7,Ethernet20,100000,,Access,on
str4-7060x6-512-7,Ethernet21,str4-7060x6-512-fan-7,Ethernet21,100000,,Access,on
str4-7060x6-512-7,Ethernet22,str4-7060x6-512-fan-7,Ethernet22,100000,,Access,on
str4-7060x6-512-7,Ethernet23,str4-7060x6-512-fan-7,Ethernet23,100000,,Access,on
str4-7060x6-512-7,Ethernet24,str4-7060x6-512-fan-7,Ethernet24,100000,1237,Access,on
str4-7060x6-512-7,Ethernet25,str4-7060x6-512-fan-7,Ethernet25,100000,,Access,on
str4-7060x6-512-7,Ethernet26,str4-7060x6-512-fan-7,Ethernet26,100000,,Access,on
str4-7060x6-512-7,Ethernet27,str4-7060x6-512-fan-7,Ethernet27,100000,,Access,on
str4-7060x6-512-7,Ethernet28,str4-7060x6-512-fan-7,Ethernet28,100000,,Access,on
str4-7060x6-512-7,Ethernet29,str4-7060x6-512-fan-7,Ethernet29,100000,,Access,on
str4-7060x6-512-7,Ethernet30,str4-7060x6-512-fan-7,Ethernet30,100000,,Access,on
str4-7060x6-512-7,Ethernet31,str4-7060x6-512-fan-7,Ethernet31,100000,,Access,on
str4-7060x6-512-7,Ethernet32,str4-7060x6-512-fan-7,Ethernet32,100000,1238,Access,on
str4-7060x6-512-7,Ethernet33,str4-7060x6-512-fan-7,Ethernet33,100000,,Access,on
str4-7060x6-512-7,Ethernet34,str4-7060x6-512-fan-7,Ethernet34,100000,,Access,on
str4-7060x6-512-7,Ethernet35,str4-7060x6-512-fan-7,Ethernet35,100000,,Access,on
str4-7060x6-512-7,Ethernet36,str4-7060x6-512-fan-7,Ethernet36,100000,,Access,on
str4-7060x6-512-7,Ethernet37,str4-7060x6-512-fan-7,Ethernet37,100000,,Access,on
str4-7060x6-512-7,Ethernet38,str4-7060x6-512-fan-7,Ethernet38,100000,,Access,on
str4-7060x6-512-7,Ethernet39,str4-7060x6-512-fan-7,Ethernet39,100000,,Access,on
str4-7060x6-512-7,Ethernet40,str4-7060x6-512-fan-7,Ethernet40,100000,1239,Access,on
str4-7060x6-512-7,Ethernet41,str4-7060x6-512-fan-7,Ethernet41,100000,,Access,on
str4-7060x6-512-7,Ethernet42,str4-7060x6-512-fan-7,Ethernet42,100000,,Access,on
str4-7060x6-512-7,Ethernet43,str4-7060x6-512-fan-7,Ethernet43,100000,,Access,on
str4-7060x6-512-7,Ethernet44,str4-7060x6-512-fan-7,Ethernet44,100000,,Access,on
str4-7060x6-512-7,Ethernet45,str4-7060x6-512-fan-7,Ethernet45,100000,,Access,on
str4-7060x6-512-7,Ethernet46,str4-7060x6-512-fan-7,Ethernet46,100000,,Access,on
str4-7060x6-512-7,Ethernet47,str4-7060x6-512-fan-7,Ethernet47,100000,,Access,on
str4-7060x6-512-7,Ethernet48,str4-7060x6-512-fan-7,Ethernet48,100000,1240,Access,on
str4-7060x6-512-7,Ethernet49,str4-7060x6-512-fan-7,Ethernet49,100000,,Access,on
str4-7060x6-512-7,Ethernet50,str4-7060x6-512-fan-7,Ethernet50,100000,,Access,on
str4-7060x6-512-7,Ethernet51,str4-7060x6-512-fan-7,Ethernet51,100000,,Access,on
str4-7060x6-512-7,Ethernet52,str4-7060x6-512-fan-7,Ethernet52,100000,,Access,on
str4-7060x6-512-7,Ethernet53,str4-7060x6-512-fan-7,Ethernet53,100000,,Access,on
str4-7060x6-512-7,Ethernet54,str4-7060x6-512-fan-7,Ethernet54,100000,,Access,on
str4-7060x6-512-7,Ethernet55,str4-7060x6-512-fan-7,Ethernet55,100000,,Access,on
str4-7060x6-512-7,Ethernet56,str4-7060x6-512-fan-7,Ethernet56,100000,1241,Access,on
str4-7060x6-512-7,Ethernet57,str4-7060x6-512-fan-7,Ethernet57,100000,,Access,on
str4-7060x6-512-7,Ethernet58,str4-7060x6-512-fan-7,Ethernet58,100000,,Access,on
str4-7060x6-512-7,Ethernet59,str4-7060x6-512-fan-7,Ethernet59,100000,,Access,on
str4-7060x6-512-7,Ethernet60,str4-7060x6-512-fan-7,Ethernet60,100000,,Access,on
str4-7060x6-512-7,Ethernet61,str4-7060x6-512-fan-7,Ethernet61,100000,,Access,on
str4-7060x6-512-7,Ethernet62,str4-7060x6-512-fan-7,Ethernet62,100000,,Access,on
str4-7060x6-512-7,Ethernet63,str4-7060x6-512-fan-7,Ethernet63,100000,,Access,on
str4-7060x6-512-7,Ethernet64,str4-7060x6-512-fan-7,Ethernet64,100000,1242,Access,on
str4-7060x6-512-7,Ethernet65,str4-7060x6-512-fan-7,Ethernet65,100000,,Access,on
str4-7060x6-512-7,Ethernet66,str4-7060x6-512-fan-7,Ethernet66,100000,,Access,on
str4-7060x6-512-7,Ethernet67,str4-7060x6-512-fan-7,Ethernet67,100000,,Access,on
str4-7060x6-512-7,Ethernet68,str4-7060x6-512-fan-7,Ethernet68,100000,,Access,on
str4-7060x6-512-7,Ethernet69,str4-7060x6-512-fan-7,Ethernet69,100000,,Access,on
str4-7060x6-512-7,Ethernet70,str4-7060x6-512-fan-7,Ethernet70,100000,,Access,on
str4-7060x6-512-7,Ethernet71,str4-7060x6-512-fan-7,Ethernet71,100000,,Access,on
str4-7060x6-512-7,Ethernet72,str4-7060x6-512-fan-7,Ethernet72,100000,1243,Access,on
str4-7060x6-512-7,Ethernet73,str4-7060x6-512-fan-7,Ethernet73,100000,,Access,on
str4-7060x6-512-7,Ethernet74,str4-7060x6-512-fan-7,Ethernet74,100000,,Access,on
str4-7060x6-512-7,Ethernet75,str4-7060x6-512-fan-7,Ethernet75,100000,,Access,on
str4-7060x6-512-7,Ethernet76,str4-7060x6-512-fan-7,Ethernet76,100000,,Access,on
str4-7060x6-512-7,Ethernet77,str4-7060x6-512-fan-7,Ethernet77,100000,,Access,on
str4-7060x6-512-7,Ethernet78,str4-7060x6-512-fan-7,Ethernet78,100000,,Access,on
str4-7060x6-512-7,Ethernet79,str4-7060x6-512-fan-7,Ethernet79,100000,,Access,on
str4-7060x6-512-7,Ethernet80,str4-7060x6-512-fan-7,Ethernet80,100000,1244,Access,on
str4-7060x6-512-7,Ethernet81,str4-7060x6-512-fan-7,Ethernet81,100000,,Access,on
str4-7060x6-512-7,Ethernet82,str4-7060x6-512-fan-7,Ethernet82,100000,,Access,on
str4-7060x6-512-7,Ethernet83,str4-7060x6-512-fan-7,Ethernet83,100000,,Access,on
str4-7060x6-512-7,Ethernet84,str4-7060x6-512-fan-7,Ethernet84,100000,,Access,on
str4-7060x6-512-7,Ethernet85,str4-7060x6-512-fan-7,Ethernet85,100000,,Access,on
str4-7060x6-512-7,Ethernet86,str4-7060x6-512-fan-7,Ethernet86,100000,,Access,on
str4-7060x6-512-7,Ethernet87,str4-7060x6-512-fan-7,Ethernet87,100000,,Access,on
str4-7060x6-512-7,Ethernet88,str4-7060x6-512-fan-7,Ethernet88,100000,1245,Access,on
str4-7060x6-512-7,Ethernet89,str4-7060x6-512-fan-7,Ethernet89,100000,,Access,on
str4-7060x6-512-7,Ethernet90,str4-7060x6-512-fan-7,Ethernet90,100000,,Access,on
str4-7060x6-512-7,Ethernet91,str4-7060x6-512-fan-7,Ethernet91,100000,,Access,on
str4-7060x6-512-7,Ethernet92,str4-7060x6-512-fan-7,Ethernet92,100000,,Access,on
str4-7060x6-512-7,Ethernet93,str4-7060x6-512-fan-7,Ethernet93,100000,,Access,on
str4-7060x6-512-7,Ethernet94,str4-7060x6-512-fan-7,Ethernet94,100000,,Access,on
str4-7060x6-512-7,Ethernet95,str4-7060x6-512-fan-7,Ethernet95,100000,,Access,on
str4-7060x6-512-7,Ethernet96,str4-7060x6-512-fan-7,Ethernet96,400000,1246,Access,on
str4-7060x6-512-7,Ethernet100,str4-7060x6-512-fan-7,Ethernet100,400000,1247,Access,on
str4-7060x6-512-7,Ethernet104,str4-7060x6-512-fan-7,Ethernet104,400000,,Access,on
str4-7060x6-512-7,Ethernet108,str4-7060x6-512-fan-7,Ethernet108,400000,,Access,on
str4-7060x6-512-7,Ethernet112,str4-7060x6-512-fan-7,Ethernet112,100000,1248,Access,on
str4-7060x6-512-7,Ethernet113,str4-7060x6-512-fan-7,Ethernet113,100000,,Access,on
str4-7060x6-512-7,Ethernet114,str4-7060x6-512-fan-7,Ethernet114,100000,,Access,on
str4-7060x6-512-7,Ethernet115,str4-7060x6-512-fan-7,Ethernet115,100000,,Access,on
str4-7060x6-512-7,Ethernet116,str4-7060x6-512-fan-7,Ethernet116,100000,,Access,on
str4-7060x6-512-7,Ethernet117,str4-7060x6-512-fan-7,Ethernet117,100000,,Access,on
str4-7060x6-512-7,Ethernet118,str4-7060x6-512-fan-7,Ethernet118,100000,,Access,on
str4-7060x6-512-7,Ethernet119,str4-7060x6-512-fan-7,Ethernet119,100000,,Access,on
str4-7060x6-512-7,Ethernet120,str4-7060x6-512-fan-7,Ethernet120,100000,1249,Access,on
str4-7060x6-512-7,Ethernet121,str4-7060x6-512-fan-7,Ethernet121,100000,,Access,on
str4-7060x6-512-7,Ethernet122,str4-7060x6-512-fan-7,Ethernet122,100000,,Access,on
str4-7060x6-512-7,Ethernet123,str4-7060x6-512-fan-7,Ethernet123,100000,,Access,on
str4-7060x6-512-7,Ethernet124,str4-7060x6-512-fan-7,Ethernet124,100000,,Access,on
str4-7060x6-512-7,Ethernet125,str4-7060x6-512-fan-7,Ethernet125,100000,,Access,on
str4-7060x6-512-7,Ethernet126,str4-7060x6-512-fan-7,Ethernet126,100000,,Access,on
str4-7060x6-512-7,Ethernet127,str4-7060x6-512-fan-7,Ethernet127,100000,,Access,on
str4-7060x6-512-7,Ethernet128,str4-7060x6-512-fan-7,Ethernet128,400000,,Access,on
str4-7060x6-512-7,Ethernet132,str4-7060x6-512-fan-7,Ethernet132,400000,,Access,on
str4-7060x6-512-7,Ethernet136,str4-7060x6-512-fan-7,Ethernet136,400000,,Access,on
str4-7060x6-512-7,Ethernet140,str4-7060x6-512-fan-7,Ethernet140,400000,,Access,on
str4-7060x6-512-7,Ethernet144,str4-7060x6-512-fan-7,Ethernet144,100000,1250,Access,on
str4-7060x6-512-7,Ethernet145,str4-7060x6-512-fan-7,Ethernet145,100000,,Access,on
str4-7060x6-512-7,Ethernet146,str4-7060x6-512-fan-7,Ethernet146,100000,,Access,on
str4-7060x6-512-7,Ethernet147,str4-7060x6-512-fan-7,Ethernet147,100000,,Access,on
str4-7060x6-512-7,Ethernet148,str4-7060x6-512-fan-7,Ethernet148,100000,,Access,on
str4-7060x6-512-7,Ethernet149,str4-7060x6-512-fan-7,Ethernet149,100000,,Access,on
str4-7060x6-512-7,Ethernet150,str4-7060x6-512-fan-7,Ethernet150,100000,,Access,on
str4-7060x6-512-7,Ethernet151,str4-7060x6-512-fan-7,Ethernet151,100000,,Access,on
str4-7060x6-512-7,Ethernet152,str4-7060x6-512-fan-7,Ethernet152,100000,1251,Access,on
str4-7060x6-512-7,Ethernet153,str4-7060x6-512-fan-7,Ethernet153,100000,,Access,on
str4-7060x6-512-7,Ethernet154,str4-7060x6-512-fan-7,Ethernet154,100000,,Access,on
str4-7060x6-512-7,Ethernet155,str4-7060x6-512-fan-7,Ethernet155,100000,,Access,on
str4-7060x6-512-7,Ethernet156,str4-7060x6-512-fan-7,Ethernet156,100000,,Access,on
str4-7060x6-512-7,Ethernet157,str4-7060x6-512-fan-7,Ethernet157,100000,,Access,on
str4-7060x6-512-7,Ethernet158,str4-7060x6-512-fan-7,Ethernet158,100000,,Access,on
str4-7060x6-512-7,Ethernet159,str4-7060x6-512-fan-7,Ethernet159,100000,,Access,on
str4-7060x6-512-7,Ethernet160,str4-7060x6-512-fan-7,Ethernet160,100000,1252,Access,on
str4-7060x6-512-7,Ethernet161,str4-7060x6-512-fan-7,Ethernet161,100000,,Access,on
str4-7060x6-512-7,Ethernet162,str4-7060x6-512-fan-7,Ethernet162,100000,,Access,on
str4-7060x6-512-7,Ethernet163,str4-7060x6-512-fan-7,Ethernet163,100000,,Access,on
str4-7060x6-512-7,Ethernet164,str4-7060x6-512-fan-7,Ethernet164,100000,,Access,on
str4-7060x6-512-7,Ethernet165,str4-7060x6-512-fan-7,Ethernet165,100000,,Access,on
str4-7060x6-512-7,Ethernet166,str4-7060x6-512-fan-7,Ethernet166,100000,,Access,on
str4-7060x6-512-7,Ethernet167,str4-7060x6-512-fan-7,Ethernet167,100000,,Access,on
str4-7060x6-512-7,Ethernet168,str4-7060x6-512-fan-7,Ethernet168,100000,1253,Access,on
str4-7060x6-512-7,Ethernet169,str4-7060x6-512-fan-7,Ethernet169,100000,,Access,on
str4-7060x6-512-7,Ethernet170,str4-7060x6-512-fan-7,Ethernet170,100000,,Access,on
str4-7060x6-512-7,Ethernet171,str4-7060x6-512-fan-7,Ethernet171,100000,,Access,on
str4-7060x6-512-7,Ethernet172,str4-7060x6-512-fan-7,Ethernet172,100000,,Access,on
str4-7060x6-512-7,Ethernet173,str4-7060x6-512-fan-7,Ethernet173,100000,,Access,on
str4-7060x6-512-7,Ethernet174,str4-7060x6-512-fan-7,Ethernet174,100000,,Access,on
str4-7060x6-512-7,Ethernet175,str4-7060x6-512-fan-7,Ethernet175,100000,,Access,on
str4-7060x6-512-7,Ethernet176,str4-7060x6-512-fan-7,Ethernet176,100000,1254,Access,on
str4-7060x6-512-7,Ethernet177,str4-7060x6-512-fan-7,Ethernet177,100000,,Access,on
str4-7060x6-512-7,Ethernet178,str4-7060x6-512-fan-7,Ethernet178,100000,,Access,on
str4-7060x6-512-7,Ethernet179,str4-7060x6-512-fan-7,Ethernet179,100000,,Access,on
str4-7060x6-512-7,Ethernet180,str4-7060x6-512-fan-7,Ethernet180,100000,,Access,on
str4-7060x6-512-7,Ethernet181,str4-7060x6-512-fan-7,Ethernet181,100000,,Access,on
str4-7060x6-512-7,Ethernet182,str4-7060x6-512-fan-7,Ethernet182,100000,,Access,on
str4-7060x6-512-7,Ethernet183,str4-7060x6-512-fan-7,Ethernet183,100000,,Access,on
str4-7060x6-512-7,Ethernet184,str4-7060x6-512-fan-7,Ethernet184,100000,1255,Access,on
str4-7060x6-512-7,Ethernet185,str4-7060x6-512-fan-7,Ethernet185,100000,,Access,on
str4-7060x6-512-7,Ethernet186,str4-7060x6-512-fan-7,Ethernet186,100000,,Access,on
str4-7060x6-512-7,Ethernet187,str4-7060x6-512-fan-7,Ethernet187,100000,,Access,on
str4-7060x6-512-7,Ethernet188,str4-7060x6-512-fan-7,Ethernet188,100000,,Access,on
str4-7060x6-512-7,Ethernet189,str4-7060x6-512-fan-7,Ethernet189,100000,,Access,on
str4-7060x6-512-7,Ethernet190,str4-7060x6-512-fan-7,Ethernet190,100000,,Access,on
str4-7060x6-512-7,Ethernet191,str4-7060x6-512-fan-7,Ethernet191,100000,,Access,on
str4-7060x6-512-7,Ethernet192,str4-7060x6-512-fan-7,Ethernet192,100000,1256,Access,on
str4-7060x6-512-7,Ethernet193,str4-7060x6-512-fan-7,Ethernet193,100000,,Access,on
str4-7060x6-512-7,Ethernet194,str4-7060x6-512-fan-7,Ethernet194,100000,,Access,on
str4-7060x6-512-7,Ethernet195,str4-7060x6-512-fan-7,Ethernet195,100000,,Access,on
str4-7060x6-512-7,Ethernet196,str4-7060x6-512-fan-7,Ethernet196,100000,,Access,on
str4-7060x6-512-7,Ethernet197,str4-7060x6-512-fan-7,Ethernet197,100000,,Access,on
str4-7060x6-512-7,Ethernet198,str4-7060x6-512-fan-7,Ethernet198,100000,,Access,on
str4-7060x6-512-7,Ethernet199,str4-7060x6-512-fan-7,Ethernet199,100000,,Access,on
str4-7060x6-512-7,Ethernet200,str4-7060x6-512-fan-7,Ethernet200,100000,1257,Access,on
str4-7060x6-512-7,Ethernet201,str4-7060x6-512-fan-7,Ethernet201,100000,,Access,on
str4-7060x6-512-7,Ethernet202,str4-7060x6-512-fan-7,Ethernet202,100000,,Access,on
str4-7060x6-512-7,Ethernet203,str4-7060x6-512-fan-7,Ethernet203,100000,,Access,on
str4-7060x6-512-7,Ethernet204,str4-7060x6-512-fan-7,Ethernet204,100000,,Access,on
str4-7060x6-512-7,Ethernet205,str4-7060x6-512-fan-7,Ethernet205,100000,,Access,on
str4-7060x6-512-7,Ethernet206,str4-7060x6-512-fan-7,Ethernet206,100000,,Access,on
str4-7060x6-512-7,Ethernet207,str4-7060x6-512-fan-7,Ethernet207,100000,,Access,on
str4-7060x6-512-7,Ethernet208,str4-7060x6-512-fan-7,Ethernet208,100000,1258,Access,on
str4-7060x6-512-7,Ethernet209,str4-7060x6-512-fan-7,Ethernet209,100000,,Access,on
str4-7060x6-512-7,Ethernet210,str4-7060x6-512-fan-7,Ethernet210,100000,,Access,on
str4-7060x6-512-7,Ethernet211,str4-7060x6-512-fan-7,Ethernet211,100000,,Access,on
str4-7060x6-512-7,Ethernet212,str4-7060x6-512-fan-7,Ethernet212,100000,,Access,on
str4-7060x6-512-7,Ethernet213,str4-7060x6-512-fan-7,Ethernet213,100000,,Access,on
str4-7060x6-512-7,Ethernet214,str4-7060x6-512-fan-7,Ethernet214,100000,,Access,on
str4-7060x6-512-7,Ethernet215,str4-7060x6-512-fan-7,Ethernet215,100000,,Access,on
str4-7060x6-512-7,Ethernet216,str4-7060x6-512-fan-7,Ethernet216,100000,1259,Access,on
str4-7060x6-512-7,Ethernet217,str4-7060x6-512-fan-7,Ethernet217,100000,,Access,on
str4-7060x6-512-7,Ethernet218,str4-7060x6-512-fan-7,Ethernet218,100000,,Access,on
str4-7060x6-512-7,Ethernet219,str4-7060x6-512-fan-7,Ethernet219,100000,,Access,on
str4-7060x6-512-7,Ethernet220,str4-7060x6-512-fan-7,Ethernet220,100000,,Access,on
str4-7060x6-512-7,Ethernet221,str4-7060x6-512-fan-7,Ethernet221,100000,,Access,on
str4-7060x6-512-7,Ethernet222,str4-7060x6-512-fan-7,Ethernet222,100000,,Access,on
str4-7060x6-512-7,Ethernet223,str4-7060x6-512-fan-7,Ethernet223,100000,,Access,on
str4-7060x6-512-7,Ethernet224,str4-7060x6-512-fan-7,Ethernet224,100000,1260,Access,on
str4-7060x6-512-7,Ethernet225,str4-7060x6-512-fan-7,Ethernet225,100000,,Access,on
str4-7060x6-512-7,Ethernet226,str4-7060x6-512-fan-7,Ethernet226,100000,,Access,on
str4-7060x6-512-7,Ethernet227,str4-7060x6-512-fan-7,Ethernet227,100000,,Access,on
str4-7060x6-512-7,Ethernet228,str4-7060x6-512-fan-7,Ethernet228,100000,,Access,on
str4-7060x6-512-7,Ethernet229,str4-7060x6-512-fan-7,Ethernet229,100000,,Access,on
str4-7060x6-512-7,Ethernet230,str4-7060x6-512-fan-7,Ethernet230,100000,,Access,on
str4-7060x6-512-7,Ethernet231,str4-7060x6-512-fan-7,Ethernet231,100000,,Access,on
str4-7060x6-512-7,Ethernet232,str4-7060x6-512-fan-7,Ethernet232,100000,1261,Access,on
str4-7060x6-512-7,Ethernet233,str4-7060x6-512-fan-7,Ethernet233,100000,,Access,on
str4-7060x6-512-7,Ethernet234,str4-7060x6-512-fan-7,Ethernet234,100000,,Access,on
str4-7060x6-512-7,Ethernet235,str4-7060x6-512-fan-7,Ethernet235,100000,,Access,on
str4-7060x6-512-7,Ethernet236,str4-7060x6-512-fan-7,Ethernet236,100000,,Access,on
str4-7060x6-512-7,Ethernet237,str4-7060x6-512-fan-7,Ethernet237,100000,,Access,on
str4-7060x6-512-7,Ethernet238,str4-7060x6-512-fan-7,Ethernet238,100000,,Access,on
str4-7060x6-512-7,Ethernet239,str4-7060x6-512-fan-7,Ethernet239,100000,,Access,on
str4-7060x6-512-7,Ethernet240,str4-7060x6-512-fan-7,Ethernet240,100000,1262,Access,on
str4-7060x6-512-7,Ethernet241,str4-7060x6-512-fan-7,Ethernet241,100000,,Access,on
str4-7060x6-512-7,Ethernet242,str4-7060x6-512-fan-7,Ethernet242,100000,,Access,on
str4-7060x6-512-7,Ethernet243,str4-7060x6-512-fan-7,Ethernet243,100000,,Access,on
str4-7060x6-512-7,Ethernet244,str4-7060x6-512-fan-7,Ethernet244,100000,,Access,on
str4-7060x6-512-7,Ethernet245,str4-7060x6-512-fan-7,Ethernet245,100000,,Access,on
str4-7060x6-512-7,Ethernet246,str4-7060x6-512-fan-7,Ethernet246,100000,,Access,on
str4-7060x6-512-7,Ethernet247,str4-7060x6-512-fan-7,Ethernet247,100000,,Access,on
str4-7060x6-512-7,Ethernet248,str4-7060x6-512-fan-7,Ethernet248,100000,1263,Access,on
str4-7060x6-512-7,Ethernet249,str4-7060x6-512-fan-7,Ethernet249,100000,,Access,on
str4-7060x6-512-7,Ethernet250,str4-7060x6-512-fan-7,Ethernet250,100000,,Access,on
str4-7060x6-512-7,Ethernet251,str4-7060x6-512-fan-7,Ethernet251,100000,,Access,on
str4-7060x6-512-7,Ethernet252,str4-7060x6-512-fan-7,Ethernet252,100000,,Access,on
str4-7060x6-512-7,Ethernet253,str4-7060x6-512-fan-7,Ethernet253,100000,,Access,on
str4-7060x6-512-7,Ethernet254,str4-7060x6-512-fan-7,Ethernet254,100000,,Access,on
str4-7060x6-512-7,Ethernet255,str4-7060x6-512-fan-7,Ethernet255,100000,,Access,on
str4-7060x6-512-7,Ethernet256,str4-7060x6-512-fan-7,Ethernet256,100000,1264,Access,on
str4-7060x6-512-7,Ethernet257,str4-7060x6-512-fan-7,Ethernet257,100000,,Access,on
str4-7060x6-512-7,Ethernet258,str4-7060x6-512-fan-7,Ethernet258,100000,,Access,on
str4-7060x6-512-7,Ethernet259,str4-7060x6-512-fan-7,Ethernet259,100000,,Access,on
str4-7060x6-512-7,Ethernet260,str4-7060x6-512-fan-7,Ethernet260,100000,,Access,on
str4-7060x6-512-7,Ethernet261,str4-7060x6-512-fan-7,Ethernet261,100000,,Access,on
str4-7060x6-512-7,Ethernet262,str4-7060x6-512-fan-7,Ethernet262,100000,,Access,on
str4-7060x6-512-7,Ethernet263,str4-7060x6-512-fan-7,Ethernet263,100000,,Access,on
str4-7060x6-512-7,Ethernet264,str4-7060x6-512-fan-7,Ethernet264,100000,1265,Access,on
str4-7060x6-512-7,Ethernet265,str4-7060x6-512-fan-7,Ethernet265,100000,,Access,on
str4-7060x6-512-7,Ethernet266,str4-7060x6-512-fan-7,Ethernet266,100000,,Access,on
str4-7060x6-512-7,Ethernet267,str4-7060x6-512-fan-7,Ethernet267,100000,,Access,on
str4-7060x6-512-7,Ethernet268,str4-7060x6-512-fan-7,Ethernet268,100000,,Access,on
str4-7060x6-512-7,Ethernet269,str4-7060x6-512-fan-7,Ethernet269,100000,,Access,on
str4-7060x6-512-7,Ethernet270,str4-7060x6-512-fan-7,Ethernet270,100000,,Access,on
str4-7060x6-512-7,Ethernet271,str4-7060x6-512-fan-7,Ethernet271,100000,,Access,on
str4-7060x6-512-7,Ethernet272,str4-7060x6-512-fan-7,Ethernet272,100000,1266,Access,on
str4-7060x6-512-7,Ethernet273,str4-7060x6-512-fan-7,Ethernet273,100000,,Access,on
str4-7060x6-512-7,Ethernet274,str4-7060x6-512-fan-7,Ethernet274,100000,,Access,on
str4-7060x6-512-7,Ethernet275,str4-7060x6-512-fan-7,Ethernet275,100000,,Access,on
str4-7060x6-512-7,Ethernet276,str4-7060x6-512-fan-7,Ethernet276,100000,,Access,on
str4-7060x6-512-7,Ethernet277,str4-7060x6-512-fan-7,Ethernet277,100000,,Access,on
str4-7060x6-512-7,Ethernet278,str4-7060x6-512-fan-7,Ethernet278,100000,,Access,on
str4-7060x6-512-7,Ethernet279,str4-7060x6-512-fan-7,Ethernet279,100000,,Access,on
str4-7060x6-512-7,Ethernet280,str4-7060x6-512-fan-7,Ethernet280,100000,1267,Access,on
str4-7060x6-512-7,Ethernet281,str4-7060x6-512-fan-7,Ethernet281,100000,,Access,on
str4-7060x6-512-7,Ethernet282,str4-7060x6-512-fan-7,Ethernet282,100000,,Access,on
str4-7060x6-512-7,Ethernet283,str4-7060x6-512-fan-7,Ethernet283,100000,,Access,on
str4-7060x6-512-7,Ethernet284,str4-7060x6-512-fan-7,Ethernet284,100000,,Access,on
str4-7060x6-512-7,Ethernet285,str4-7060x6-512-fan-7,Ethernet285,100000,,Access,on
str4-7060x6-512-7,Ethernet286,str4-7060x6-512-fan-7,Ethernet286,100000,,Access,on
str4-7060x6-512-7,Ethernet287,str4-7060x6-512-fan-7,Ethernet287,100000,,Access,on
str4-7060x6-512-7,Ethernet288,str4-7060x6-512-fan-7,Ethernet288,100000,1268,Access,on
str4-7060x6-512-7,Ethernet289,str4-7060x6-512-fan-7,Ethernet289,100000,,Access,on
str4-7060x6-512-7,Ethernet290,str4-7060x6-512-fan-7,Ethernet290,100000,,Access,on
str4-7060x6-512-7,Ethernet291,str4-7060x6-512-fan-7,Ethernet291,100000,,Access,on
str4-7060x6-512-7,Ethernet292,str4-7060x6-512-fan-7,Ethernet292,100000,,Access,on
str4-7060x6-512-7,Ethernet293,str4-7060x6-512-fan-7,Ethernet293,100000,,Access,on
str4-7060x6-512-7,Ethernet294,str4-7060x6-512-fan-7,Ethernet294,100000,,Access,on
str4-7060x6-512-7,Ethernet295,str4-7060x6-512-fan-7,Ethernet295,100000,,Access,on
str4-7060x6-512-7,Ethernet296,str4-7060x6-512-fan-7,Ethernet296,100000,1269,Access,on
str4-7060x6-512-7,Ethernet297,str4-7060x6-512-fan-7,Ethernet297,100000,,Access,on
str4-7060x6-512-7,Ethernet298,str4-7060x6-512-fan-7,Ethernet298,100000,,Access,on
str4-7060x6-512-7,Ethernet299,str4-7060x6-512-fan-7,Ethernet299,100000,,Access,on
str4-7060x6-512-7,Ethernet300,str4-7060x6-512-fan-7,Ethernet300,100000,,Access,on
str4-7060x6-512-7,Ethernet301,str4-7060x6-512-fan-7,Ethernet301,100000,,Access,on
str4-7060x6-512-7,Ethernet302,str4-7060x6-512-fan-7,Ethernet302,100000,,Access,on
str4-7060x6-512-7,Ethernet303,str4-7060x6-512-fan-7,Ethernet303,100000,,Access,on
str4-7060x6-512-7,Ethernet304,str4-7060x6-512-fan-7,Ethernet304,100000,1270,Access,on
str4-7060x6-512-7,Ethernet305,str4-7060x6-512-fan-7,Ethernet305,100000,,Access,on
str4-7060x6-512-7,Ethernet306,str4-7060x6-512-fan-7,Ethernet306,100000,,Access,on
str4-7060x6-512-7,Ethernet307,str4-7060x6-512-fan-7,Ethernet307,100000,,Access,on
str4-7060x6-512-7,Ethernet308,str4-7060x6-512-fan-7,Ethernet308,100000,,Access,on
str4-7060x6-512-7,Ethernet309,str4-7060x6-512-fan-7,Ethernet309,100000,,Access,on
str4-7060x6-512-7,Ethernet310,str4-7060x6-512-fan-7,Ethernet310,100000,,Access,on
str4-7060x6-512-7,Ethernet311,str4-7060x6-512-fan-7,Ethernet311,100000,,Access,on
str4-7060x6-512-7,Ethernet312,str4-7060x6-512-fan-7,Ethernet312,100000,1271,Access,on
str4-7060x6-512-7,Ethernet313,str4-7060x6-512-fan-7,Ethernet313,100000,,Access,on
str4-7060x6-512-7,Ethernet314,str4-7060x6-512-fan-7,Ethernet314,100000,,Access,on
str4-7060x6-512-7,Ethernet315,str4-7060x6-512-fan-7,Ethernet315,100000,,Access,on
str4-7060x6-512-7,Ethernet316,str4-7060x6-512-fan-7,Ethernet316,100000,,Access,on
str4-7060x6-512-7,Ethernet317,str4-7060x6-512-fan-7,Ethernet317,100000,,Access,on
str4-7060x6-512-7,Ethernet318,str4-7060x6-512-fan-7,Ethernet318,100000,,Access,on
str4-7060x6-512-7,Ethernet319,str4-7060x6-512-fan-7,Ethernet319,100000,,Access,on
str4-7060x6-512-7,Ethernet320,str4-7060x6-512-fan-7,Ethernet320,100000,1272,Access,on
str4-7060x6-512-7,Ethernet321,str4-7060x6-512-fan-7,Ethernet321,100000,,Access,on
str4-7060x6-512-7,Ethernet322,str4-7060x6-512-fan-7,Ethernet322,100000,,Access,on
str4-7060x6-512-7,Ethernet323,str4-7060x6-512-fan-7,Ethernet323,100000,,Access,on
str4-7060x6-512-7,Ethernet324,str4-7060x6-512-fan-7,Ethernet324,100000,,Access,on
str4-7060x6-512-7,Ethernet325,str4-7060x6-512-fan-7,Ethernet325,100000,,Access,on
str4-7060x6-512-7,Ethernet326,str4-7060x6-512-fan-7,Ethernet326,100000,,Access,on
str4-7060x6-512-7,Ethernet327,str4-7060x6-512-fan-7,Ethernet327,100000,,Access,on
str4-7060x6-512-7,Ethernet328,str4-7060x6-512-fan-7,Ethernet328,100000,1273,Access,on
str4-7060x6-512-7,Ethernet329,str4-7060x6-512-fan-7,Ethernet329,100000,,Access,on
str4-7060x6-512-7,Ethernet330,str4-7060x6-512-fan-7,Ethernet330,100000,,Access,on
str4-7060x6-512-7,Ethernet331,str4-7060x6-512-fan-7,Ethernet331,100000,,Access,on
str4-7060x6-512-7,Ethernet332,str4-7060x6-512-fan-7,Ethernet332,100000,,Access,on
str4-7060x6-512-7,Ethernet333,str4-7060x6-512-fan-7,Ethernet333,100000,,Access,on
str4-7060x6-512-7,Ethernet334,str4-7060x6-512-fan-7,Ethernet334,100000,,Access,on
str4-7060x6-512-7,Ethernet335,str4-7060x6-512-fan-7,Ethernet335,100000,,Access,on
str4-7060x6-512-7,Ethernet336,str4-7060x6-512-fan-7,Ethernet336,100000,1274,Access,on
str4-7060x6-512-7,Ethernet337,str4-7060x6-512-fan-7,Ethernet337,100000,,Access,on
str4-7060x6-512-7,Ethernet338,str4-7060x6-512-fan-7,Ethernet338,100000,,Access,on
str4-7060x6-512-7,Ethernet339,str4-7060x6-512-fan-7,Ethernet339,100000,,Access,on
str4-7060x6-512-7,Ethernet340,str4-7060x6-512-fan-7,Ethernet340,100000,,Access,on
str4-7060x6-512-7,Ethernet341,str4-7060x6-512-fan-7,Ethernet341,100000,,Access,on
str4-7060x6-512-7,Ethernet342,str4-7060x6-512-fan-7,Ethernet342,100000,,Access,on
str4-7060x6-512-7,Ethernet343,str4-7060x6-512-fan-7,Ethernet343,100000,,Access,on
str4-7060x6-512-7,Ethernet344,str4-7060x6-512-fan-7,Ethernet344,100000,1275,Access,on
str4-7060x6-512-7,Ethernet345,str4-7060x6-512-fan-7,Ethernet345,100000,,Access,on
str4-7060x6-512-7,Ethernet346,str4-7060x6-512-fan-7,Ethernet346,100000,,Access,on
str4-7060x6-512-7,Ethernet347,str4-7060x6-512-fan-7,Ethernet347,100000,,Access,on
str4-7060x6-512-7,Ethernet348,str4-7060x6-512-fan-7,Ethernet348,100000,,Access,on
str4-7060x6-512-7,Ethernet349,str4-7060x6-512-fan-7,Ethernet349,100000,,Access,on
str4-7060x6-512-7,Ethernet350,str4-7060x6-512-fan-7,Ethernet350,100000,,Access,on
str4-7060x6-512-7,Ethernet351,str4-7060x6-512-fan-7,Ethernet351,100000,,Access,on
str4-7060x6-512-7,Ethernet352,str4-7060x6-512-fan-7,Ethernet352,400000,,Access,on
str4-7060x6-512-7,Ethernet356,str4-7060x6-512-fan-7,Ethernet356,400000,,Access,on
str4-7060x6-512-7,Ethernet360,str4-7060x6-512-fan-7,Ethernet360,400000,,Access,on
str4-7060x6-512-7,Ethernet364,str4-7060x6-512-fan-7,Ethernet364,400000,,Access,on
str4-7060x6-512-7,Ethernet368,str4-7060x6-512-fan-7,Ethernet368,100000,1276,Access,on
str4-7060x6-512-7,Ethernet369,str4-7060x6-512-fan-7,Ethernet369,100000,,Access,on
str4-7060x6-512-7,Ethernet370,str4-7060x6-512-fan-7,Ethernet370,100000,,Access,on
str4-7060x6-512-7,Ethernet371,str4-7060x6-512-fan-7,Ethernet371,100000,,Access,on
str4-7060x6-512-7,Ethernet372,str4-7060x6-512-fan-7,Ethernet372,100000,,Access,on
str4-7060x6-512-7,Ethernet373,str4-7060x6-512-fan-7,Ethernet373,100000,,Access,on
str4-7060x6-512-7,Ethernet374,str4-7060x6-512-fan-7,Ethernet374,100000,,Access,on
str4-7060x6-512-7,Ethernet375,str4-7060x6-512-fan-7,Ethernet375,100000,,Access,on
str4-7060x6-512-7,Ethernet376,str4-7060x6-512-fan-7,Ethernet376,100000,1277,Access,on
str4-7060x6-512-7,Ethernet377,str4-7060x6-512-fan-7,Ethernet377,100000,,Access,on
str4-7060x6-512-7,Ethernet378,str4-7060x6-512-fan-7,Ethernet378,100000,,Access,on
str4-7060x6-512-7,Ethernet379,str4-7060x6-512-fan-7,Ethernet379,100000,,Access,on
str4-7060x6-512-7,Ethernet380,str4-7060x6-512-fan-7,Ethernet380,100000,,Access,on
str4-7060x6-512-7,Ethernet381,str4-7060x6-512-fan-7,Ethernet381,100000,,Access,on
str4-7060x6-512-7,Ethernet382,str4-7060x6-512-fan-7,Ethernet382,100000,,Access,on
str4-7060x6-512-7,Ethernet383,str4-7060x6-512-fan-7,Ethernet383,100000,,Access,on
str4-7060x6-512-7,Ethernet384,str4-7060x6-512-fan-7,Ethernet384,400000,,Access,on
str4-7060x6-512-7,Ethernet388,str4-7060x6-512-fan-7,Ethernet388,400000,,Access,on
str4-7060x6-512-7,Ethernet392,str4-7060x6-512-fan-7,Ethernet392,400000,,Access,on
str4-7060x6-512-7,Ethernet396,str4-7060x6-512-fan-7,Ethernet396,400000,,Access,on
str4-7060x6-512-7,Ethernet400,str4-7060x6-512-fan-7,Ethernet400,100000,1278,Access,on
str4-7060x6-512-7,Ethernet401,str4-7060x6-512-fan-7,Ethernet401,100000,,Access,on
str4-7060x6-512-7,Ethernet402,str4-7060x6-512-fan-7,Ethernet402,100000,,Access,on
str4-7060x6-512-7,Ethernet403,str4-7060x6-512-fan-7,Ethernet403,100000,,Access,on
str4-7060x6-512-7,Ethernet404,str4-7060x6-512-fan-7,Ethernet404,100000,,Access,on
str4-7060x6-512-7,Ethernet405,str4-7060x6-512-fan-7,Ethernet405,100000,,Access,on
str4-7060x6-512-7,Ethernet406,str4-7060x6-512-fan-7,Ethernet406,100000,,Access,on
str4-7060x6-512-7,Ethernet407,str4-7060x6-512-fan-7,Ethernet407,100000,,Access,on
str4-7060x6-512-7,Ethernet408,str4-7060x6-512-fan-7,Ethernet408,100000,1279,Access,on
str4-7060x6-512-7,Ethernet409,str4-7060x6-512-fan-7,Ethernet409,100000,,Access,on
str4-7060x6-512-7,Ethernet410,str4-7060x6-512-fan-7,Ethernet410,100000,,Access,on
str4-7060x6-512-7,Ethernet411,str4-7060x6-512-fan-7,Ethernet411,100000,,Access,on
str4-7060x6-512-7,Ethernet412,str4-7060x6-512-fan-7,Ethernet412,100000,,Access,on
str4-7060x6-512-7,Ethernet413,str4-7060x6-512-fan-7,Ethernet413,100000,,Access,on
str4-7060x6-512-7,Ethernet414,str4-7060x6-512-fan-7,Ethernet414,100000,,Access,on
str4-7060x6-512-7,Ethernet415,str4-7060x6-512-fan-7,Ethernet415,100000,,Access,on
str4-7060x6-512-7,Ethernet416,str4-7060x6-512-fan-7,Ethernet416,100000,1280,Access,on
str4-7060x6-512-7,Ethernet417,str4-7060x6-512-fan-7,Ethernet417,100000,,Access,on
str4-7060x6-512-7,Ethernet418,str4-7060x6-512-fan-7,Ethernet418,100000,,Access,on
str4-7060x6-512-7,Ethernet419,str4-7060x6-512-fan-7,Ethernet419,100000,,Access,on
str4-7060x6-512-7,Ethernet420,str4-7060x6-512-fan-7,Ethernet420,100000,,Access,on
str4-7060x6-512-7,Ethernet421,str4-7060x6-512-fan-7,Ethernet421,100000,,Access,on
str4-7060x6-512-7,Ethernet422,str4-7060x6-512-fan-7,Ethernet422,100000,,Access,on
str4-7060x6-512-7,Ethernet423,str4-7060x6-512-fan-7,Ethernet423,100000,,Access,on
str4-7060x6-512-7,Ethernet424,str4-7060x6-512-fan-7,Ethernet424,100000,1281,Access,on
str4-7060x6-512-7,Ethernet425,str4-7060x6-512-fan-7,Ethernet425,100000,,Access,on
str4-7060x6-512-7,Ethernet426,str4-7060x6-512-fan-7,Ethernet426,100000,,Access,on
str4-7060x6-512-7,Ethernet427,str4-7060x6-512-fan-7,Ethernet427,100000,,Access,on
str4-7060x6-512-7,Ethernet428,str4-7060x6-512-fan-7,Ethernet428,100000,,Access,on
str4-7060x6-512-7,Ethernet429,str4-7060x6-512-fan-7,Ethernet429,100000,,Access,on
str4-7060x6-512-7,Ethernet430,str4-7060x6-512-fan-7,Ethernet430,100000,,Access,on
str4-7060x6-512-7,Ethernet431,str4-7060x6-512-fan-7,Ethernet431,100000,,Access,on
str4-7060x6-512-7,Ethernet432,str4-7060x6-512-fan-7,Ethernet432,100000,1282,Access,on
str4-7060x6-512-7,Ethernet433,str4-7060x6-512-fan-7,Ethernet433,100000,,Access,on
str4-7060x6-512-7,Ethernet434,str4-7060x6-512-fan-7,Ethernet434,100000,,Access,on
str4-7060x6-512-7,Ethernet435,str4-7060x6-512-fan-7,Ethernet435,100000,,Access,on
str4-7060x6-512-7,Ethernet436,str4-7060x6-512-fan-7,Ethernet436,100000,,Access,on
str4-7060x6-512-7,Ethernet437,str4-7060x6-512-fan-7,Ethernet437,100000,,Access,on
str4-7060x6-512-7,Ethernet438,str4-7060x6-512-fan-7,Ethernet438,100000,,Access,on
str4-7060x6-512-7,Ethernet439,str4-7060x6-512-fan-7,Ethernet439,100000,,Access,on
str4-7060x6-512-7,Ethernet440,str4-7060x6-512-fan-7,Ethernet440,100000,1283,Access,on
str4-7060x6-512-7,Ethernet441,str4-7060x6-512-fan-7,Ethernet441,100000,,Access,on
str4-7060x6-512-7,Ethernet442,str4-7060x6-512-fan-7,Ethernet442,100000,,Access,on
str4-7060x6-512-7,Ethernet443,str4-7060x6-512-fan-7,Ethernet443,100000,,Access,on
str4-7060x6-512-7,Ethernet444,str4-7060x6-512-fan-7,Ethernet444,100000,,Access,on
str4-7060x6-512-7,Ethernet445,str4-7060x6-512-fan-7,Ethernet445,100000,,Access,on
str4-7060x6-512-7,Ethernet446,str4-7060x6-512-fan-7,Ethernet446,100000,,Access,on
str4-7060x6-512-7,Ethernet447,str4-7060x6-512-fan-7,Ethernet447,100000,,Access,on
str4-7060x6-512-7,Ethernet448,str4-7060x6-512-fan-7,Ethernet448,100000,1284,Access,on
str4-7060x6-512-7,Ethernet449,str4-7060x6-512-fan-7,Ethernet449,100000,,Access,on
str4-7060x6-512-7,Ethernet450,str4-7060x6-512-fan-7,Ethernet450,100000,,Access,on
str4-7060x6-512-7,Ethernet451,str4-7060x6-512-fan-7,Ethernet451,100000,,Access,on
str4-7060x6-512-7,Ethernet452,str4-7060x6-512-fan-7,Ethernet452,100000,,Access,on
str4-7060x6-512-7,Ethernet453,str4-7060x6-512-fan-7,Ethernet453,100000,,Access,on
str4-7060x6-512-7,Ethernet454,str4-7060x6-512-fan-7,Ethernet454,100000,,Access,on
str4-7060x6-512-7,Ethernet455,str4-7060x6-512-fan-7,Ethernet455,100000,,Access,on
str4-7060x6-512-7,Ethernet456,str4-7060x6-512-fan-7,Ethernet456,100000,1285,Access,on
str4-7060x6-512-7,Ethernet457,str4-7060x6-512-fan-7,Ethernet457,100000,,Access,on
str4-7060x6-512-7,Ethernet458,str4-7060x6-512-fan-7,Ethernet458,100000,,Access,on
str4-7060x6-512-7,Ethernet459,str4-7060x6-512-fan-7,Ethernet459,100000,,Access,on
str4-7060x6-512-7,Ethernet460,str4-7060x6-512-fan-7,Ethernet460,100000,,Access,on
str4-7060x6-512-7,Ethernet461,str4-7060x6-512-fan-7,Ethernet461,100000,,Access,on
str4-7060x6-512-7,Ethernet462,str4-7060x6-512-fan-7,Ethernet462,100000,,Access,on
str4-7060x6-512-7,Ethernet463,str4-7060x6-512-fan-7,Ethernet463,100000,,Access,on
str4-7060x6-512-7,Ethernet464,str4-7060x6-512-fan-7,Ethernet464,100000,1286,Access,on
str4-7060x6-512-7,Ethernet465,str4-7060x6-512-fan-7,Ethernet465,100000,,Access,on
str4-7060x6-512-7,Ethernet466,str4-7060x6-512-fan-7,Ethernet466,100000,,Access,on
str4-7060x6-512-7,Ethernet467,str4-7060x6-512-fan-7,Ethernet467,100000,,Access,on
str4-7060x6-512-7,Ethernet468,str4-7060x6-512-fan-7,Ethernet468,100000,,Access,on
str4-7060x6-512-7,Ethernet469,str4-7060x6-512-fan-7,Ethernet469,100000,,Access,on
str4-7060x6-512-7,Ethernet470,str4-7060x6-512-fan-7,Ethernet470,100000,,Access,on
str4-7060x6-512-7,Ethernet471,str4-7060x6-512-fan-7,Ethernet471,100000,,Access,on
str4-7060x6-512-7,Ethernet472,str4-7060x6-512-fan-7,Ethernet472,100000,1287,Access,on
str4-7060x6-512-7,Ethernet473,str4-7060x6-512-fan-7,Ethernet473,100000,,Access,on
str4-7060x6-512-7,Ethernet474,str4-7060x6-512-fan-7,Ethernet474,100000,,Access,on
str4-7060x6-512-7,Ethernet475,str4-7060x6-512-fan-7,Ethernet475,100000,,Access,on
str4-7060x6-512-7,Ethernet476,str4-7060x6-512-fan-7,Ethernet476,100000,,Access,on
str4-7060x6-512-7,Ethernet477,str4-7060x6-512-fan-7,Ethernet477,100000,,Access,on
str4-7060x6-512-7,Ethernet478,str4-7060x6-512-fan-7,Ethernet478,100000,,Access,on
str4-7060x6-512-7,Ethernet479,str4-7060x6-512-fan-7,Ethernet479,100000,,Access,on
str4-7060x6-512-7,Ethernet480,str4-7060x6-512-fan-7,Ethernet480,100000,1288,Access,on
str4-7060x6-512-7,Ethernet481,str4-7060x6-512-fan-7,Ethernet481,100000,,Access,on
str4-7060x6-512-7,Ethernet482,str4-7060x6-512-fan-7,Ethernet482,100000,,Access,on
str4-7060x6-512-7,Ethernet483,str4-7060x6-512-fan-7,Ethernet483,100000,,Access,on
str4-7060x6-512-7,Ethernet484,str4-7060x6-512-fan-7,Ethernet484,100000,,Access,on
str4-7060x6-512-7,Ethernet485,str4-7060x6-512-fan-7,Ethernet485,100000,,Access,on
str4-7060x6-512-7,Ethernet486,str4-7060x6-512-fan-7,Ethernet486,100000,,Access,on
str4-7060x6-512-7,Ethernet487,str4-7060x6-512-fan-7,Ethernet487,100000,,Access,on
str4-7060x6-512-7,Ethernet488,str4-7060x6-512-fan-7,Ethernet488,100000,1289,Access,on
str4-7060x6-512-7,Ethernet489,str4-7060x6-512-fan-7,Ethernet489,100000,,Access,on
str4-7060x6-512-7,Ethernet490,str4-7060x6-512-fan-7,Ethernet490,100000,,Access,on
str4-7060x6-512-7,Ethernet491,str4-7060x6-512-fan-7,Ethernet491,100000,,Access,on
str4-7060x6-512-7,Ethernet492,str4-7060x6-512-fan-7,Ethernet492,100000,,Access,on
str4-7060x6-512-7,Ethernet493,str4-7060x6-512-fan-7,Ethernet493,100000,,Access,on
str4-7060x6-512-7,Ethernet494,str4-7060x6-512-fan-7,Ethernet494,100000,,Access,on
str4-7060x6-512-7,Ethernet495,str4-7060x6-512-fan-7,Ethernet495,100000,,Access,on
str4-7060x6-512-7,Ethernet496,str4-7060x6-64pe-fan-share-1,Ethernet52,100000,1290,Access,off
str4-7060x6-512-7,Ethernet497,str4-7060x6-64pe-fan-share-1,Ethernet53,100000,,Access,off
str4-7060x6-512-7,Ethernet498,str4-7060x6-64pe-fan-share-1,Ethernet54,100000,,Access,off
str4-7060x6-512-7,Ethernet499,str4-7060x6-64pe-fan-share-1,Ethernet55,100000,,Access,off
str4-7060x6-512-7,Ethernet500,str4-7060x6-64pe-fan-share-1,Ethernet48,100000,,Access,off
str4-7060x6-512-7,Ethernet501,str4-7060x6-64pe-fan-share-1,Ethernet49,100000,,Access,off
str4-7060x6-512-7,Ethernet502,str4-7060x6-64pe-fan-share-1,Ethernet50,100000,,Access,off
str4-7060x6-512-7,Ethernet503,str4-7060x6-64pe-fan-share-1,Ethernet51,100000,,Access,off
str4-7060x6-512-7,Ethernet504,str4-7060x6-512-fan-7,Ethernet504,100000,1291,Access,on
str4-7060x6-512-7,Ethernet505,str4-7060x6-512-fan-7,Ethernet505,100000,,Access,on
str4-7060x6-512-7,Ethernet506,str4-7060x6-512-fan-7,Ethernet506,100000,,Access,on
str4-7060x6-512-7,Ethernet507,str4-7060x6-512-fan-7,Ethernet507,100000,,Access,on
str4-7060x6-512-7,Ethernet508,str4-7060x6-512-fan-7,Ethernet508,100000,,Access,on
str4-7060x6-512-7,Ethernet509,str4-7060x6-512-fan-7,Ethernet509,100000,,Access,on
str4-7060x6-512-7,Ethernet510,str4-7060x6-512-fan-7,Ethernet510,100000,,Access,on
str4-7060x6-512-7,Ethernet511,str4-7060x6-512-fan-7,Ethernet511,100000,,Access,on
str43-7060x6-512-c17-u08,Ethernet0,str43-7060x6-512-c17-u10,Ethernet0,100000,,Access,off
str43-7060x6-512-c17-u08,Ethernet1,str43-7060x6-512-c17-u10,Ethernet1,100000,,Access,off
str43-7060x6-512-c17-u08,Ethernet2,str43-7060x6-512-c17-u10,Ethernet2,100000,,Access,off
str43-7060x6-512-c17-u08,Ethernet3,str43-7060x6-512-c17-u10,Ethernet3,100000,,Access,off
str43-7060x6-512-c17-u08,Ethernet4,str43-7060x6-512-c17-u10,Ethernet4,100000,,Access,off
str43-7060x6-512-c17-u08,Ethernet5,str43-7060x6-512-c17-u10,Ethernet5,100000,,Access,off
str43-7060x6-512-c17-u08,Ethernet6,str43-7060x6-512-c17-u10,Ethernet6,100000,,Access,off
str43-7060x6-512-c17-u08,Ethernet7,str43-7060x6-512-c17-u10,Ethernet7,100000,,Access,off
str43-7060x6-512-c17-u08,Ethernet8,str43-7060x6-512-c17-u10,Ethernet8,100000,,Access,off
str43-7060x6-512-c17-u08,Ethernet9,str43-7060x6-512-c17-u10,Ethernet9,100000,,Access,off
str43-7060x6-512-c17-u08,Ethernet10,str43-7060x6-512-c17-u10,Ethernet10,100000,,Access,off
str43-7060x6-512-c17-u08,Ethernet11,str43-7060x6-512-c17-u10,Ethernet11,100000,,Access,off
str43-7060x6-512-c17-u08,Ethernet12,str43-7060x6-512-c17-u10,Ethernet12,100000,,Access,off
str43-7060x6-512-c17-u08,Ethernet13,str43-7060x6-512-c17-u10,Ethernet13,100000,,Access,off
str43-7060x6-512-c17-u08,Ethernet14,str43-7060x6-512-c17-u10,Ethernet14,100000,,Access,off
str43-7060x6-512-c17-u08,Ethernet15,str43-7060x6-512-c17-u10,Ethernet15,100000,,Access,off
str43-7060x6-512-c17-u08,Ethernet16,str43-7060x6-512-c17-u10,Ethernet16,100000,,Access,off
str43-7060x6-512-c17-u08,Ethernet17,str43-7060x6-512-c17-u10,Ethernet17,100000,,Access,off
str43-7060x6-512-c17-u08,Ethernet18,str43-7060x6-512-c17-u10,Ethernet18,100000,,Access,off
str43-7060x6-512-c17-u08,Ethernet19,str43-7060x6-512-c17-u10,Ethernet19,100000,,Access,off
str43-7060x6-512-c17-u08,Ethernet20,str43-7060x6-512-c17-u10,Ethernet20,100000,,Access,off
str43-7060x6-512-c17-u08,Ethernet21,str43-7060x6-512-c17-u10,Ethernet21,100000,,Access,off
str43-7060x6-512-c17-u08,Ethernet22,str43-7060x6-512-c17-u10,Ethernet22,100000,,Access,off
str43-7060x6-512-c17-u08,Ethernet23,str43-7060x6-512-c17-u10,Ethernet23,100000,,Access,off
str43-7060x6-512-c17-u08,Ethernet24,str43-7060x6-512-c17-u10,Ethernet24,100000,,Access,off
str43-7060x6-512-c17-u08,Ethernet25,str43-7060x6-512-c17-u10,Ethernet25,100000,,Access,off
str43-7060x6-512-c17-u08,Ethernet26,str43-7060x6-512-c17-u10,Ethernet26,100000,,Access,off
str43-7060x6-512-c17-u08,Ethernet27,str43-7060x6-512-c17-u10,Ethernet27,100000,,Access,off
str43-7060x6-512-c17-u08,Ethernet28,str43-7060x6-512-c17-u10,Ethernet28,100000,,Access,off
str43-7060x6-512-c17-u08,Ethernet29,str43-7060x6-512-c17-u10,Ethernet29,100000,,Access,off
str43-7060x6-512-c17-u08,Ethernet30,str43-7060x6-512-c17-u10,Ethernet30,100000,,Access,off
str43-7060x6-512-c17-u08,Ethernet31,str43-7060x6-512-c17-u10,Ethernet31,100000,,Access,off
str43-7060x6-512-c17-u08,Ethernet32,str43-7060x6-512-c17-u10,Ethernet32,100000,,Access,off
str43-7060x6-512-c17-u08,Ethernet33,str43-7060x6-512-c17-u10,Ethernet33,100000,,Access,off
str43-7060x6-512-c17-u08,Ethernet34,str43-7060x6-512-c17-u10,Ethernet34,100000,,Access,off
str43-7060x6-512-c17-u08,Ethernet35,str43-7060x6-512-c17-u10,Ethernet35,100000,,Access,off
str43-7060x6-512-c17-u08,Ethernet36,str43-7060x6-512-c17-u10,Ethernet36,100000,,Access,off
str43-7060x6-512-c17-u08,Ethernet37,str43-7060x6-512-c17-u10,Ethernet37,100000,,Access,off
str43-7060x6-512-c17-u08,Ethernet38,str43-7060x6-512-c17-u10,Ethernet38,100000,,Access,off
str43-7060x6-512-c17-u08,Ethernet39,str43-7060x6-512-c17-u10,Ethernet39,100000,,Access,off
str43-7060x6-512-c17-u08,Ethernet40,str43-7060x6-512-c17-u10,Ethernet40,100000,,Access,off
str43-7060x6-512-c17-u08,Ethernet41,str43-7060x6-512-c17-u10,Ethernet41,100000,,Access,off
str43-7060x6-512-c17-u08,Ethernet42,str43-7060x6-512-c17-u10,Ethernet42,100000,,Access,off
str43-7060x6-512-c17-u08,Ethernet43,str43-7060x6-512-c17-u10,Ethernet43,100000,,Access,off
str43-7060x6-512-c17-u08,Ethernet44,str43-7060x6-512-c17-u10,Ethernet44,100000,,Access,off
str43-7060x6-512-c17-u08,Ethernet45,str43-7060x6-512-c17-u10,Ethernet45,100000,,Access,off
str43-7060x6-512-c17-u08,Ethernet46,str43-7060x6-512-c17-u10,Ethernet46,100000,,Access,off
str43-7060x6-512-c17-u08,Ethernet47,str43-7060x6-512-c17-u10,Ethernet47,100000,,Access,off
str43-7060x6-512-c17-u08,Ethernet48,str43-7060x6-512-c17-u10,Ethernet48,100000,,Access,off
str43-7060x6-512-c17-u08,Ethernet49,str43-7060x6-512-c17-u10,Ethernet49,100000,,Access,off
str43-7060x6-512-c17-u08,Ethernet50,str43-7060x6-512-c17-u10,Ethernet50,100000,,Access,off
str43-7060x6-512-c17-u08,Ethernet51,str43-7060x6-512-c17-u10,Ethernet51,100000,,Access,off
str43-7060x6-512-c17-u08,Ethernet52,str43-7060x6-512-c17-u10,Ethernet52,100000,,Access,off
str43-7060x6-512-c17-u08,Ethernet53,str43-7060x6-512-c17-u10,Ethernet53,100000,,Access,off
str43-7060x6-512-c17-u08,Ethernet54,str43-7060x6-512-c17-u10,Ethernet54,100000,,Access,off
str43-7060x6-512-c17-u08,Ethernet55,str43-7060x6-512-c17-u10,Ethernet55,100000,,Access,off
str43-7060x6-512-c17-u08,Ethernet56,str43-7060x6-512-c17-u10,Ethernet56,100000,,Access,off
str43-7060x6-512-c17-u08,Ethernet57,str43-7060x6-512-c17-u10,Ethernet57,100000,,Access,off
str43-7060x6-512-c17-u08,Ethernet58,str43-7060x6-512-c17-u10,Ethernet58,100000,,Access,off
str43-7060x6-512-c17-u08,Ethernet59,str43-7060x6-512-c17-u10,Ethernet59,100000,,Access,off
str43-7060x6-512-c17-u08,Ethernet60,str43-7060x6-512-c17-u10,Ethernet60,100000,,Access,off
str43-7060x6-512-c17-u08,Ethernet61,str43-7060x6-512-c17-u10,Ethernet61,100000,,Access,off
str43-7060x6-512-c17-u08,Ethernet62,str43-7060x6-512-c17-u10,Ethernet62,100000,,Access,off
str43-7060x6-512-c17-u08,Ethernet63,str43-7060x6-512-c17-u10,Ethernet63,100000,,Access,off
str43-7060x6-512-c17-u08,Ethernet64,str43-7060x6-512-c17-u10,Ethernet64,100000,,Access,off
str43-7060x6-512-c17-u08,Ethernet65,str43-7060x6-512-c17-u10,Ethernet65,100000,,Access,off
str43-7060x6-512-c17-u08,Ethernet66,str43-7060x6-512-c17-u10,Ethernet66,100000,,Access,off
str43-7060x6-512-c17-u08,Ethernet67,str43-7060x6-512-c17-u10,Ethernet67,100000,,Access,off
str43-7060x6-512-c17-u08,Ethernet68,str43-7060x6-512-c17-u10,Ethernet68,100000,,Access,off
str43-7060x6-512-c17-u08,Ethernet69,str43-7060x6-512-c17-u10,Ethernet69,100000,,Access,off
str43-7060x6-512-c17-u08,Ethernet70,str43-7060x6-512-c17-u10,Ethernet70,100000,,Access,off
str43-7060x6-512-c17-u08,Ethernet71,str43-7060x6-512-c17-u10,Ethernet71,100000,,Access,off
str43-7060x6-512-c17-u08,Ethernet72,str43-7060x6-512-c17-u10,Ethernet72,100000,,Access,off
str43-7060x6-512-c17-u08,Ethernet73,str43-7060x6-512-c17-u10,Ethernet73,100000,,Access,off
str43-7060x6-512-c17-u08,Ethernet74,str43-7060x6-512-c17-u10,Ethernet74,100000,,Access,off
str43-7060x6-512-c17-u08,Ethernet75,str43-7060x6-512-c17-u10,Ethernet75,100000,,Access,off
str43-7060x6-512-c17-u08,Ethernet76,str43-7060x6-512-c17-u10,Ethernet76,100000,,Access,off
str43-7060x6-512-c17-u08,Ethernet77,str43-7060x6-512-c17-u10,Ethernet77,100000,,Access,off
str43-7060x6-512-c17-u08,Ethernet78,str43-7060x6-512-c17-u10,Ethernet78,100000,,Access,off
str43-7060x6-512-c17-u08,Ethernet79,str43-7060x6-512-c17-u10,Ethernet79,100000,,Access,off
str43-7060x6-512-c17-u08,Ethernet80,str43-7060x6-512-c17-u10,Ethernet80,100000,,Access,off
str43-7060x6-512-c17-u08,Ethernet81,str43-7060x6-512-c17-u10,Ethernet81,100000,,Access,off
str43-7060x6-512-c17-u08,Ethernet82,str43-7060x6-512-c17-u10,Ethernet82,100000,,Access,off
str43-7060x6-512-c17-u08,Ethernet83,str43-7060x6-512-c17-u10,Ethernet83,100000,,Access,off
str43-7060x6-512-c17-u08,Ethernet84,str43-7060x6-512-c17-u10,Ethernet84,100000,,Access,off
str43-7060x6-512-c17-u08,Ethernet85,str43-7060x6-512-c17-u10,Ethernet85,100000,,Access,off
str43-7060x6-512-c17-u08,Ethernet86,str43-7060x6-512-c17-u10,Ethernet86,100000,,Access,off
str43-7060x6-512-c17-u08,Ethernet87,str43-7060x6-512-c17-u10,Ethernet87,100000,,Access,off
str43-7060x6-512-c17-u08,Ethernet88,str43-7060x6-512-c17-u10,Ethernet88,100000,,Access,off
str43-7060x6-512-c17-u08,Ethernet89,str43-7060x6-512-c17-u10,Ethernet89,100000,,Access,off
str43-7060x6-512-c17-u08,Ethernet90,str43-7060x6-512-c17-u10,Ethernet90,100000,,Access,off
str43-7060x6-512-c17-u08,Ethernet91,str43-7060x6-512-c17-u10,Ethernet91,100000,,Access,off
str43-7060x6-512-c17-u08,Ethernet92,str43-7060x6-512-c17-u10,Ethernet92,100000,,Access,off
str43-7060x6-512-c17-u08,Ethernet93,str43-7060x6-512-c17-u10,Ethernet93,100000,,Access,off
str43-7060x6-512-c17-u08,Ethernet94,str43-7060x6-512-c17-u10,Ethernet94,100000,,Access,off
str43-7060x6-512-c17-u08,Ethernet95,str43-7060x6-512-c17-u10,Ethernet95,100000,,Access,off
str43-7060x6-512-c17-u08,Ethernet96,str43-7060x6-512-c17-u10,Ethernet96,100000,,Access,off
str43-7060x6-512-c17-u08,Ethernet97,str43-7060x6-512-c17-u10,Ethernet97,100000,,Access,off
str43-7060x6-512-c17-u08,Ethernet98,str43-7060x6-512-c17-u10,Ethernet98,100000,,Access,off
str43-7060x6-512-c17-u08,Ethernet99,str43-7060x6-512-c17-u10,Ethernet99,100000,,Access,off
str43-7060x6-512-c17-u08,Ethernet100,str43-7060x6-512-c17-u10,Ethernet100,100000,,Access,off
str43-7060x6-512-c17-u08,Ethernet101,str43-7060x6-512-c17-u10,Ethernet101,100000,,Access,off
str43-7060x6-512-c17-u08,Ethernet102,str43-7060x6-512-c17-u10,Ethernet102,100000,,Access,off
str43-7060x6-512-c17-u08,Ethernet103,str43-7060x6-512-c17-u10,Ethernet103,100000,,Access,off
str43-7060x6-512-c17-u08,Ethernet104,str43-7060x6-512-c17-u10,Ethernet104,100000,,Access,off
str43-7060x6-512-c17-u08,Ethernet105,str43-7060x6-512-c17-u10,Ethernet105,100000,,Access,off
str43-7060x6-512-c17-u08,Ethernet106,str43-7060x6-512-c17-u10,Ethernet106,100000,,Access,off
str43-7060x6-512-c17-u08,Ethernet107,str43-7060x6-512-c17-u10,Ethernet107,100000,,Access,off
str43-7060x6-512-c17-u08,Ethernet108,str43-7060x6-512-c17-u10,Ethernet108,100000,,Access,off
str43-7060x6-512-c17-u08,Ethernet109,str43-7060x6-512-c17-u10,Ethernet109,100000,,Access,off
str43-7060x6-512-c17-u08,Ethernet110,str43-7060x6-512-c17-u10,Ethernet110,100000,,Access,off
str43-7060x6-512-c17-u08,Ethernet111,str43-7060x6-512-c17-u10,Ethernet111,100000,,Access,off
str43-7060x6-512-c17-u08,Ethernet112,str43-7060x6-512-c17-u10,Ethernet112,100000,,Access,off
str43-7060x6-512-c17-u08,Ethernet113,str43-7060x6-512-c17-u10,Ethernet113,100000,,Access,off
str43-7060x6-512-c17-u08,Ethernet114,str43-7060x6-512-c17-u10,Ethernet114,100000,,Access,off
str43-7060x6-512-c17-u08,Ethernet115,str43-7060x6-512-c17-u10,Ethernet115,100000,,Access,off
str43-7060x6-512-c17-u08,Ethernet116,str43-7060x6-512-c17-u10,Ethernet116,100000,,Access,off
str43-7060x6-512-c17-u08,Ethernet117,str43-7060x6-512-c17-u10,Ethernet117,100000,,Access,off
str43-7060x6-512-c17-u08,Ethernet118,str43-7060x6-512-c17-u10,Ethernet118,100000,,Access,off
str43-7060x6-512-c17-u08,Ethernet119,str43-7060x6-512-c17-u10,Ethernet119,100000,,Access,off
str43-7060x6-512-c17-u08,Ethernet120,str43-7060x6-512-c17-u10,Ethernet120,100000,,Access,off
str43-7060x6-512-c17-u08,Ethernet121,str43-7060x6-512-c17-u10,Ethernet121,100000,,Access,off
str43-7060x6-512-c17-u08,Ethernet122,str43-7060x6-512-c17-u10,Ethernet122,100000,,Access,off
str43-7060x6-512-c17-u08,Ethernet123,str43-7060x6-512-c17-u10,Ethernet123,100000,,Access,off
str43-7060x6-512-c17-u08,Ethernet124,str43-7060x6-512-c17-u10,Ethernet124,100000,,Access,off
str43-7060x6-512-c17-u08,Ethernet125,str43-7060x6-512-c17-u10,Ethernet125,100000,,Access,off
str43-7060x6-512-c17-u08,Ethernet126,str43-7060x6-512-c17-u10,Ethernet126,100000,,Access,off
str43-7060x6-512-c17-u08,Ethernet127,str43-7060x6-512-c17-u10,Ethernet127,100000,,Access,off
str43-7060x6-512-c17-u08,Ethernet128,str43-7060x6-512-c17-u10,Ethernet128,100000,,Access,off
str43-7060x6-512-c17-u08,Ethernet129,str43-7060x6-512-c17-u10,Ethernet129,100000,,Access,off
str43-7060x6-512-c17-u08,Ethernet130,str43-7060x6-512-c17-u10,Ethernet130,100000,,Access,off
str43-7060x6-512-c17-u08,Ethernet131,str43-7060x6-512-c17-u10,Ethernet131,100000,,Access,off
str43-7060x6-512-c17-u08,Ethernet132,str43-7060x6-512-c17-u10,Ethernet132,100000,,Access,off
str43-7060x6-512-c17-u08,Ethernet133,str43-7060x6-512-c17-u10,Ethernet133,100000,,Access,off
str43-7060x6-512-c17-u08,Ethernet134,str43-7060x6-512-c17-u10,Ethernet134,100000,,Access,off
str43-7060x6-512-c17-u08,Ethernet135,str43-7060x6-512-c17-u10,Ethernet135,100000,,Access,off
str43-7060x6-512-c17-u08,Ethernet136,str43-7060x6-512-c17-u10,Ethernet136,100000,,Access,off
str43-7060x6-512-c17-u08,Ethernet137,str43-7060x6-512-c17-u10,Ethernet137,100000,,Access,off
str43-7060x6-512-c17-u08,Ethernet138,str43-7060x6-512-c17-u10,Ethernet138,100000,,Access,off
str43-7060x6-512-c17-u08,Ethernet139,str43-7060x6-512-c17-u10,Ethernet139,100000,,Access,off
str43-7060x6-512-c17-u08,Ethernet140,str43-7060x6-512-c17-u10,Ethernet140,100000,,Access,off
str43-7060x6-512-c17-u08,Ethernet141,str43-7060x6-512-c17-u10,Ethernet141,100000,,Access,off
str43-7060x6-512-c17-u08,Ethernet142,str43-7060x6-512-c17-u10,Ethernet142,100000,,Access,off
str43-7060x6-512-c17-u08,Ethernet143,str43-7060x6-512-c17-u10,Ethernet143,100000,,Access,off
str43-7060x6-512-c17-u08,Ethernet144,str43-7060x6-512-c17-u10,Ethernet144,100000,,Access,off
str43-7060x6-512-c17-u08,Ethernet145,str43-7060x6-512-c17-u10,Ethernet145,100000,,Access,off
str43-7060x6-512-c17-u08,Ethernet146,str43-7060x6-512-c17-u10,Ethernet146,100000,,Access,off
str43-7060x6-512-c17-u08,Ethernet147,str43-7060x6-512-c17-u10,Ethernet147,100000,,Access,off
str43-7060x6-512-c17-u08,Ethernet148,str43-7060x6-512-c17-u10,Ethernet148,100000,,Access,off
str43-7060x6-512-c17-u08,Ethernet149,str43-7060x6-512-c17-u10,Ethernet149,100000,,Access,off
str43-7060x6-512-c17-u08,Ethernet150,str43-7060x6-512-c17-u10,Ethernet150,100000,,Access,off
str43-7060x6-512-c17-u08,Ethernet151,str43-7060x6-512-c17-u10,Ethernet151,100000,,Access,off
str43-7060x6-512-c17-u08,Ethernet152,str43-7060x6-512-c17-u10,Ethernet152,100000,,Access,off
str43-7060x6-512-c17-u08,Ethernet153,str43-7060x6-512-c17-u10,Ethernet153,100000,,Access,off
str43-7060x6-512-c17-u08,Ethernet154,str43-7060x6-512-c17-u10,Ethernet154,100000,,Access,off
str43-7060x6-512-c17-u08,Ethernet155,str43-7060x6-512-c17-u10,Ethernet155,100000,,Access,off
str43-7060x6-512-c17-u08,Ethernet156,str43-7060x6-512-c17-u10,Ethernet156,100000,,Access,off
str43-7060x6-512-c17-u08,Ethernet157,str43-7060x6-512-c17-u10,Ethernet157,100000,,Access,off
str43-7060x6-512-c17-u08,Ethernet158,str43-7060x6-512-c17-u10,Ethernet158,100000,,Access,off
str43-7060x6-512-c17-u08,Ethernet159,str43-7060x6-512-c17-u10,Ethernet159,100000,,Access,off
str43-7060x6-512-c17-u08,Ethernet160,str43-7060x6-512-c17-u10,Ethernet160,100000,,Access,off
str43-7060x6-512-c17-u08,Ethernet161,str43-7060x6-512-c17-u10,Ethernet161,100000,,Access,off
str43-7060x6-512-c17-u08,Ethernet162,str43-7060x6-512-c17-u10,Ethernet162,100000,,Access,off
str43-7060x6-512-c17-u08,Ethernet163,str43-7060x6-512-c17-u10,Ethernet163,100000,,Access,off
str43-7060x6-512-c17-u08,Ethernet164,str43-7060x6-512-c17-u10,Ethernet164,100000,,Access,off
str43-7060x6-512-c17-u08,Ethernet165,str43-7060x6-512-c17-u10,Ethernet165,100000,,Access,off
str43-7060x6-512-c17-u08,Ethernet166,str43-7060x6-512-c17-u10,Ethernet166,100000,,Access,off
str43-7060x6-512-c17-u08,Ethernet167,str43-7060x6-512-c17-u10,Ethernet167,100000,,Access,off
str43-7060x6-512-c17-u08,Ethernet168,str43-7060x6-512-c17-u10,Ethernet168,100000,,Access,off
str43-7060x6-512-c17-u08,Ethernet169,str43-7060x6-512-c17-u10,Ethernet169,100000,,Access,off
str43-7060x6-512-c17-u08,Ethernet170,str43-7060x6-512-c17-u10,Ethernet170,100000,,Access,off
str43-7060x6-512-c17-u08,Ethernet171,str43-7060x6-512-c17-u10,Ethernet171,100000,,Access,off
str43-7060x6-512-c17-u08,Ethernet172,str43-7060x6-512-c17-u10,Ethernet172,100000,,Access,off
str43-7060x6-512-c17-u08,Ethernet173,str43-7060x6-512-c17-u10,Ethernet173,100000,,Access,off
str43-7060x6-512-c17-u08,Ethernet174,str43-7060x6-512-c17-u10,Ethernet174,100000,,Access,off
str43-7060x6-512-c17-u08,Ethernet175,str43-7060x6-512-c17-u10,Ethernet175,100000,,Access,off
str43-7060x6-512-c17-u08,Ethernet176,str43-7060x6-512-c17-u10,Ethernet176,100000,,Access,off
str43-7060x6-512-c17-u08,Ethernet177,str43-7060x6-512-c17-u10,Ethernet177,100000,,Access,off
str43-7060x6-512-c17-u08,Ethernet178,str43-7060x6-512-c17-u10,Ethernet178,100000,,Access,off
str43-7060x6-512-c17-u08,Ethernet179,str43-7060x6-512-c17-u10,Ethernet179,100000,,Access,off
str43-7060x6-512-c17-u08,Ethernet180,str43-7060x6-512-c17-u10,Ethernet180,100000,,Access,off
str43-7060x6-512-c17-u08,Ethernet181,str43-7060x6-512-c17-u10,Ethernet181,100000,,Access,off
str43-7060x6-512-c17-u08,Ethernet182,str43-7060x6-512-c17-u10,Ethernet182,100000,,Access,off
str43-7060x6-512-c17-u08,Ethernet183,str43-7060x6-512-c17-u10,Ethernet183,100000,,Access,off
str43-7060x6-512-c17-u08,Ethernet184,str43-7060x6-512-c17-u10,Ethernet184,100000,,Access,off
str43-7060x6-512-c17-u08,Ethernet185,str43-7060x6-512-c17-u10,Ethernet185,100000,,Access,off
str43-7060x6-512-c17-u08,Ethernet186,str43-7060x6-512-c17-u10,Ethernet186,100000,,Access,off
str43-7060x6-512-c17-u08,Ethernet187,str43-7060x6-512-c17-u10,Ethernet187,100000,,Access,off
str43-7060x6-512-c17-u08,Ethernet188,str43-7060x6-512-c17-u10,Ethernet188,100000,,Access,off
str43-7060x6-512-c17-u08,Ethernet189,str43-7060x6-512-c17-u10,Ethernet189,100000,,Access,off
str43-7060x6-512-c17-u08,Ethernet190,str43-7060x6-512-c17-u10,Ethernet190,100000,,Access,off
str43-7060x6-512-c17-u08,Ethernet191,str43-7060x6-512-c17-u10,Ethernet191,100000,,Access,off
str43-7060x6-512-c17-u08,Ethernet192,str43-7060x6-512-c17-u10,Ethernet192,100000,,Access,off
str43-7060x6-512-c17-u08,Ethernet193,str43-7060x6-512-c17-u10,Ethernet193,100000,,Access,off
str43-7060x6-512-c17-u08,Ethernet194,str43-7060x6-512-c17-u10,Ethernet194,100000,,Access,off
str43-7060x6-512-c17-u08,Ethernet195,str43-7060x6-512-c17-u10,Ethernet195,100000,,Access,off
str43-7060x6-512-c17-u08,Ethernet196,str43-7060x6-512-c17-u10,Ethernet196,100000,,Access,off
str43-7060x6-512-c17-u08,Ethernet197,str43-7060x6-512-c17-u10,Ethernet197,100000,,Access,off
str43-7060x6-512-c17-u08,Ethernet198,str43-7060x6-512-c17-u10,Ethernet198,100000,,Access,off
str43-7060x6-512-c17-u08,Ethernet199,str43-7060x6-512-c17-u10,Ethernet199,100000,,Access,off
str43-7060x6-512-c17-u08,Ethernet200,str43-7060x6-512-c17-u10,Ethernet200,100000,,Access,off
str43-7060x6-512-c17-u08,Ethernet201,str43-7060x6-512-c17-u10,Ethernet201,100000,,Access,off
str43-7060x6-512-c17-u08,Ethernet202,str43-7060x6-512-c17-u10,Ethernet202,100000,,Access,off
str43-7060x6-512-c17-u08,Ethernet203,str43-7060x6-512-c17-u10,Ethernet203,100000,,Access,off
str43-7060x6-512-c17-u08,Ethernet204,str43-7060x6-512-c17-u10,Ethernet204,100000,,Access,off
str43-7060x6-512-c17-u08,Ethernet205,str43-7060x6-512-c17-u10,Ethernet205,100000,,Access,off
str43-7060x6-512-c17-u08,Ethernet206,str43-7060x6-512-c17-u10,Ethernet206,100000,,Access,off
str43-7060x6-512-c17-u08,Ethernet207,str43-7060x6-512-c17-u10,Ethernet207,100000,,Access,off
str43-7060x6-512-c17-u08,Ethernet208,str43-7060x6-512-c17-u10,Ethernet208,100000,,Access,off
str43-7060x6-512-c17-u08,Ethernet209,str43-7060x6-512-c17-u10,Ethernet209,100000,,Access,off
str43-7060x6-512-c17-u08,Ethernet210,str43-7060x6-512-c17-u10,Ethernet210,100000,,Access,off
str43-7060x6-512-c17-u08,Ethernet211,str43-7060x6-512-c17-u10,Ethernet211,100000,,Access,off
str43-7060x6-512-c17-u08,Ethernet212,str43-7060x6-512-c17-u10,Ethernet212,100000,,Access,off
str43-7060x6-512-c17-u08,Ethernet213,str43-7060x6-512-c17-u10,Ethernet213,100000,,Access,off
str43-7060x6-512-c17-u08,Ethernet214,str43-7060x6-512-c17-u10,Ethernet214,100000,,Access,off
str43-7060x6-512-c17-u08,Ethernet215,str43-7060x6-512-c17-u10,Ethernet215,100000,,Access,off
str43-7060x6-512-c17-u08,Ethernet216,str43-7060x6-512-c17-u10,Ethernet216,100000,,Access,off
str43-7060x6-512-c17-u08,Ethernet217,str43-7060x6-512-c17-u10,Ethernet217,100000,,Access,off
str43-7060x6-512-c17-u08,Ethernet218,str43-7060x6-512-c17-u10,Ethernet218,100000,,Access,off
str43-7060x6-512-c17-u08,Ethernet219,str43-7060x6-512-c17-u10,Ethernet219,100000,,Access,off
str43-7060x6-512-c17-u08,Ethernet220,str43-7060x6-512-c17-u10,Ethernet220,100000,,Access,off
str43-7060x6-512-c17-u08,Ethernet221,str43-7060x6-512-c17-u10,Ethernet221,100000,,Access,off
str43-7060x6-512-c17-u08,Ethernet222,str43-7060x6-512-c17-u10,Ethernet222,100000,,Access,off
str43-7060x6-512-c17-u08,Ethernet223,str43-7060x6-512-c17-u10,Ethernet223,100000,,Access,off
str43-7060x6-512-c17-u08,Ethernet224,str43-7060x6-512-c17-u10,Ethernet224,100000,,Access,off
str43-7060x6-512-c17-u08,Ethernet225,str43-7060x6-512-c17-u10,Ethernet225,100000,,Access,off
str43-7060x6-512-c17-u08,Ethernet226,str43-7060x6-512-c17-u10,Ethernet226,100000,,Access,off
str43-7060x6-512-c17-u08,Ethernet227,str43-7060x6-512-c17-u10,Ethernet227,100000,,Access,off
str43-7060x6-512-c17-u08,Ethernet228,str43-7060x6-512-c17-u10,Ethernet228,100000,,Access,off
str43-7060x6-512-c17-u08,Ethernet229,str43-7060x6-512-c17-u10,Ethernet229,100000,,Access,off
str43-7060x6-512-c17-u08,Ethernet230,str43-7060x6-512-c17-u10,Ethernet230,100000,,Access,off
str43-7060x6-512-c17-u08,Ethernet231,str43-7060x6-512-c17-u10,Ethernet231,100000,,Access,off
str43-7060x6-512-c17-u08,Ethernet232,str43-7060x6-512-c17-u10,Ethernet232,100000,,Access,off
str43-7060x6-512-c17-u08,Ethernet233,str43-7060x6-512-c17-u10,Ethernet233,100000,,Access,off
str43-7060x6-512-c17-u08,Ethernet234,str43-7060x6-512-c17-u10,Ethernet234,100000,,Access,off
str43-7060x6-512-c17-u08,Ethernet235,str43-7060x6-512-c17-u10,Ethernet235,100000,,Access,off
str43-7060x6-512-c17-u08,Ethernet236,str43-7060x6-512-c17-u10,Ethernet236,100000,,Access,off
str43-7060x6-512-c17-u08,Ethernet237,str43-7060x6-512-c17-u10,Ethernet237,100000,,Access,off
str43-7060x6-512-c17-u08,Ethernet238,str43-7060x6-512-c17-u10,Ethernet238,100000,,Access,off
str43-7060x6-512-c17-u08,Ethernet239,str43-7060x6-512-c17-u10,Ethernet239,100000,,Access,off
str43-7060x6-512-c17-u08,Ethernet240,str43-7060x6-512-c17-u10,Ethernet240,100000,,Access,off
str43-7060x6-512-c17-u08,Ethernet241,str43-7060x6-512-c17-u10,Ethernet241,100000,,Access,off
str43-7060x6-512-c17-u08,Ethernet242,str43-7060x6-512-c17-u10,Ethernet242,100000,,Access,off
str43-7060x6-512-c17-u08,Ethernet243,str43-7060x6-512-c17-u10,Ethernet243,100000,,Access,off
str43-7060x6-512-c17-u08,Ethernet244,str43-7060x6-512-c17-u10,Ethernet244,100000,,Access,off
str43-7060x6-512-c17-u08,Ethernet245,str43-7060x6-512-c17-u10,Ethernet245,100000,,Access,off
str43-7060x6-512-c17-u08,Ethernet246,str43-7060x6-512-c17-u10,Ethernet246,100000,,Access,off
str43-7060x6-512-c17-u08,Ethernet247,str43-7060x6-512-c17-u10,Ethernet247,100000,,Access,off
str43-7060x6-512-c17-u08,Ethernet248,str43-7060x6-512-c17-u10,Ethernet248,100000,,Access,off
str43-7060x6-512-c17-u08,Ethernet249,str43-7060x6-512-c17-u10,Ethernet249,100000,,Access,off
str43-7060x6-512-c17-u08,Ethernet250,str43-7060x6-512-c17-u10,Ethernet250,100000,,Access,off
str43-7060x6-512-c17-u08,Ethernet251,str43-7060x6-512-c17-u10,Ethernet251,100000,,Access,off
str43-7060x6-512-c17-u08,Ethernet252,str43-7060x6-512-c17-u10,Ethernet252,100000,,Access,off
str43-7060x6-512-c17-u08,Ethernet253,str43-7060x6-512-c17-u10,Ethernet253,100000,,Access,off
str43-7060x6-512-c17-u08,Ethernet254,str43-7060x6-512-c17-u10,Ethernet254,100000,,Access,off
str43-7060x6-512-c17-u08,Ethernet255,str43-7060x6-512-c17-u10,Ethernet255,100000,,Access,off
str43-7060x6-512-c17-u08,Ethernet256,str43-7060x6-512-c17-u10,Ethernet256,100000,,Access,off
str43-7060x6-512-c17-u08,Ethernet257,str43-7060x6-512-c17-u10,Ethernet257,100000,,Access,off
str43-7060x6-512-c17-u08,Ethernet258,str43-7060x6-512-c17-u10,Ethernet258,100000,,Access,off
str43-7060x6-512-c17-u08,Ethernet259,str43-7060x6-512-c17-u10,Ethernet259,100000,,Access,off
str43-7060x6-512-c17-u08,Ethernet260,str43-7060x6-512-c17-u10,Ethernet260,100000,,Access,off
str43-7060x6-512-c17-u08,Ethernet261,str43-7060x6-512-c17-u10,Ethernet261,100000,,Access,off
str43-7060x6-512-c17-u08,Ethernet262,str43-7060x6-512-c17-u10,Ethernet262,100000,,Access,off
str43-7060x6-512-c17-u08,Ethernet263,str43-7060x6-512-c17-u10,Ethernet263,100000,,Access,off
str43-7060x6-512-c17-u08,Ethernet264,str43-7060x6-512-c17-u10,Ethernet264,100000,,Access,off
str43-7060x6-512-c17-u08,Ethernet265,str43-7060x6-512-c17-u10,Ethernet265,100000,,Access,off
str43-7060x6-512-c17-u08,Ethernet266,str43-7060x6-512-c17-u10,Ethernet266,100000,,Access,off
str43-7060x6-512-c17-u08,Ethernet267,str43-7060x6-512-c17-u10,Ethernet267,100000,,Access,off
str43-7060x6-512-c17-u08,Ethernet268,str43-7060x6-512-c17-u10,Ethernet268,100000,,Access,off
str43-7060x6-512-c17-u08,Ethernet269,str43-7060x6-512-c17-u10,Ethernet269,100000,,Access,off
str43-7060x6-512-c17-u08,Ethernet270,str43-7060x6-512-c17-u10,Ethernet270,100000,,Access,off
str43-7060x6-512-c17-u08,Ethernet271,str43-7060x6-512-c17-u10,Ethernet271,100000,,Access,off
str43-7060x6-512-c17-u08,Ethernet272,str43-7060x6-512-c17-u10,Ethernet272,100000,,Access,off
str43-7060x6-512-c17-u08,Ethernet273,str43-7060x6-512-c17-u10,Ethernet273,100000,,Access,off
str43-7060x6-512-c17-u08,Ethernet274,str43-7060x6-512-c17-u10,Ethernet274,100000,,Access,off
str43-7060x6-512-c17-u08,Ethernet275,str43-7060x6-512-c17-u10,Ethernet275,100000,,Access,off
str43-7060x6-512-c17-u08,Ethernet276,str43-7060x6-512-c17-u10,Ethernet276,100000,,Access,off
str43-7060x6-512-c17-u08,Ethernet277,str43-7060x6-512-c17-u10,Ethernet277,100000,,Access,off
str43-7060x6-512-c17-u08,Ethernet278,str43-7060x6-512-c17-u10,Ethernet278,100000,,Access,off
str43-7060x6-512-c17-u08,Ethernet279,str43-7060x6-512-c17-u10,Ethernet279,100000,,Access,off
str43-7060x6-512-c17-u08,Ethernet280,str43-7060x6-512-c17-u10,Ethernet280,100000,,Access,off
str43-7060x6-512-c17-u08,Ethernet281,str43-7060x6-512-c17-u10,Ethernet281,100000,,Access,off
str43-7060x6-512-c17-u08,Ethernet282,str43-7060x6-512-c17-u10,Ethernet282,100000,,Access,off
str43-7060x6-512-c17-u08,Ethernet283,str43-7060x6-512-c17-u10,Ethernet283,100000,,Access,off
str43-7060x6-512-c17-u08,Ethernet284,str43-7060x6-512-c17-u10,Ethernet284,100000,,Access,off
str43-7060x6-512-c17-u08,Ethernet285,str43-7060x6-512-c17-u10,Ethernet285,100000,,Access,off
str43-7060x6-512-c17-u08,Ethernet286,str43-7060x6-512-c17-u10,Ethernet286,100000,,Access,off
str43-7060x6-512-c17-u08,Ethernet287,str43-7060x6-512-c17-u10,Ethernet287,100000,,Access,off
str43-7060x6-512-c17-u08,Ethernet288,str43-7060x6-512-c17-u10,Ethernet288,100000,,Access,off
str43-7060x6-512-c17-u08,Ethernet289,str43-7060x6-512-c17-u10,Ethernet289,100000,,Access,off
str43-7060x6-512-c17-u08,Ethernet290,str43-7060x6-512-c17-u10,Ethernet290,100000,,Access,off
str43-7060x6-512-c17-u08,Ethernet291,str43-7060x6-512-c17-u10,Ethernet291,100000,,Access,off
str43-7060x6-512-c17-u08,Ethernet292,str43-7060x6-512-c17-u10,Ethernet292,100000,,Access,off
str43-7060x6-512-c17-u08,Ethernet293,str43-7060x6-512-c17-u10,Ethernet293,100000,,Access,off
str43-7060x6-512-c17-u08,Ethernet294,str43-7060x6-512-c17-u10,Ethernet294,100000,,Access,off
str43-7060x6-512-c17-u08,Ethernet295,str43-7060x6-512-c17-u10,Ethernet295,100000,,Access,off
str43-7060x6-512-c17-u08,Ethernet296,str43-7060x6-512-c17-u10,Ethernet296,100000,,Access,off
str43-7060x6-512-c17-u08,Ethernet297,str43-7060x6-512-c17-u10,Ethernet297,100000,,Access,off
str43-7060x6-512-c17-u08,Ethernet298,str43-7060x6-512-c17-u10,Ethernet298,100000,,Access,off
str43-7060x6-512-c17-u08,Ethernet299,str43-7060x6-512-c17-u10,Ethernet299,100000,,Access,off
str43-7060x6-512-c17-u08,Ethernet300,str43-7060x6-512-c17-u10,Ethernet300,100000,,Access,off
str43-7060x6-512-c17-u08,Ethernet301,str43-7060x6-512-c17-u10,Ethernet301,100000,,Access,off
str43-7060x6-512-c17-u08,Ethernet302,str43-7060x6-512-c17-u10,Ethernet302,100000,,Access,off
str43-7060x6-512-c17-u08,Ethernet303,str43-7060x6-512-c17-u10,Ethernet303,100000,,Access,off
str43-7060x6-512-c17-u08,Ethernet304,str43-7060x6-512-c17-u10,Ethernet304,100000,,Access,off
str43-7060x6-512-c17-u08,Ethernet305,str43-7060x6-512-c17-u10,Ethernet305,100000,,Access,off
str43-7060x6-512-c17-u08,Ethernet306,str43-7060x6-512-c17-u10,Ethernet306,100000,,Access,off
str43-7060x6-512-c17-u08,Ethernet307,str43-7060x6-512-c17-u10,Ethernet307,100000,,Access,off
str43-7060x6-512-c17-u08,Ethernet308,str43-7060x6-512-c17-u10,Ethernet308,100000,,Access,off
str43-7060x6-512-c17-u08,Ethernet309,str43-7060x6-512-c17-u10,Ethernet309,100000,,Access,off
str43-7060x6-512-c17-u08,Ethernet310,str43-7060x6-512-c17-u10,Ethernet310,100000,,Access,off
str43-7060x6-512-c17-u08,Ethernet311,str43-7060x6-512-c17-u10,Ethernet311,100000,,Access,off
str43-7060x6-512-c17-u08,Ethernet312,str43-7060x6-512-c17-u10,Ethernet312,100000,,Access,off
str43-7060x6-512-c17-u08,Ethernet313,str43-7060x6-512-c17-u10,Ethernet313,100000,,Access,off
str43-7060x6-512-c17-u08,Ethernet314,str43-7060x6-512-c17-u10,Ethernet314,100000,,Access,off
str43-7060x6-512-c17-u08,Ethernet315,str43-7060x6-512-c17-u10,Ethernet315,100000,,Access,off
str43-7060x6-512-c17-u08,Ethernet316,str43-7060x6-512-c17-u10,Ethernet316,100000,,Access,off
str43-7060x6-512-c17-u08,Ethernet317,str43-7060x6-512-c17-u10,Ethernet317,100000,,Access,off
str43-7060x6-512-c17-u08,Ethernet318,str43-7060x6-512-c17-u10,Ethernet318,100000,,Access,off
str43-7060x6-512-c17-u08,Ethernet319,str43-7060x6-512-c17-u10,Ethernet319,100000,,Access,off
str43-7060x6-512-c17-u08,Ethernet320,str43-7060x6-512-c17-u10,Ethernet320,100000,,Access,off
str43-7060x6-512-c17-u08,Ethernet321,str43-7060x6-512-c17-u10,Ethernet321,100000,,Access,off
str43-7060x6-512-c17-u08,Ethernet322,str43-7060x6-512-c17-u10,Ethernet322,100000,,Access,off
str43-7060x6-512-c17-u08,Ethernet323,str43-7060x6-512-c17-u10,Ethernet323,100000,,Access,off
str43-7060x6-512-c17-u08,Ethernet324,str43-7060x6-512-c17-u10,Ethernet324,100000,,Access,off
str43-7060x6-512-c17-u08,Ethernet325,str43-7060x6-512-c17-u10,Ethernet325,100000,,Access,off
str43-7060x6-512-c17-u08,Ethernet326,str43-7060x6-512-c17-u10,Ethernet326,100000,,Access,off
str43-7060x6-512-c17-u08,Ethernet327,str43-7060x6-512-c17-u10,Ethernet327,100000,,Access,off
str43-7060x6-512-c17-u08,Ethernet328,str43-7060x6-512-c17-u10,Ethernet328,100000,,Access,off
str43-7060x6-512-c17-u08,Ethernet329,str43-7060x6-512-c17-u10,Ethernet329,100000,,Access,off
str43-7060x6-512-c17-u08,Ethernet330,str43-7060x6-512-c17-u10,Ethernet330,100000,,Access,off
str43-7060x6-512-c17-u08,Ethernet331,str43-7060x6-512-c17-u10,Ethernet331,100000,,Access,off
str43-7060x6-512-c17-u08,Ethernet332,str43-7060x6-512-c17-u10,Ethernet332,100000,,Access,off
str43-7060x6-512-c17-u08,Ethernet333,str43-7060x6-512-c17-u10,Ethernet333,100000,,Access,off
str43-7060x6-512-c17-u08,Ethernet334,str43-7060x6-512-c17-u10,Ethernet334,100000,,Access,off
str43-7060x6-512-c17-u08,Ethernet335,str43-7060x6-512-c17-u10,Ethernet335,100000,,Access,off
str43-7060x6-512-c17-u08,Ethernet336,str43-7060x6-512-c17-u10,Ethernet336,100000,,Access,off
str43-7060x6-512-c17-u08,Ethernet337,str43-7060x6-512-c17-u10,Ethernet337,100000,,Access,off
str43-7060x6-512-c17-u08,Ethernet338,str43-7060x6-512-c17-u10,Ethernet338,100000,,Access,off
str43-7060x6-512-c17-u08,Ethernet339,str43-7060x6-512-c17-u10,Ethernet339,100000,,Access,off
str43-7060x6-512-c17-u08,Ethernet340,str43-7060x6-512-c17-u10,Ethernet340,100000,,Access,off
str43-7060x6-512-c17-u08,Ethernet341,str43-7060x6-512-c17-u10,Ethernet341,100000,,Access,off
str43-7060x6-512-c17-u08,Ethernet342,str43-7060x6-512-c17-u10,Ethernet342,100000,,Access,off
str43-7060x6-512-c17-u08,Ethernet343,str43-7060x6-512-c17-u10,Ethernet343,100000,,Access,off
str43-7060x6-512-c17-u08,Ethernet344,str43-7060x6-512-c17-u10,Ethernet344,100000,,Access,off
str43-7060x6-512-c17-u08,Ethernet345,str43-7060x6-512-c17-u10,Ethernet345,100000,,Access,off
str43-7060x6-512-c17-u08,Ethernet346,str43-7060x6-512-c17-u10,Ethernet346,100000,,Access,off
str43-7060x6-512-c17-u08,Ethernet347,str43-7060x6-512-c17-u10,Ethernet347,100000,,Access,off
str43-7060x6-512-c17-u08,Ethernet348,str43-7060x6-512-c17-u10,Ethernet348,100000,,Access,off
str43-7060x6-512-c17-u08,Ethernet349,str43-7060x6-512-c17-u10,Ethernet349,100000,,Access,off
str43-7060x6-512-c17-u08,Ethernet350,str43-7060x6-512-c17-u10,Ethernet350,100000,,Access,off
str43-7060x6-512-c17-u08,Ethernet351,str43-7060x6-512-c17-u10,Ethernet351,100000,,Access,off
str43-7060x6-512-c17-u08,Ethernet352,str43-7060x6-512-c17-u10,Ethernet352,100000,,Access,off
str43-7060x6-512-c17-u08,Ethernet353,str43-7060x6-512-c17-u10,Ethernet353,100000,,Access,off
str43-7060x6-512-c17-u08,Ethernet354,str43-7060x6-512-c17-u10,Ethernet354,100000,,Access,off
str43-7060x6-512-c17-u08,Ethernet355,str43-7060x6-512-c17-u10,Ethernet355,100000,,Access,off
str43-7060x6-512-c17-u08,Ethernet356,str43-7060x6-512-c17-u10,Ethernet356,100000,,Access,off
str43-7060x6-512-c17-u08,Ethernet357,str43-7060x6-512-c17-u10,Ethernet357,100000,,Access,off
str43-7060x6-512-c17-u08,Ethernet358,str43-7060x6-512-c17-u10,Ethernet358,100000,,Access,off
str43-7060x6-512-c17-u08,Ethernet359,str43-7060x6-512-c17-u10,Ethernet359,100000,,Access,off
str43-7060x6-512-c17-u08,Ethernet360,str43-7060x6-512-c17-u10,Ethernet360,100000,,Access,off
str43-7060x6-512-c17-u08,Ethernet361,str43-7060x6-512-c17-u10,Ethernet361,100000,,Access,off
str43-7060x6-512-c17-u08,Ethernet362,str43-7060x6-512-c17-u10,Ethernet362,100000,,Access,off
str43-7060x6-512-c17-u08,Ethernet363,str43-7060x6-512-c17-u10,Ethernet363,100000,,Access,off
str43-7060x6-512-c17-u08,Ethernet364,str43-7060x6-512-c17-u10,Ethernet364,100000,,Access,off
str43-7060x6-512-c17-u08,Ethernet365,str43-7060x6-512-c17-u10,Ethernet365,100000,,Access,off
str43-7060x6-512-c17-u08,Ethernet366,str43-7060x6-512-c17-u10,Ethernet366,100000,,Access,off
str43-7060x6-512-c17-u08,Ethernet367,str43-7060x6-512-c17-u10,Ethernet367,100000,,Access,off
str43-7060x6-512-c17-u08,Ethernet368,str43-7060x6-512-c17-u10,Ethernet368,100000,,Access,off
str43-7060x6-512-c17-u08,Ethernet369,str43-7060x6-512-c17-u10,Ethernet369,100000,,Access,off
str43-7060x6-512-c17-u08,Ethernet370,str43-7060x6-512-c17-u10,Ethernet370,100000,,Access,off
str43-7060x6-512-c17-u08,Ethernet371,str43-7060x6-512-c17-u10,Ethernet371,100000,,Access,off
str43-7060x6-512-c17-u08,Ethernet372,str43-7060x6-512-c17-u10,Ethernet372,100000,,Access,off
str43-7060x6-512-c17-u08,Ethernet373,str43-7060x6-512-c17-u10,Ethernet373,100000,,Access,off
str43-7060x6-512-c17-u08,Ethernet374,str43-7060x6-512-c17-u10,Ethernet374,100000,,Access,off
str43-7060x6-512-c17-u08,Ethernet375,str43-7060x6-512-c17-u10,Ethernet375,100000,,Access,off
str43-7060x6-512-c17-u08,Ethernet376,str43-7060x6-512-c17-u10,Ethernet376,100000,,Access,off
str43-7060x6-512-c17-u08,Ethernet377,str43-7060x6-512-c17-u10,Ethernet377,100000,,Access,off
str43-7060x6-512-c17-u08,Ethernet378,str43-7060x6-512-c17-u10,Ethernet378,100000,,Access,off
str43-7060x6-512-c17-u08,Ethernet379,str43-7060x6-512-c17-u10,Ethernet379,100000,,Access,off
str43-7060x6-512-c17-u08,Ethernet380,str43-7060x6-512-c17-u10,Ethernet380,100000,,Access,off
str43-7060x6-512-c17-u08,Ethernet381,str43-7060x6-512-c17-u10,Ethernet381,100000,,Access,off
str43-7060x6-512-c17-u08,Ethernet382,str43-7060x6-512-c17-u10,Ethernet382,100000,,Access,off
str43-7060x6-512-c17-u08,Ethernet383,str43-7060x6-512-c17-u10,Ethernet383,100000,,Access,off
str43-7060x6-512-c17-u08,Ethernet384,str43-7060x6-512-c17-u10,Ethernet384,100000,,Access,off
str43-7060x6-512-c17-u08,Ethernet385,str43-7060x6-512-c17-u10,Ethernet385,100000,,Access,off
str43-7060x6-512-c17-u08,Ethernet386,str43-7060x6-512-c17-u10,Ethernet386,100000,,Access,off
str43-7060x6-512-c17-u08,Ethernet387,str43-7060x6-512-c17-u10,Ethernet387,100000,,Access,off
str43-7060x6-512-c17-u08,Ethernet388,str43-7060x6-512-c17-u10,Ethernet388,100000,,Access,off
str43-7060x6-512-c17-u08,Ethernet389,str43-7060x6-512-c17-u10,Ethernet389,100000,,Access,off
str43-7060x6-512-c17-u08,Ethernet390,str43-7060x6-512-c17-u10,Ethernet390,100000,,Access,off
str43-7060x6-512-c17-u08,Ethernet391,str43-7060x6-512-c17-u10,Ethernet391,100000,,Access,off
str43-7060x6-512-c17-u08,Ethernet392,str43-7060x6-512-c17-u10,Ethernet392,100000,,Access,off
str43-7060x6-512-c17-u08,Ethernet393,str43-7060x6-512-c17-u10,Ethernet393,100000,,Access,off
str43-7060x6-512-c17-u08,Ethernet394,str43-7060x6-512-c17-u10,Ethernet394,100000,,Access,off
str43-7060x6-512-c17-u08,Ethernet395,str43-7060x6-512-c17-u10,Ethernet395,100000,,Access,off
str43-7060x6-512-c17-u08,Ethernet396,str43-7060x6-512-c17-u10,Ethernet396,100000,,Access,off
str43-7060x6-512-c17-u08,Ethernet397,str43-7060x6-512-c17-u10,Ethernet397,100000,,Access,off
str43-7060x6-512-c17-u08,Ethernet398,str43-7060x6-512-c17-u10,Ethernet398,100000,,Access,off
str43-7060x6-512-c17-u08,Ethernet399,str43-7060x6-512-c17-u10,Ethernet399,100000,,Access,off
str43-7060x6-512-c17-u08,Ethernet400,str43-7060x6-512-c17-u10,Ethernet400,100000,,Access,off
str43-7060x6-512-c17-u08,Ethernet401,str43-7060x6-512-c17-u10,Ethernet401,100000,,Access,off
str43-7060x6-512-c17-u08,Ethernet402,str43-7060x6-512-c17-u10,Ethernet402,100000,,Access,off
str43-7060x6-512-c17-u08,Ethernet403,str43-7060x6-512-c17-u10,Ethernet403,100000,,Access,off
str43-7060x6-512-c17-u08,Ethernet404,str43-7060x6-512-c17-u10,Ethernet404,100000,,Access,off
str43-7060x6-512-c17-u08,Ethernet405,str43-7060x6-512-c17-u10,Ethernet405,100000,,Access,off
str43-7060x6-512-c17-u08,Ethernet406,str43-7060x6-512-c17-u10,Ethernet406,100000,,Access,off
str43-7060x6-512-c17-u08,Ethernet407,str43-7060x6-512-c17-u10,Ethernet407,100000,,Access,off
str43-7060x6-512-c17-u08,Ethernet408,str43-7060x6-512-c17-u10,Ethernet408,100000,,Access,off
str43-7060x6-512-c17-u08,Ethernet409,str43-7060x6-512-c17-u10,Ethernet409,100000,,Access,off
str43-7060x6-512-c17-u08,Ethernet410,str43-7060x6-512-c17-u10,Ethernet410,100000,,Access,off
str43-7060x6-512-c17-u08,Ethernet411,str43-7060x6-512-c17-u10,Ethernet411,100000,,Access,off
str43-7060x6-512-c17-u08,Ethernet412,str43-7060x6-512-c17-u10,Ethernet412,100000,,Access,off
str43-7060x6-512-c17-u08,Ethernet413,str43-7060x6-512-c17-u10,Ethernet413,100000,,Access,off
str43-7060x6-512-c17-u08,Ethernet414,str43-7060x6-512-c17-u10,Ethernet414,100000,,Access,off
str43-7060x6-512-c17-u08,Ethernet415,str43-7060x6-512-c17-u10,Ethernet415,100000,,Access,off
str43-7060x6-512-c17-u08,Ethernet416,str43-7060x6-512-c17-u10,Ethernet416,100000,,Access,off
str43-7060x6-512-c17-u08,Ethernet417,str43-7060x6-512-c17-u10,Ethernet417,100000,,Access,off
str43-7060x6-512-c17-u08,Ethernet418,str43-7060x6-512-c17-u10,Ethernet418,100000,,Access,off
str43-7060x6-512-c17-u08,Ethernet419,str43-7060x6-512-c17-u10,Ethernet419,100000,,Access,off
str43-7060x6-512-c17-u08,Ethernet420,str43-7060x6-512-c17-u10,Ethernet420,100000,,Access,off
str43-7060x6-512-c17-u08,Ethernet421,str43-7060x6-512-c17-u10,Ethernet421,100000,,Access,off
str43-7060x6-512-c17-u08,Ethernet422,str43-7060x6-512-c17-u10,Ethernet422,100000,,Access,off
str43-7060x6-512-c17-u08,Ethernet423,str43-7060x6-512-c17-u10,Ethernet423,100000,,Access,off
str43-7060x6-512-c17-u08,Ethernet424,str43-7060x6-512-c17-u10,Ethernet424,100000,,Access,off
str43-7060x6-512-c17-u08,Ethernet425,str43-7060x6-512-c17-u10,Ethernet425,100000,,Access,off
str43-7060x6-512-c17-u08,Ethernet426,str43-7060x6-512-c17-u10,Ethernet426,100000,,Access,off
str43-7060x6-512-c17-u08,Ethernet427,str43-7060x6-512-c17-u10,Ethernet427,100000,,Access,off
str43-7060x6-512-c17-u08,Ethernet428,str43-7060x6-512-c17-u10,Ethernet428,100000,,Access,off
str43-7060x6-512-c17-u08,Ethernet429,str43-7060x6-512-c17-u10,Ethernet429,100000,,Access,off
str43-7060x6-512-c17-u08,Ethernet430,str43-7060x6-512-c17-u10,Ethernet430,100000,,Access,off
str43-7060x6-512-c17-u08,Ethernet431,str43-7060x6-512-c17-u10,Ethernet431,100000,,Access,off
str43-7060x6-512-c17-u08,Ethernet432,str43-7060x6-512-c17-u10,Ethernet432,100000,,Access,off
str43-7060x6-512-c17-u08,Ethernet433,str43-7060x6-512-c17-u10,Ethernet433,100000,,Access,off
str43-7060x6-512-c17-u08,Ethernet434,str43-7060x6-512-c17-u10,Ethernet434,100000,,Access,off
str43-7060x6-512-c17-u08,Ethernet435,str43-7060x6-512-c17-u10,Ethernet435,100000,,Access,off
str43-7060x6-512-c17-u08,Ethernet436,str43-7060x6-512-c17-u10,Ethernet436,100000,,Access,off
str43-7060x6-512-c17-u08,Ethernet437,str43-7060x6-512-c17-u10,Ethernet437,100000,,Access,off
str43-7060x6-512-c17-u08,Ethernet438,str43-7060x6-512-c17-u10,Ethernet438,100000,,Access,off
str43-7060x6-512-c17-u08,Ethernet439,str43-7060x6-512-c17-u10,Ethernet439,100000,,Access,off
str43-7060x6-512-c17-u08,Ethernet440,str43-7060x6-512-c17-u10,Ethernet440,100000,,Access,off
str43-7060x6-512-c17-u08,Ethernet441,str43-7060x6-512-c17-u10,Ethernet441,100000,,Access,off
str43-7060x6-512-c17-u08,Ethernet442,str43-7060x6-512-c17-u10,Ethernet442,100000,,Access,off
str43-7060x6-512-c17-u08,Ethernet443,str43-7060x6-512-c17-u10,Ethernet443,100000,,Access,off
str43-7060x6-512-c17-u08,Ethernet444,str43-7060x6-512-c17-u10,Ethernet444,100000,,Access,off
str43-7060x6-512-c17-u08,Ethernet445,str43-7060x6-512-c17-u10,Ethernet445,100000,,Access,off
str43-7060x6-512-c17-u08,Ethernet446,str43-7060x6-512-c17-u10,Ethernet446,100000,,Access,off
str43-7060x6-512-c17-u08,Ethernet447,str43-7060x6-512-c17-u10,Ethernet447,100000,,Access,off
str43-7060x6-512-c17-u08,Ethernet448,str43-7060x6-512-c17-u10,Ethernet448,100000,,Access,off
str43-7060x6-512-c17-u08,Ethernet449,str43-7060x6-512-c17-u10,Ethernet449,100000,,Access,off
str43-7060x6-512-c17-u08,Ethernet450,str43-7060x6-512-c17-u10,Ethernet450,100000,,Access,off
str43-7060x6-512-c17-u08,Ethernet451,str43-7060x6-512-c17-u10,Ethernet451,100000,,Access,off
str43-7060x6-512-c17-u08,Ethernet452,str43-7060x6-512-c17-u10,Ethernet452,100000,,Access,off
str43-7060x6-512-c17-u08,Ethernet453,str43-7060x6-512-c17-u10,Ethernet453,100000,,Access,off
str43-7060x6-512-c17-u08,Ethernet454,str43-7060x6-512-c17-u10,Ethernet454,100000,,Access,off
str43-7060x6-512-c17-u08,Ethernet455,str43-7060x6-512-c17-u10,Ethernet455,100000,,Access,off
str43-7060x6-512-c17-u08,Ethernet456,str43-7060x6-512-c17-u10,Ethernet456,100000,,Access,off
str43-7060x6-512-c17-u08,Ethernet457,str43-7060x6-512-c17-u10,Ethernet457,100000,,Access,off
str43-7060x6-512-c17-u08,Ethernet458,str43-7060x6-512-c17-u10,Ethernet458,100000,,Access,off
str43-7060x6-512-c17-u08,Ethernet459,str43-7060x6-512-c17-u10,Ethernet459,100000,,Access,off
str43-7060x6-512-c17-u08,Ethernet460,str43-7060x6-512-c17-u10,Ethernet460,100000,,Access,off
str43-7060x6-512-c17-u08,Ethernet461,str43-7060x6-512-c17-u10,Ethernet461,100000,,Access,off
str43-7060x6-512-c17-u08,Ethernet462,str43-7060x6-512-c17-u10,Ethernet462,100000,,Access,off
str43-7060x6-512-c17-u08,Ethernet463,str43-7060x6-512-c17-u10,Ethernet463,100000,,Access,off
str43-7060x6-512-c17-u08,Ethernet464,str43-7060x6-512-c17-u10,Ethernet464,100000,,Access,off
str43-7060x6-512-c17-u08,Ethernet465,str43-7060x6-512-c17-u10,Ethernet465,100000,,Access,off
str43-7060x6-512-c17-u08,Ethernet466,str43-7060x6-512-c17-u10,Ethernet466,100000,,Access,off
str43-7060x6-512-c17-u08,Ethernet467,str43-7060x6-512-c17-u10,Ethernet467,100000,,Access,off
str43-7060x6-512-c17-u08,Ethernet468,str43-7060x6-512-c17-u10,Ethernet468,100000,,Access,off
str43-7060x6-512-c17-u08,Ethernet469,str43-7060x6-512-c17-u10,Ethernet469,100000,,Access,off
str43-7060x6-512-c17-u08,Ethernet470,str43-7060x6-512-c17-u10,Ethernet470,100000,,Access,off
str43-7060x6-512-c17-u08,Ethernet471,str43-7060x6-512-c17-u10,Ethernet471,100000,,Access,off
str43-7060x6-512-c17-u08,Ethernet472,str43-7060x6-512-c17-u10,Ethernet472,100000,,Access,off
str43-7060x6-512-c17-u08,Ethernet473,str43-7060x6-512-c17-u10,Ethernet473,100000,,Access,off
str43-7060x6-512-c17-u08,Ethernet474,str43-7060x6-512-c17-u10,Ethernet474,100000,,Access,off
str43-7060x6-512-c17-u08,Ethernet475,str43-7060x6-512-c17-u10,Ethernet475,100000,,Access,off
str43-7060x6-512-c17-u08,Ethernet476,str43-7060x6-512-c17-u10,Ethernet476,100000,,Access,off
str43-7060x6-512-c17-u08,Ethernet477,str43-7060x6-512-c17-u10,Ethernet477,100000,,Access,off
str43-7060x6-512-c17-u08,Ethernet478,str43-7060x6-512-c17-u10,Ethernet478,100000,,Access,off
str43-7060x6-512-c17-u08,Ethernet479,str43-7060x6-512-c17-u10,Ethernet479,100000,,Access,off
str43-7060x6-512-c17-u08,Ethernet480,str43-7060x6-512-c17-u10,Ethernet480,100000,,Access,off
str43-7060x6-512-c17-u08,Ethernet481,str43-7060x6-512-c17-u10,Ethernet481,100000,,Access,off
str43-7060x6-512-c17-u08,Ethernet482,str43-7060x6-512-c17-u10,Ethernet482,100000,,Access,off
str43-7060x6-512-c17-u08,Ethernet483,str43-7060x6-512-c17-u10,Ethernet483,100000,,Access,off
str43-7060x6-512-c17-u08,Ethernet484,str43-7060x6-512-c17-u10,Ethernet484,100000,,Access,off
str43-7060x6-512-c17-u08,Ethernet485,str43-7060x6-512-c17-u10,Ethernet485,100000,,Access,off
str43-7060x6-512-c17-u08,Ethernet486,str43-7060x6-512-c17-u10,Ethernet486,100000,,Access,off
str43-7060x6-512-c17-u08,Ethernet487,str43-7060x6-512-c17-u10,Ethernet487,100000,,Access,off
str43-7060x6-512-c17-u08,Ethernet488,str43-7060x6-512-c17-u10,Ethernet488,100000,,Access,off
str43-7060x6-512-c17-u08,Ethernet489,str43-7060x6-512-c17-u10,Ethernet489,100000,,Access,off
str43-7060x6-512-c17-u08,Ethernet490,str43-7060x6-512-c17-u10,Ethernet490,100000,,Access,off
str43-7060x6-512-c17-u08,Ethernet491,str43-7060x6-512-c17-u10,Ethernet491,100000,,Access,off
str43-7060x6-512-c17-u08,Ethernet492,str43-7060x6-512-c17-u10,Ethernet492,100000,,Access,off
str43-7060x6-512-c17-u08,Ethernet493,str43-7060x6-512-c17-u10,Ethernet493,100000,,Access,off
str43-7060x6-512-c17-u08,Ethernet494,str43-7060x6-512-c17-u10,Ethernet494,100000,,Access,off
str43-7060x6-512-c17-u08,Ethernet495,str43-7060x6-512-c17-u10,Ethernet495,100000,,Access,off
str43-7060x6-512-c17-u08,Ethernet496,str43-7060x6-512-c17-u10,Ethernet496,100000,,Access,off
str43-7060x6-512-c17-u08,Ethernet497,str43-7060x6-512-c17-u10,Ethernet497,100000,,Access,off
str43-7060x6-512-c17-u08,Ethernet498,str43-7060x6-512-c17-u10,Ethernet498,100000,,Access,off
str43-7060x6-512-c17-u08,Ethernet499,str43-7060x6-512-c17-u10,Ethernet499,100000,,Access,off
str43-7060x6-512-c17-u08,Ethernet500,str43-7060x6-512-c17-u10,Ethernet500,100000,,Access,off
str43-7060x6-512-c17-u08,Ethernet501,str43-7060x6-512-c17-u10,Ethernet501,100000,,Access,off
str43-7060x6-512-c17-u08,Ethernet502,str43-7060x6-512-c17-u10,Ethernet502,100000,,Access,off
str43-7060x6-512-c17-u08,Ethernet503,str43-7060x6-512-c17-u10,Ethernet503,100000,,Access,off
str43-7060x6-512-c17-u08,Ethernet504,str43-7060x6-512-c17-u10,Ethernet504,100000,,Access,off
str43-7060x6-512-c17-u08,Ethernet505,str43-7060x6-512-c17-u10,Ethernet505,100000,,Access,off
str43-7060x6-512-c17-u08,Ethernet506,str43-7060x6-512-c17-u10,Ethernet506,100000,,Access,off
str43-7060x6-512-c17-u08,Ethernet507,str43-7060x6-512-c17-u10,Ethernet507,100000,,Access,off
str43-7060x6-512-c17-u08,Ethernet508,str43-7060x6-512-c17-u10,Ethernet508,100000,,Access,off
str43-7060x6-512-c17-u08,Ethernet509,str43-7060x6-512-c17-u10,Ethernet509,100000,,Access,off
str43-7060x6-512-c17-u08,Ethernet510,str43-7060x6-512-c17-u10,Ethernet510,100000,,Access,off
str43-7060x6-512-c17-u08,Ethernet511,str43-7060x6-512-c17-u10,Ethernet511,100000,,Access,off
str43-7060x6-512-c17-u10,Ethernet0,str43-7060x6-512-c17-u08,Ethernet0,100000,,Access,off
str43-7060x6-512-c17-u10,Ethernet1,str43-7060x6-512-c17-u08,Ethernet1,100000,,Access,off
str43-7060x6-512-c17-u10,Ethernet2,str43-7060x6-512-c17-u08,Ethernet2,100000,,Access,off
str43-7060x6-512-c17-u10,Ethernet3,str43-7060x6-512-c17-u08,Ethernet3,100000,,Access,off
str43-7060x6-512-c17-u10,Ethernet4,str43-7060x6-512-c17-u08,Ethernet4,100000,,Access,off
str43-7060x6-512-c17-u10,Ethernet5,str43-7060x6-512-c17-u08,Ethernet5,100000,,Access,off
str43-7060x6-512-c17-u10,Ethernet6,str43-7060x6-512-c17-u08,Ethernet6,100000,,Access,off
str43-7060x6-512-c17-u10,Ethernet7,str43-7060x6-512-c17-u08,Ethernet7,100000,,Access,off
str43-7060x6-512-c17-u10,Ethernet8,str43-7060x6-512-c17-u08,Ethernet8,100000,,Access,off
str43-7060x6-512-c17-u10,Ethernet9,str43-7060x6-512-c17-u08,Ethernet9,100000,,Access,off
str43-7060x6-512-c17-u10,Ethernet10,str43-7060x6-512-c17-u08,Ethernet10,100000,,Access,off
str43-7060x6-512-c17-u10,Ethernet11,str43-7060x6-512-c17-u08,Ethernet11,100000,,Access,off
str43-7060x6-512-c17-u10,Ethernet12,str43-7060x6-512-c17-u08,Ethernet12,100000,,Access,off
str43-7060x6-512-c17-u10,Ethernet13,str43-7060x6-512-c17-u08,Ethernet13,100000,,Access,off
str43-7060x6-512-c17-u10,Ethernet14,str43-7060x6-512-c17-u08,Ethernet14,100000,,Access,off
str43-7060x6-512-c17-u10,Ethernet15,str43-7060x6-512-c17-u08,Ethernet15,100000,,Access,off
str43-7060x6-512-c17-u10,Ethernet16,str43-7060x6-512-c17-u08,Ethernet16,100000,,Access,off
str43-7060x6-512-c17-u10,Ethernet17,str43-7060x6-512-c17-u08,Ethernet17,100000,,Access,off
str43-7060x6-512-c17-u10,Ethernet18,str43-7060x6-512-c17-u08,Ethernet18,100000,,Access,off
str43-7060x6-512-c17-u10,Ethernet19,str43-7060x6-512-c17-u08,Ethernet19,100000,,Access,off
str43-7060x6-512-c17-u10,Ethernet20,str43-7060x6-512-c17-u08,Ethernet20,100000,,Access,off
str43-7060x6-512-c17-u10,Ethernet21,str43-7060x6-512-c17-u08,Ethernet21,100000,,Access,off
str43-7060x6-512-c17-u10,Ethernet22,str43-7060x6-512-c17-u08,Ethernet22,100000,,Access,off
str43-7060x6-512-c17-u10,Ethernet23,str43-7060x6-512-c17-u08,Ethernet23,100000,,Access,off
str43-7060x6-512-c17-u10,Ethernet24,str43-7060x6-512-c17-u08,Ethernet24,100000,,Access,off
str43-7060x6-512-c17-u10,Ethernet25,str43-7060x6-512-c17-u08,Ethernet25,100000,,Access,off
str43-7060x6-512-c17-u10,Ethernet26,str43-7060x6-512-c17-u08,Ethernet26,100000,,Access,off
str43-7060x6-512-c17-u10,Ethernet27,str43-7060x6-512-c17-u08,Ethernet27,100000,,Access,off
str43-7060x6-512-c17-u10,Ethernet28,str43-7060x6-512-c17-u08,Ethernet28,100000,,Access,off
str43-7060x6-512-c17-u10,Ethernet29,str43-7060x6-512-c17-u08,Ethernet29,100000,,Access,off
str43-7060x6-512-c17-u10,Ethernet30,str43-7060x6-512-c17-u08,Ethernet30,100000,,Access,off
str43-7060x6-512-c17-u10,Ethernet31,str43-7060x6-512-c17-u08,Ethernet31,100000,,Access,off
str43-7060x6-512-c17-u10,Ethernet32,str43-7060x6-512-c17-u08,Ethernet32,100000,,Access,off
str43-7060x6-512-c17-u10,Ethernet33,str43-7060x6-512-c17-u08,Ethernet33,100000,,Access,off
str43-7060x6-512-c17-u10,Ethernet34,str43-7060x6-512-c17-u08,Ethernet34,100000,,Access,off
str43-7060x6-512-c17-u10,Ethernet35,str43-7060x6-512-c17-u08,Ethernet35,100000,,Access,off
str43-7060x6-512-c17-u10,Ethernet36,str43-7060x6-512-c17-u08,Ethernet36,100000,,Access,off
str43-7060x6-512-c17-u10,Ethernet37,str43-7060x6-512-c17-u08,Ethernet37,100000,,Access,off
str43-7060x6-512-c17-u10,Ethernet38,str43-7060x6-512-c17-u08,Ethernet38,100000,,Access,off
str43-7060x6-512-c17-u10,Ethernet39,str43-7060x6-512-c17-u08,Ethernet39,100000,,Access,off
str43-7060x6-512-c17-u10,Ethernet40,str43-7060x6-512-c17-u08,Ethernet40,100000,,Access,off
str43-7060x6-512-c17-u10,Ethernet41,str43-7060x6-512-c17-u08,Ethernet41,100000,,Access,off
str43-7060x6-512-c17-u10,Ethernet42,str43-7060x6-512-c17-u08,Ethernet42,100000,,Access,off
str43-7060x6-512-c17-u10,Ethernet43,str43-7060x6-512-c17-u08,Ethernet43,100000,,Access,off
str43-7060x6-512-c17-u10,Ethernet44,str43-7060x6-512-c17-u08,Ethernet44,100000,,Access,off
str43-7060x6-512-c17-u10,Ethernet45,str43-7060x6-512-c17-u08,Ethernet45,100000,,Access,off
str43-7060x6-512-c17-u10,Ethernet46,str43-7060x6-512-c17-u08,Ethernet46,100000,,Access,off
str43-7060x6-512-c17-u10,Ethernet47,str43-7060x6-512-c17-u08,Ethernet47,100000,,Access,off
str43-7060x6-512-c17-u10,Ethernet48,str43-7060x6-512-c17-u08,Ethernet48,100000,,Access,off
str43-7060x6-512-c17-u10,Ethernet49,str43-7060x6-512-c17-u08,Ethernet49,100000,,Access,off
str43-7060x6-512-c17-u10,Ethernet50,str43-7060x6-512-c17-u08,Ethernet50,100000,,Access,off
str43-7060x6-512-c17-u10,Ethernet51,str43-7060x6-512-c17-u08,Ethernet51,100000,,Access,off
str43-7060x6-512-c17-u10,Ethernet52,str43-7060x6-512-c17-u08,Ethernet52,100000,,Access,off
str43-7060x6-512-c17-u10,Ethernet53,str43-7060x6-512-c17-u08,Ethernet53,100000,,Access,off
str43-7060x6-512-c17-u10,Ethernet54,str43-7060x6-512-c17-u08,Ethernet54,100000,,Access,off
str43-7060x6-512-c17-u10,Ethernet55,str43-7060x6-512-c17-u08,Ethernet55,100000,,Access,off
str43-7060x6-512-c17-u10,Ethernet56,str43-7060x6-512-c17-u08,Ethernet56,100000,,Access,off
str43-7060x6-512-c17-u10,Ethernet57,str43-7060x6-512-c17-u08,Ethernet57,100000,,Access,off
str43-7060x6-512-c17-u10,Ethernet58,str43-7060x6-512-c17-u08,Ethernet58,100000,,Access,off
str43-7060x6-512-c17-u10,Ethernet59,str43-7060x6-512-c17-u08,Ethernet59,100000,,Access,off
str43-7060x6-512-c17-u10,Ethernet60,str43-7060x6-512-c17-u08,Ethernet60,100000,,Access,off
str43-7060x6-512-c17-u10,Ethernet61,str43-7060x6-512-c17-u08,Ethernet61,100000,,Access,off
str43-7060x6-512-c17-u10,Ethernet62,str43-7060x6-512-c17-u08,Ethernet62,100000,,Access,off
str43-7060x6-512-c17-u10,Ethernet63,str43-7060x6-512-c17-u08,Ethernet63,100000,,Access,off
str43-7060x6-512-c17-u10,Ethernet64,str43-7060x6-512-c17-u08,Ethernet64,100000,,Access,off
str43-7060x6-512-c17-u10,Ethernet65,str43-7060x6-512-c17-u08,Ethernet65,100000,,Access,off
str43-7060x6-512-c17-u10,Ethernet66,str43-7060x6-512-c17-u08,Ethernet66,100000,,Access,off
str43-7060x6-512-c17-u10,Ethernet67,str43-7060x6-512-c17-u08,Ethernet67,100000,,Access,off
str43-7060x6-512-c17-u10,Ethernet68,str43-7060x6-512-c17-u08,Ethernet68,100000,,Access,off
str43-7060x6-512-c17-u10,Ethernet69,str43-7060x6-512-c17-u08,Ethernet69,100000,,Access,off
str43-7060x6-512-c17-u10,Ethernet70,str43-7060x6-512-c17-u08,Ethernet70,100000,,Access,off
str43-7060x6-512-c17-u10,Ethernet71,str43-7060x6-512-c17-u08,Ethernet71,100000,,Access,off
str43-7060x6-512-c17-u10,Ethernet72,str43-7060x6-512-c17-u08,Ethernet72,100000,,Access,off
str43-7060x6-512-c17-u10,Ethernet73,str43-7060x6-512-c17-u08,Ethernet73,100000,,Access,off
str43-7060x6-512-c17-u10,Ethernet74,str43-7060x6-512-c17-u08,Ethernet74,100000,,Access,off
str43-7060x6-512-c17-u10,Ethernet75,str43-7060x6-512-c17-u08,Ethernet75,100000,,Access,off
str43-7060x6-512-c17-u10,Ethernet76,str43-7060x6-512-c17-u08,Ethernet76,100000,,Access,off
str43-7060x6-512-c17-u10,Ethernet77,str43-7060x6-512-c17-u08,Ethernet77,100000,,Access,off
str43-7060x6-512-c17-u10,Ethernet78,str43-7060x6-512-c17-u08,Ethernet78,100000,,Access,off
str43-7060x6-512-c17-u10,Ethernet79,str43-7060x6-512-c17-u08,Ethernet79,100000,,Access,off
str43-7060x6-512-c17-u10,Ethernet80,str43-7060x6-512-c17-u08,Ethernet80,100000,,Access,off
str43-7060x6-512-c17-u10,Ethernet81,str43-7060x6-512-c17-u08,Ethernet81,100000,,Access,off
str43-7060x6-512-c17-u10,Ethernet82,str43-7060x6-512-c17-u08,Ethernet82,100000,,Access,off
str43-7060x6-512-c17-u10,Ethernet83,str43-7060x6-512-c17-u08,Ethernet83,100000,,Access,off
str43-7060x6-512-c17-u10,Ethernet84,str43-7060x6-512-c17-u08,Ethernet84,100000,,Access,off
str43-7060x6-512-c17-u10,Ethernet85,str43-7060x6-512-c17-u08,Ethernet85,100000,,Access,off
str43-7060x6-512-c17-u10,Ethernet86,str43-7060x6-512-c17-u08,Ethernet86,100000,,Access,off
str43-7060x6-512-c17-u10,Ethernet87,str43-7060x6-512-c17-u08,Ethernet87,100000,,Access,off
str43-7060x6-512-c17-u10,Ethernet88,str43-7060x6-512-c17-u08,Ethernet88,100000,,Access,off
str43-7060x6-512-c17-u10,Ethernet89,str43-7060x6-512-c17-u08,Ethernet89,100000,,Access,off
str43-7060x6-512-c17-u10,Ethernet90,str43-7060x6-512-c17-u08,Ethernet90,100000,,Access,off
str43-7060x6-512-c17-u10,Ethernet91,str43-7060x6-512-c17-u08,Ethernet91,100000,,Access,off
str43-7060x6-512-c17-u10,Ethernet92,str43-7060x6-512-c17-u08,Ethernet92,100000,,Access,off
str43-7060x6-512-c17-u10,Ethernet93,str43-7060x6-512-c17-u08,Ethernet93,100000,,Access,off
str43-7060x6-512-c17-u10,Ethernet94,str43-7060x6-512-c17-u08,Ethernet94,100000,,Access,off
str43-7060x6-512-c17-u10,Ethernet95,str43-7060x6-512-c17-u08,Ethernet95,100000,,Access,off
str43-7060x6-512-c17-u10,Ethernet96,str43-7060x6-512-c17-u08,Ethernet96,100000,,Access,off
str43-7060x6-512-c17-u10,Ethernet97,str43-7060x6-512-c17-u08,Ethernet97,100000,,Access,off
str43-7060x6-512-c17-u10,Ethernet98,str43-7060x6-512-c17-u08,Ethernet98,100000,,Access,off
str43-7060x6-512-c17-u10,Ethernet99,str43-7060x6-512-c17-u08,Ethernet99,100000,,Access,off
str43-7060x6-512-c17-u10,Ethernet100,str43-7060x6-512-c17-u08,Ethernet100,100000,,Access,off
str43-7060x6-512-c17-u10,Ethernet101,str43-7060x6-512-c17-u08,Ethernet101,100000,,Access,off
str43-7060x6-512-c17-u10,Ethernet102,str43-7060x6-512-c17-u08,Ethernet102,100000,,Access,off
str43-7060x6-512-c17-u10,Ethernet103,str43-7060x6-512-c17-u08,Ethernet103,100000,,Access,off
str43-7060x6-512-c17-u10,Ethernet104,str43-7060x6-512-c17-u08,Ethernet104,100000,,Access,off
str43-7060x6-512-c17-u10,Ethernet105,str43-7060x6-512-c17-u08,Ethernet105,100000,,Access,off
str43-7060x6-512-c17-u10,Ethernet106,str43-7060x6-512-c17-u08,Ethernet106,100000,,Access,off
str43-7060x6-512-c17-u10,Ethernet107,str43-7060x6-512-c17-u08,Ethernet107,100000,,Access,off
str43-7060x6-512-c17-u10,Ethernet108,str43-7060x6-512-c17-u08,Ethernet108,100000,,Access,off
str43-7060x6-512-c17-u10,Ethernet109,str43-7060x6-512-c17-u08,Ethernet109,100000,,Access,off
str43-7060x6-512-c17-u10,Ethernet110,str43-7060x6-512-c17-u08,Ethernet110,100000,,Access,off
str43-7060x6-512-c17-u10,Ethernet111,str43-7060x6-512-c17-u08,Ethernet111,100000,,Access,off
str43-7060x6-512-c17-u10,Ethernet112,str43-7060x6-512-c17-u08,Ethernet112,100000,,Access,off
str43-7060x6-512-c17-u10,Ethernet113,str43-7060x6-512-c17-u08,Ethernet113,100000,,Access,off
str43-7060x6-512-c17-u10,Ethernet114,str43-7060x6-512-c17-u08,Ethernet114,100000,,Access,off
str43-7060x6-512-c17-u10,Ethernet115,str43-7060x6-512-c17-u08,Ethernet115,100000,,Access,off
str43-7060x6-512-c17-u10,Ethernet116,str43-7060x6-512-c17-u08,Ethernet116,100000,,Access,off
str43-7060x6-512-c17-u10,Ethernet117,str43-7060x6-512-c17-u08,Ethernet117,100000,,Access,off
str43-7060x6-512-c17-u10,Ethernet118,str43-7060x6-512-c17-u08,Ethernet118,100000,,Access,off
str43-7060x6-512-c17-u10,Ethernet119,str43-7060x6-512-c17-u08,Ethernet119,100000,,Access,off
str43-7060x6-512-c17-u10,Ethernet120,str43-7060x6-512-c17-u08,Ethernet120,100000,,Access,off
str43-7060x6-512-c17-u10,Ethernet121,str43-7060x6-512-c17-u08,Ethernet121,100000,,Access,off
str43-7060x6-512-c17-u10,Ethernet122,str43-7060x6-512-c17-u08,Ethernet122,100000,,Access,off
str43-7060x6-512-c17-u10,Ethernet123,str43-7060x6-512-c17-u08,Ethernet123,100000,,Access,off
str43-7060x6-512-c17-u10,Ethernet124,str43-7060x6-512-c17-u08,Ethernet124,100000,,Access,off
str43-7060x6-512-c17-u10,Ethernet125,str43-7060x6-512-c17-u08,Ethernet125,100000,,Access,off
str43-7060x6-512-c17-u10,Ethernet126,str43-7060x6-512-c17-u08,Ethernet126,100000,,Access,off
str43-7060x6-512-c17-u10,Ethernet127,str43-7060x6-512-c17-u08,Ethernet127,100000,,Access,off
str43-7060x6-512-c17-u10,Ethernet128,str43-7060x6-512-c17-u08,Ethernet128,100000,,Access,off
str43-7060x6-512-c17-u10,Ethernet129,str43-7060x6-512-c17-u08,Ethernet129,100000,,Access,off
str43-7060x6-512-c17-u10,Ethernet130,str43-7060x6-512-c17-u08,Ethernet130,100000,,Access,off
str43-7060x6-512-c17-u10,Ethernet131,str43-7060x6-512-c17-u08,Ethernet131,100000,,Access,off
str43-7060x6-512-c17-u10,Ethernet132,str43-7060x6-512-c17-u08,Ethernet132,100000,,Access,off
str43-7060x6-512-c17-u10,Ethernet133,str43-7060x6-512-c17-u08,Ethernet133,100000,,Access,off
str43-7060x6-512-c17-u10,Ethernet134,str43-7060x6-512-c17-u08,Ethernet134,100000,,Access,off
str43-7060x6-512-c17-u10,Ethernet135,str43-7060x6-512-c17-u08,Ethernet135,100000,,Access,off
str43-7060x6-512-c17-u10,Ethernet136,str43-7060x6-512-c17-u08,Ethernet136,100000,,Access,off
str43-7060x6-512-c17-u10,Ethernet137,str43-7060x6-512-c17-u08,Ethernet137,100000,,Access,off
str43-7060x6-512-c17-u10,Ethernet138,str43-7060x6-512-c17-u08,Ethernet138,100000,,Access,off
str43-7060x6-512-c17-u10,Ethernet139,str43-7060x6-512-c17-u08,Ethernet139,100000,,Access,off
str43-7060x6-512-c17-u10,Ethernet140,str43-7060x6-512-c17-u08,Ethernet140,100000,,Access,off
str43-7060x6-512-c17-u10,Ethernet141,str43-7060x6-512-c17-u08,Ethernet141,100000,,Access,off
str43-7060x6-512-c17-u10,Ethernet142,str43-7060x6-512-c17-u08,Ethernet142,100000,,Access,off
str43-7060x6-512-c17-u10,Ethernet143,str43-7060x6-512-c17-u08,Ethernet143,100000,,Access,off
str43-7060x6-512-c17-u10,Ethernet144,str43-7060x6-512-c17-u08,Ethernet144,100000,,Access,off
str43-7060x6-512-c17-u10,Ethernet145,str43-7060x6-512-c17-u08,Ethernet145,100000,,Access,off
str43-7060x6-512-c17-u10,Ethernet146,str43-7060x6-512-c17-u08,Ethernet146,100000,,Access,off
str43-7060x6-512-c17-u10,Ethernet147,str43-7060x6-512-c17-u08,Ethernet147,100000,,Access,off
str43-7060x6-512-c17-u10,Ethernet148,str43-7060x6-512-c17-u08,Ethernet148,100000,,Access,off
str43-7060x6-512-c17-u10,Ethernet149,str43-7060x6-512-c17-u08,Ethernet149,100000,,Access,off
str43-7060x6-512-c17-u10,Ethernet150,str43-7060x6-512-c17-u08,Ethernet150,100000,,Access,off
str43-7060x6-512-c17-u10,Ethernet151,str43-7060x6-512-c17-u08,Ethernet151,100000,,Access,off
str43-7060x6-512-c17-u10,Ethernet152,str43-7060x6-512-c17-u08,Ethernet152,100000,,Access,off
str43-7060x6-512-c17-u10,Ethernet153,str43-7060x6-512-c17-u08,Ethernet153,100000,,Access,off
str43-7060x6-512-c17-u10,Ethernet154,str43-7060x6-512-c17-u08,Ethernet154,100000,,Access,off
str43-7060x6-512-c17-u10,Ethernet155,str43-7060x6-512-c17-u08,Ethernet155,100000,,Access,off
str43-7060x6-512-c17-u10,Ethernet156,str43-7060x6-512-c17-u08,Ethernet156,100000,,Access,off
str43-7060x6-512-c17-u10,Ethernet157,str43-7060x6-512-c17-u08,Ethernet157,100000,,Access,off
str43-7060x6-512-c17-u10,Ethernet158,str43-7060x6-512-c17-u08,Ethernet158,100000,,Access,off
str43-7060x6-512-c17-u10,Ethernet159,str43-7060x6-512-c17-u08,Ethernet159,100000,,Access,off
str43-7060x6-512-c17-u10,Ethernet160,str43-7060x6-512-c17-u08,Ethernet160,100000,,Access,off
str43-7060x6-512-c17-u10,Ethernet161,str43-7060x6-512-c17-u08,Ethernet161,100000,,Access,off
str43-7060x6-512-c17-u10,Ethernet162,str43-7060x6-512-c17-u08,Ethernet162,100000,,Access,off
str43-7060x6-512-c17-u10,Ethernet163,str43-7060x6-512-c17-u08,Ethernet163,100000,,Access,off
str43-7060x6-512-c17-u10,Ethernet164,str43-7060x6-512-c17-u08,Ethernet164,100000,,Access,off
str43-7060x6-512-c17-u10,Ethernet165,str43-7060x6-512-c17-u08,Ethernet165,100000,,Access,off
str43-7060x6-512-c17-u10,Ethernet166,str43-7060x6-512-c17-u08,Ethernet166,100000,,Access,off
str43-7060x6-512-c17-u10,Ethernet167,str43-7060x6-512-c17-u08,Ethernet167,100000,,Access,off
str43-7060x6-512-c17-u10,Ethernet168,str43-7060x6-512-c17-u08,Ethernet168,100000,,Access,off
str43-7060x6-512-c17-u10,Ethernet169,str43-7060x6-512-c17-u08,Ethernet169,100000,,Access,off
str43-7060x6-512-c17-u10,Ethernet170,str43-7060x6-512-c17-u08,Ethernet170,100000,,Access,off
str43-7060x6-512-c17-u10,Ethernet171,str43-7060x6-512-c17-u08,Ethernet171,100000,,Access,off
str43-7060x6-512-c17-u10,Ethernet172,str43-7060x6-512-c17-u08,Ethernet172,100000,,Access,off
str43-7060x6-512-c17-u10,Ethernet173,str43-7060x6-512-c17-u08,Ethernet173,100000,,Access,off
str43-7060x6-512-c17-u10,Ethernet174,str43-7060x6-512-c17-u08,Ethernet174,100000,,Access,off
str43-7060x6-512-c17-u10,Ethernet175,str43-7060x6-512-c17-u08,Ethernet175,100000,,Access,off
str43-7060x6-512-c17-u10,Ethernet176,str43-7060x6-512-c17-u08,Ethernet176,100000,,Access,off
str43-7060x6-512-c17-u10,Ethernet177,str43-7060x6-512-c17-u08,Ethernet177,100000,,Access,off
str43-7060x6-512-c17-u10,Ethernet178,str43-7060x6-512-c17-u08,Ethernet178,100000,,Access,off
str43-7060x6-512-c17-u10,Ethernet179,str43-7060x6-512-c17-u08,Ethernet179,100000,,Access,off
str43-7060x6-512-c17-u10,Ethernet180,str43-7060x6-512-c17-u08,Ethernet180,100000,,Access,off
str43-7060x6-512-c17-u10,Ethernet181,str43-7060x6-512-c17-u08,Ethernet181,100000,,Access,off
str43-7060x6-512-c17-u10,Ethernet182,str43-7060x6-512-c17-u08,Ethernet182,100000,,Access,off
str43-7060x6-512-c17-u10,Ethernet183,str43-7060x6-512-c17-u08,Ethernet183,100000,,Access,off
str43-7060x6-512-c17-u10,Ethernet184,str43-7060x6-512-c17-u08,Ethernet184,100000,,Access,off
str43-7060x6-512-c17-u10,Ethernet185,str43-7060x6-512-c17-u08,Ethernet185,100000,,Access,off
str43-7060x6-512-c17-u10,Ethernet186,str43-7060x6-512-c17-u08,Ethernet186,100000,,Access,off
str43-7060x6-512-c17-u10,Ethernet187,str43-7060x6-512-c17-u08,Ethernet187,100000,,Access,off
str43-7060x6-512-c17-u10,Ethernet188,str43-7060x6-512-c17-u08,Ethernet188,100000,,Access,off
str43-7060x6-512-c17-u10,Ethernet189,str43-7060x6-512-c17-u08,Ethernet189,100000,,Access,off
str43-7060x6-512-c17-u10,Ethernet190,str43-7060x6-512-c17-u08,Ethernet190,100000,,Access,off
str43-7060x6-512-c17-u10,Ethernet191,str43-7060x6-512-c17-u08,Ethernet191,100000,,Access,off
str43-7060x6-512-c17-u10,Ethernet192,str43-7060x6-512-c17-u08,Ethernet192,100000,,Access,off
str43-7060x6-512-c17-u10,Ethernet193,str43-7060x6-512-c17-u08,Ethernet193,100000,,Access,off
str43-7060x6-512-c17-u10,Ethernet194,str43-7060x6-512-c17-u08,Ethernet194,100000,,Access,off
str43-7060x6-512-c17-u10,Ethernet195,str43-7060x6-512-c17-u08,Ethernet195,100000,,Access,off
str43-7060x6-512-c17-u10,Ethernet196,str43-7060x6-512-c17-u08,Ethernet196,100000,,Access,off
str43-7060x6-512-c17-u10,Ethernet197,str43-7060x6-512-c17-u08,Ethernet197,100000,,Access,off
str43-7060x6-512-c17-u10,Ethernet198,str43-7060x6-512-c17-u08,Ethernet198,100000,,Access,off
str43-7060x6-512-c17-u10,Ethernet199,str43-7060x6-512-c17-u08,Ethernet199,100000,,Access,off
str43-7060x6-512-c17-u10,Ethernet200,str43-7060x6-512-c17-u08,Ethernet200,100000,,Access,off
str43-7060x6-512-c17-u10,Ethernet201,str43-7060x6-512-c17-u08,Ethernet201,100000,,Access,off
str43-7060x6-512-c17-u10,Ethernet202,str43-7060x6-512-c17-u08,Ethernet202,100000,,Access,off
str43-7060x6-512-c17-u10,Ethernet203,str43-7060x6-512-c17-u08,Ethernet203,100000,,Access,off
str43-7060x6-512-c17-u10,Ethernet204,str43-7060x6-512-c17-u08,Ethernet204,100000,,Access,off
str43-7060x6-512-c17-u10,Ethernet205,str43-7060x6-512-c17-u08,Ethernet205,100000,,Access,off
str43-7060x6-512-c17-u10,Ethernet206,str43-7060x6-512-c17-u08,Ethernet206,100000,,Access,off
str43-7060x6-512-c17-u10,Ethernet207,str43-7060x6-512-c17-u08,Ethernet207,100000,,Access,off
str43-7060x6-512-c17-u10,Ethernet208,str43-7060x6-512-c17-u08,Ethernet208,100000,,Access,off
str43-7060x6-512-c17-u10,Ethernet209,str43-7060x6-512-c17-u08,Ethernet209,100000,,Access,off
str43-7060x6-512-c17-u10,Ethernet210,str43-7060x6-512-c17-u08,Ethernet210,100000,,Access,off
str43-7060x6-512-c17-u10,Ethernet211,str43-7060x6-512-c17-u08,Ethernet211,100000,,Access,off
str43-7060x6-512-c17-u10,Ethernet212,str43-7060x6-512-c17-u08,Ethernet212,100000,,Access,off
str43-7060x6-512-c17-u10,Ethernet213,str43-7060x6-512-c17-u08,Ethernet213,100000,,Access,off
str43-7060x6-512-c17-u10,Ethernet214,str43-7060x6-512-c17-u08,Ethernet214,100000,,Access,off
str43-7060x6-512-c17-u10,Ethernet215,str43-7060x6-512-c17-u08,Ethernet215,100000,,Access,off
str43-7060x6-512-c17-u10,Ethernet216,str43-7060x6-512-c17-u08,Ethernet216,100000,,Access,off
str43-7060x6-512-c17-u10,Ethernet217,str43-7060x6-512-c17-u08,Ethernet217,100000,,Access,off
str43-7060x6-512-c17-u10,Ethernet218,str43-7060x6-512-c17-u08,Ethernet218,100000,,Access,off
str43-7060x6-512-c17-u10,Ethernet219,str43-7060x6-512-c17-u08,Ethernet219,100000,,Access,off
str43-7060x6-512-c17-u10,Ethernet220,str43-7060x6-512-c17-u08,Ethernet220,100000,,Access,off
str43-7060x6-512-c17-u10,Ethernet221,str43-7060x6-512-c17-u08,Ethernet221,100000,,Access,off
str43-7060x6-512-c17-u10,Ethernet222,str43-7060x6-512-c17-u08,Ethernet222,100000,,Access,off
str43-7060x6-512-c17-u10,Ethernet223,str43-7060x6-512-c17-u08,Ethernet223,100000,,Access,off
str43-7060x6-512-c17-u10,Ethernet224,str43-7060x6-512-c17-u08,Ethernet224,100000,,Access,off
str43-7060x6-512-c17-u10,Ethernet225,str43-7060x6-512-c17-u08,Ethernet225,100000,,Access,off
str43-7060x6-512-c17-u10,Ethernet226,str43-7060x6-512-c17-u08,Ethernet226,100000,,Access,off
str43-7060x6-512-c17-u10,Ethernet227,str43-7060x6-512-c17-u08,Ethernet227,100000,,Access,off
str43-7060x6-512-c17-u10,Ethernet228,str43-7060x6-512-c17-u08,Ethernet228,100000,,Access,off
str43-7060x6-512-c17-u10,Ethernet229,str43-7060x6-512-c17-u08,Ethernet229,100000,,Access,off
str43-7060x6-512-c17-u10,Ethernet230,str43-7060x6-512-c17-u08,Ethernet230,100000,,Access,off
str43-7060x6-512-c17-u10,Ethernet231,str43-7060x6-512-c17-u08,Ethernet231,100000,,Access,off
str43-7060x6-512-c17-u10,Ethernet232,str43-7060x6-512-c17-u08,Ethernet232,100000,,Access,off
str43-7060x6-512-c17-u10,Ethernet233,str43-7060x6-512-c17-u08,Ethernet233,100000,,Access,off
str43-7060x6-512-c17-u10,Ethernet234,str43-7060x6-512-c17-u08,Ethernet234,100000,,Access,off
str43-7060x6-512-c17-u10,Ethernet235,str43-7060x6-512-c17-u08,Ethernet235,100000,,Access,off
str43-7060x6-512-c17-u10,Ethernet236,str43-7060x6-512-c17-u08,Ethernet236,100000,,Access,off
str43-7060x6-512-c17-u10,Ethernet237,str43-7060x6-512-c17-u08,Ethernet237,100000,,Access,off
str43-7060x6-512-c17-u10,Ethernet238,str43-7060x6-512-c17-u08,Ethernet238,100000,,Access,off
str43-7060x6-512-c17-u10,Ethernet239,str43-7060x6-512-c17-u08,Ethernet239,100000,,Access,off
str43-7060x6-512-c17-u10,Ethernet240,str43-7060x6-512-c17-u08,Ethernet240,100000,,Access,off
str43-7060x6-512-c17-u10,Ethernet241,str43-7060x6-512-c17-u08,Ethernet241,100000,,Access,off
str43-7060x6-512-c17-u10,Ethernet242,str43-7060x6-512-c17-u08,Ethernet242,100000,,Access,off
str43-7060x6-512-c17-u10,Ethernet243,str43-7060x6-512-c17-u08,Ethernet243,100000,,Access,off
str43-7060x6-512-c17-u10,Ethernet244,str43-7060x6-512-c17-u08,Ethernet244,100000,,Access,off
str43-7060x6-512-c17-u10,Ethernet245,str43-7060x6-512-c17-u08,Ethernet245,100000,,Access,off
str43-7060x6-512-c17-u10,Ethernet246,str43-7060x6-512-c17-u08,Ethernet246,100000,,Access,off
str43-7060x6-512-c17-u10,Ethernet247,str43-7060x6-512-c17-u08,Ethernet247,100000,,Access,off
str43-7060x6-512-c17-u10,Ethernet248,str43-7060x6-512-c17-u08,Ethernet248,100000,,Access,off
str43-7060x6-512-c17-u10,Ethernet249,str43-7060x6-512-c17-u08,Ethernet249,100000,,Access,off
str43-7060x6-512-c17-u10,Ethernet250,str43-7060x6-512-c17-u08,Ethernet250,100000,,Access,off
str43-7060x6-512-c17-u10,Ethernet251,str43-7060x6-512-c17-u08,Ethernet251,100000,,Access,off
str43-7060x6-512-c17-u10,Ethernet252,str43-7060x6-512-c17-u08,Ethernet252,100000,,Access,off
str43-7060x6-512-c17-u10,Ethernet253,str43-7060x6-512-c17-u08,Ethernet253,100000,,Access,off
str43-7060x6-512-c17-u10,Ethernet254,str43-7060x6-512-c17-u08,Ethernet254,100000,,Access,off
str43-7060x6-512-c17-u10,Ethernet255,str43-7060x6-512-c17-u08,Ethernet255,100000,,Access,off
str43-7060x6-512-c17-u10,Ethernet256,str43-7060x6-512-c17-u08,Ethernet256,100000,,Access,off
str43-7060x6-512-c17-u10,Ethernet257,str43-7060x6-512-c17-u08,Ethernet257,100000,,Access,off
str43-7060x6-512-c17-u10,Ethernet258,str43-7060x6-512-c17-u08,Ethernet258,100000,,Access,off
str43-7060x6-512-c17-u10,Ethernet259,str43-7060x6-512-c17-u08,Ethernet259,100000,,Access,off
str43-7060x6-512-c17-u10,Ethernet260,str43-7060x6-512-c17-u08,Ethernet260,100000,,Access,off
str43-7060x6-512-c17-u10,Ethernet261,str43-7060x6-512-c17-u08,Ethernet261,100000,,Access,off
str43-7060x6-512-c17-u10,Ethernet262,str43-7060x6-512-c17-u08,Ethernet262,100000,,Access,off
str43-7060x6-512-c17-u10,Ethernet263,str43-7060x6-512-c17-u08,Ethernet263,100000,,Access,off
str43-7060x6-512-c17-u10,Ethernet264,str43-7060x6-512-c17-u08,Ethernet264,100000,,Access,off
str43-7060x6-512-c17-u10,Ethernet265,str43-7060x6-512-c17-u08,Ethernet265,100000,,Access,off
str43-7060x6-512-c17-u10,Ethernet266,str43-7060x6-512-c17-u08,Ethernet266,100000,,Access,off
str43-7060x6-512-c17-u10,Ethernet267,str43-7060x6-512-c17-u08,Ethernet267,100000,,Access,off
str43-7060x6-512-c17-u10,Ethernet268,str43-7060x6-512-c17-u08,Ethernet268,100000,,Access,off
str43-7060x6-512-c17-u10,Ethernet269,str43-7060x6-512-c17-u08,Ethernet269,100000,,Access,off
str43-7060x6-512-c17-u10,Ethernet270,str43-7060x6-512-c17-u08,Ethernet270,100000,,Access,off
str43-7060x6-512-c17-u10,Ethernet271,str43-7060x6-512-c17-u08,Ethernet271,100000,,Access,off
str43-7060x6-512-c17-u10,Ethernet272,str43-7060x6-512-c17-u08,Ethernet272,100000,,Access,off
str43-7060x6-512-c17-u10,Ethernet273,str43-7060x6-512-c17-u08,Ethernet273,100000,,Access,off
str43-7060x6-512-c17-u10,Ethernet274,str43-7060x6-512-c17-u08,Ethernet274,100000,,Access,off
str43-7060x6-512-c17-u10,Ethernet275,str43-7060x6-512-c17-u08,Ethernet275,100000,,Access,off
str43-7060x6-512-c17-u10,Ethernet276,str43-7060x6-512-c17-u08,Ethernet276,100000,,Access,off
str43-7060x6-512-c17-u10,Ethernet277,str43-7060x6-512-c17-u08,Ethernet277,100000,,Access,off
str43-7060x6-512-c17-u10,Ethernet278,str43-7060x6-512-c17-u08,Ethernet278,100000,,Access,off
str43-7060x6-512-c17-u10,Ethernet279,str43-7060x6-512-c17-u08,Ethernet279,100000,,Access,off
str43-7060x6-512-c17-u10,Ethernet280,str43-7060x6-512-c17-u08,Ethernet280,100000,,Access,off
str43-7060x6-512-c17-u10,Ethernet281,str43-7060x6-512-c17-u08,Ethernet281,100000,,Access,off
str43-7060x6-512-c17-u10,Ethernet282,str43-7060x6-512-c17-u08,Ethernet282,100000,,Access,off
str43-7060x6-512-c17-u10,Ethernet283,str43-7060x6-512-c17-u08,Ethernet283,100000,,Access,off
str43-7060x6-512-c17-u10,Ethernet284,str43-7060x6-512-c17-u08,Ethernet284,100000,,Access,off
str43-7060x6-512-c17-u10,Ethernet285,str43-7060x6-512-c17-u08,Ethernet285,100000,,Access,off
str43-7060x6-512-c17-u10,Ethernet286,str43-7060x6-512-c17-u08,Ethernet286,100000,,Access,off
str43-7060x6-512-c17-u10,Ethernet287,str43-7060x6-512-c17-u08,Ethernet287,100000,,Access,off
str43-7060x6-512-c17-u10,Ethernet288,str43-7060x6-512-c17-u08,Ethernet288,100000,,Access,off
str43-7060x6-512-c17-u10,Ethernet289,str43-7060x6-512-c17-u08,Ethernet289,100000,,Access,off
str43-7060x6-512-c17-u10,Ethernet290,str43-7060x6-512-c17-u08,Ethernet290,100000,,Access,off
str43-7060x6-512-c17-u10,Ethernet291,str43-7060x6-512-c17-u08,Ethernet291,100000,,Access,off
str43-7060x6-512-c17-u10,Ethernet292,str43-7060x6-512-c17-u08,Ethernet292,100000,,Access,off
str43-7060x6-512-c17-u10,Ethernet293,str43-7060x6-512-c17-u08,Ethernet293,100000,,Access,off
str43-7060x6-512-c17-u10,Ethernet294,str43-7060x6-512-c17-u08,Ethernet294,100000,,Access,off
str43-7060x6-512-c17-u10,Ethernet295,str43-7060x6-512-c17-u08,Ethernet295,100000,,Access,off
str43-7060x6-512-c17-u10,Ethernet296,str43-7060x6-512-c17-u08,Ethernet296,100000,,Access,off
str43-7060x6-512-c17-u10,Ethernet297,str43-7060x6-512-c17-u08,Ethernet297,100000,,Access,off
str43-7060x6-512-c17-u10,Ethernet298,str43-7060x6-512-c17-u08,Ethernet298,100000,,Access,off
str43-7060x6-512-c17-u10,Ethernet299,str43-7060x6-512-c17-u08,Ethernet299,100000,,Access,off
str43-7060x6-512-c17-u10,Ethernet300,str43-7060x6-512-c17-u08,Ethernet300,100000,,Access,off
str43-7060x6-512-c17-u10,Ethernet301,str43-7060x6-512-c17-u08,Ethernet301,100000,,Access,off
str43-7060x6-512-c17-u10,Ethernet302,str43-7060x6-512-c17-u08,Ethernet302,100000,,Access,off
str43-7060x6-512-c17-u10,Ethernet303,str43-7060x6-512-c17-u08,Ethernet303,100000,,Access,off
str43-7060x6-512-c17-u10,Ethernet304,str43-7060x6-512-c17-u08,Ethernet304,100000,,Access,off
str43-7060x6-512-c17-u10,Ethernet305,str43-7060x6-512-c17-u08,Ethernet305,100000,,Access,off
str43-7060x6-512-c17-u10,Ethernet306,str43-7060x6-512-c17-u08,Ethernet306,100000,,Access,off
str43-7060x6-512-c17-u10,Ethernet307,str43-7060x6-512-c17-u08,Ethernet307,100000,,Access,off
str43-7060x6-512-c17-u10,Ethernet308,str43-7060x6-512-c17-u08,Ethernet308,100000,,Access,off
str43-7060x6-512-c17-u10,Ethernet309,str43-7060x6-512-c17-u08,Ethernet309,100000,,Access,off
str43-7060x6-512-c17-u10,Ethernet310,str43-7060x6-512-c17-u08,Ethernet310,100000,,Access,off
str43-7060x6-512-c17-u10,Ethernet311,str43-7060x6-512-c17-u08,Ethernet311,100000,,Access,off
str43-7060x6-512-c17-u10,Ethernet312,str43-7060x6-512-c17-u08,Ethernet312,100000,,Access,off
str43-7060x6-512-c17-u10,Ethernet313,str43-7060x6-512-c17-u08,Ethernet313,100000,,Access,off
str43-7060x6-512-c17-u10,Ethernet314,str43-7060x6-512-c17-u08,Ethernet314,100000,,Access,off
str43-7060x6-512-c17-u10,Ethernet315,str43-7060x6-512-c17-u08,Ethernet315,100000,,Access,off
str43-7060x6-512-c17-u10,Ethernet316,str43-7060x6-512-c17-u08,Ethernet316,100000,,Access,off
str43-7060x6-512-c17-u10,Ethernet317,str43-7060x6-512-c17-u08,Ethernet317,100000,,Access,off
str43-7060x6-512-c17-u10,Ethernet318,str43-7060x6-512-c17-u08,Ethernet318,100000,,Access,off
str43-7060x6-512-c17-u10,Ethernet319,str43-7060x6-512-c17-u08,Ethernet319,100000,,Access,off
str43-7060x6-512-c17-u10,Ethernet320,str43-7060x6-512-c17-u08,Ethernet320,100000,,Access,off
str43-7060x6-512-c17-u10,Ethernet321,str43-7060x6-512-c17-u08,Ethernet321,100000,,Access,off
str43-7060x6-512-c17-u10,Ethernet322,str43-7060x6-512-c17-u08,Ethernet322,100000,,Access,off
str43-7060x6-512-c17-u10,Ethernet323,str43-7060x6-512-c17-u08,Ethernet323,100000,,Access,off
str43-7060x6-512-c17-u10,Ethernet324,str43-7060x6-512-c17-u08,Ethernet324,100000,,Access,off
str43-7060x6-512-c17-u10,Ethernet325,str43-7060x6-512-c17-u08,Ethernet325,100000,,Access,off
str43-7060x6-512-c17-u10,Ethernet326,str43-7060x6-512-c17-u08,Ethernet326,100000,,Access,off
str43-7060x6-512-c17-u10,Ethernet327,str43-7060x6-512-c17-u08,Ethernet327,100000,,Access,off
str43-7060x6-512-c17-u10,Ethernet328,str43-7060x6-512-c17-u08,Ethernet328,100000,,Access,off
str43-7060x6-512-c17-u10,Ethernet329,str43-7060x6-512-c17-u08,Ethernet329,100000,,Access,off
str43-7060x6-512-c17-u10,Ethernet330,str43-7060x6-512-c17-u08,Ethernet330,100000,,Access,off
str43-7060x6-512-c17-u10,Ethernet331,str43-7060x6-512-c17-u08,Ethernet331,100000,,Access,off
str43-7060x6-512-c17-u10,Ethernet332,str43-7060x6-512-c17-u08,Ethernet332,100000,,Access,off
str43-7060x6-512-c17-u10,Ethernet333,str43-7060x6-512-c17-u08,Ethernet333,100000,,Access,off
str43-7060x6-512-c17-u10,Ethernet334,str43-7060x6-512-c17-u08,Ethernet334,100000,,Access,off
str43-7060x6-512-c17-u10,Ethernet335,str43-7060x6-512-c17-u08,Ethernet335,100000,,Access,off
str43-7060x6-512-c17-u10,Ethernet336,str43-7060x6-512-c17-u08,Ethernet336,100000,,Access,off
str43-7060x6-512-c17-u10,Ethernet337,str43-7060x6-512-c17-u08,Ethernet337,100000,,Access,off
str43-7060x6-512-c17-u10,Ethernet338,str43-7060x6-512-c17-u08,Ethernet338,100000,,Access,off
str43-7060x6-512-c17-u10,Ethernet339,str43-7060x6-512-c17-u08,Ethernet339,100000,,Access,off
str43-7060x6-512-c17-u10,Ethernet340,str43-7060x6-512-c17-u08,Ethernet340,100000,,Access,off
str43-7060x6-512-c17-u10,Ethernet341,str43-7060x6-512-c17-u08,Ethernet341,100000,,Access,off
str43-7060x6-512-c17-u10,Ethernet342,str43-7060x6-512-c17-u08,Ethernet342,100000,,Access,off
str43-7060x6-512-c17-u10,Ethernet343,str43-7060x6-512-c17-u08,Ethernet343,100000,,Access,off
str43-7060x6-512-c17-u10,Ethernet344,str43-7060x6-512-c17-u08,Ethernet344,100000,,Access,off
str43-7060x6-512-c17-u10,Ethernet345,str43-7060x6-512-c17-u08,Ethernet345,100000,,Access,off
str43-7060x6-512-c17-u10,Ethernet346,str43-7060x6-512-c17-u08,Ethernet346,100000,,Access,off
str43-7060x6-512-c17-u10,Ethernet347,str43-7060x6-512-c17-u08,Ethernet347,100000,,Access,off
str43-7060x6-512-c17-u10,Ethernet348,str43-7060x6-512-c17-u08,Ethernet348,100000,,Access,off
str43-7060x6-512-c17-u10,Ethernet349,str43-7060x6-512-c17-u08,Ethernet349,100000,,Access,off
str43-7060x6-512-c17-u10,Ethernet350,str43-7060x6-512-c17-u08,Ethernet350,100000,,Access,off
str43-7060x6-512-c17-u10,Ethernet351,str43-7060x6-512-c17-u08,Ethernet351,100000,,Access,off
str43-7060x6-512-c17-u10,Ethernet352,str43-7060x6-512-c17-u08,Ethernet352,100000,,Access,off
str43-7060x6-512-c17-u10,Ethernet353,str43-7060x6-512-c17-u08,Ethernet353,100000,,Access,off
str43-7060x6-512-c17-u10,Ethernet354,str43-7060x6-512-c17-u08,Ethernet354,100000,,Access,off
str43-7060x6-512-c17-u10,Ethernet355,str43-7060x6-512-c17-u08,Ethernet355,100000,,Access,off
str43-7060x6-512-c17-u10,Ethernet356,str43-7060x6-512-c17-u08,Ethernet356,100000,,Access,off
str43-7060x6-512-c17-u10,Ethernet357,str43-7060x6-512-c17-u08,Ethernet357,100000,,Access,off
str43-7060x6-512-c17-u10,Ethernet358,str43-7060x6-512-c17-u08,Ethernet358,100000,,Access,off
str43-7060x6-512-c17-u10,Ethernet359,str43-7060x6-512-c17-u08,Ethernet359,100000,,Access,off
str43-7060x6-512-c17-u10,Ethernet360,str43-7060x6-512-c17-u08,Ethernet360,100000,,Access,off
str43-7060x6-512-c17-u10,Ethernet361,str43-7060x6-512-c17-u08,Ethernet361,100000,,Access,off
str43-7060x6-512-c17-u10,Ethernet362,str43-7060x6-512-c17-u08,Ethernet362,100000,,Access,off
str43-7060x6-512-c17-u10,Ethernet363,str43-7060x6-512-c17-u08,Ethernet363,100000,,Access,off
str43-7060x6-512-c17-u10,Ethernet364,str43-7060x6-512-c17-u08,Ethernet364,100000,,Access,off
str43-7060x6-512-c17-u10,Ethernet365,str43-7060x6-512-c17-u08,Ethernet365,100000,,Access,off
str43-7060x6-512-c17-u10,Ethernet366,str43-7060x6-512-c17-u08,Ethernet366,100000,,Access,off
str43-7060x6-512-c17-u10,Ethernet367,str43-7060x6-512-c17-u08,Ethernet367,100000,,Access,off
str43-7060x6-512-c17-u10,Ethernet368,str43-7060x6-512-c17-u08,Ethernet368,100000,,Access,off
str43-7060x6-512-c17-u10,Ethernet369,str43-7060x6-512-c17-u08,Ethernet369,100000,,Access,off
str43-7060x6-512-c17-u10,Ethernet370,str43-7060x6-512-c17-u08,Ethernet370,100000,,Access,off
str43-7060x6-512-c17-u10,Ethernet371,str43-7060x6-512-c17-u08,Ethernet371,100000,,Access,off
str43-7060x6-512-c17-u10,Ethernet372,str43-7060x6-512-c17-u08,Ethernet372,100000,,Access,off
str43-7060x6-512-c17-u10,Ethernet373,str43-7060x6-512-c17-u08,Ethernet373,100000,,Access,off
str43-7060x6-512-c17-u10,Ethernet374,str43-7060x6-512-c17-u08,Ethernet374,100000,,Access,off
str43-7060x6-512-c17-u10,Ethernet375,str43-7060x6-512-c17-u08,Ethernet375,100000,,Access,off
str43-7060x6-512-c17-u10,Ethernet376,str43-7060x6-512-c17-u08,Ethernet376,100000,,Access,off
str43-7060x6-512-c17-u10,Ethernet377,str43-7060x6-512-c17-u08,Ethernet377,100000,,Access,off
str43-7060x6-512-c17-u10,Ethernet378,str43-7060x6-512-c17-u08,Ethernet378,100000,,Access,off
str43-7060x6-512-c17-u10,Ethernet379,str43-7060x6-512-c17-u08,Ethernet379,100000,,Access,off
str43-7060x6-512-c17-u10,Ethernet380,str43-7060x6-512-c17-u08,Ethernet380,100000,,Access,off
str43-7060x6-512-c17-u10,Ethernet381,str43-7060x6-512-c17-u08,Ethernet381,100000,,Access,off
str43-7060x6-512-c17-u10,Ethernet382,str43-7060x6-512-c17-u08,Ethernet382,100000,,Access,off
str43-7060x6-512-c17-u10,Ethernet383,str43-7060x6-512-c17-u08,Ethernet383,100000,,Access,off
str43-7060x6-512-c17-u10,Ethernet384,str43-7060x6-512-c17-u08,Ethernet384,100000,,Access,off
str43-7060x6-512-c17-u10,Ethernet385,str43-7060x6-512-c17-u08,Ethernet385,100000,,Access,off
str43-7060x6-512-c17-u10,Ethernet386,str43-7060x6-512-c17-u08,Ethernet386,100000,,Access,off
str43-7060x6-512-c17-u10,Ethernet387,str43-7060x6-512-c17-u08,Ethernet387,100000,,Access,off
str43-7060x6-512-c17-u10,Ethernet388,str43-7060x6-512-c17-u08,Ethernet388,100000,,Access,off
str43-7060x6-512-c17-u10,Ethernet389,str43-7060x6-512-c17-u08,Ethernet389,100000,,Access,off
str43-7060x6-512-c17-u10,Ethernet390,str43-7060x6-512-c17-u08,Ethernet390,100000,,Access,off
str43-7060x6-512-c17-u10,Ethernet391,str43-7060x6-512-c17-u08,Ethernet391,100000,,Access,off
str43-7060x6-512-c17-u10,Ethernet392,str43-7060x6-512-c17-u08,Ethernet392,100000,,Access,off
str43-7060x6-512-c17-u10,Ethernet393,str43-7060x6-512-c17-u08,Ethernet393,100000,,Access,off
str43-7060x6-512-c17-u10,Ethernet394,str43-7060x6-512-c17-u08,Ethernet394,100000,,Access,off
str43-7060x6-512-c17-u10,Ethernet395,str43-7060x6-512-c17-u08,Ethernet395,100000,,Access,off
str43-7060x6-512-c17-u10,Ethernet396,str43-7060x6-512-c17-u08,Ethernet396,100000,,Access,off
str43-7060x6-512-c17-u10,Ethernet397,str43-7060x6-512-c17-u08,Ethernet397,100000,,Access,off
str43-7060x6-512-c17-u10,Ethernet398,str43-7060x6-512-c17-u08,Ethernet398,100000,,Access,off
str43-7060x6-512-c17-u10,Ethernet399,str43-7060x6-512-c17-u08,Ethernet399,100000,,Access,off
str43-7060x6-512-c17-u10,Ethernet400,str43-7060x6-512-c17-u08,Ethernet400,100000,,Access,off
str43-7060x6-512-c17-u10,Ethernet401,str43-7060x6-512-c17-u08,Ethernet401,100000,,Access,off
str43-7060x6-512-c17-u10,Ethernet402,str43-7060x6-512-c17-u08,Ethernet402,100000,,Access,off
str43-7060x6-512-c17-u10,Ethernet403,str43-7060x6-512-c17-u08,Ethernet403,100000,,Access,off
str43-7060x6-512-c17-u10,Ethernet404,str43-7060x6-512-c17-u08,Ethernet404,100000,,Access,off
str43-7060x6-512-c17-u10,Ethernet405,str43-7060x6-512-c17-u08,Ethernet405,100000,,Access,off
str43-7060x6-512-c17-u10,Ethernet406,str43-7060x6-512-c17-u08,Ethernet406,100000,,Access,off
str43-7060x6-512-c17-u10,Ethernet407,str43-7060x6-512-c17-u08,Ethernet407,100000,,Access,off
str43-7060x6-512-c17-u10,Ethernet408,str43-7060x6-512-c17-u08,Ethernet408,100000,,Access,off
str43-7060x6-512-c17-u10,Ethernet409,str43-7060x6-512-c17-u08,Ethernet409,100000,,Access,off
str43-7060x6-512-c17-u10,Ethernet410,str43-7060x6-512-c17-u08,Ethernet410,100000,,Access,off
str43-7060x6-512-c17-u10,Ethernet411,str43-7060x6-512-c17-u08,Ethernet411,100000,,Access,off
str43-7060x6-512-c17-u10,Ethernet412,str43-7060x6-512-c17-u08,Ethernet412,100000,,Access,off
str43-7060x6-512-c17-u10,Ethernet413,str43-7060x6-512-c17-u08,Ethernet413,100000,,Access,off
str43-7060x6-512-c17-u10,Ethernet414,str43-7060x6-512-c17-u08,Ethernet414,100000,,Access,off
str43-7060x6-512-c17-u10,Ethernet415,str43-7060x6-512-c17-u08,Ethernet415,100000,,Access,off
str43-7060x6-512-c17-u10,Ethernet416,str43-7060x6-512-c17-u08,Ethernet416,100000,,Access,off
str43-7060x6-512-c17-u10,Ethernet417,str43-7060x6-512-c17-u08,Ethernet417,100000,,Access,off
str43-7060x6-512-c17-u10,Ethernet418,str43-7060x6-512-c17-u08,Ethernet418,100000,,Access,off
str43-7060x6-512-c17-u10,Ethernet419,str43-7060x6-512-c17-u08,Ethernet419,100000,,Access,off
str43-7060x6-512-c17-u10,Ethernet420,str43-7060x6-512-c17-u08,Ethernet420,100000,,Access,off
str43-7060x6-512-c17-u10,Ethernet421,str43-7060x6-512-c17-u08,Ethernet421,100000,,Access,off
str43-7060x6-512-c17-u10,Ethernet422,str43-7060x6-512-c17-u08,Ethernet422,100000,,Access,off
str43-7060x6-512-c17-u10,Ethernet423,str43-7060x6-512-c17-u08,Ethernet423,100000,,Access,off
str43-7060x6-512-c17-u10,Ethernet424,str43-7060x6-512-c17-u08,Ethernet424,100000,,Access,off
str43-7060x6-512-c17-u10,Ethernet425,str43-7060x6-512-c17-u08,Ethernet425,100000,,Access,off
str43-7060x6-512-c17-u10,Ethernet426,str43-7060x6-512-c17-u08,Ethernet426,100000,,Access,off
str43-7060x6-512-c17-u10,Ethernet427,str43-7060x6-512-c17-u08,Ethernet427,100000,,Access,off
str43-7060x6-512-c17-u10,Ethernet428,str43-7060x6-512-c17-u08,Ethernet428,100000,,Access,off
str43-7060x6-512-c17-u10,Ethernet429,str43-7060x6-512-c17-u08,Ethernet429,100000,,Access,off
str43-7060x6-512-c17-u10,Ethernet430,str43-7060x6-512-c17-u08,Ethernet430,100000,,Access,off
str43-7060x6-512-c17-u10,Ethernet431,str43-7060x6-512-c17-u08,Ethernet431,100000,,Access,off
str43-7060x6-512-c17-u10,Ethernet432,str43-7060x6-512-c17-u08,Ethernet432,100000,,Access,off
str43-7060x6-512-c17-u10,Ethernet433,str43-7060x6-512-c17-u08,Ethernet433,100000,,Access,off
str43-7060x6-512-c17-u10,Ethernet434,str43-7060x6-512-c17-u08,Ethernet434,100000,,Access,off
str43-7060x6-512-c17-u10,Ethernet435,str43-7060x6-512-c17-u08,Ethernet435,100000,,Access,off
str43-7060x6-512-c17-u10,Ethernet436,str43-7060x6-512-c17-u08,Ethernet436,100000,,Access,off
str43-7060x6-512-c17-u10,Ethernet437,str43-7060x6-512-c17-u08,Ethernet437,100000,,Access,off
str43-7060x6-512-c17-u10,Ethernet438,str43-7060x6-512-c17-u08,Ethernet438,100000,,Access,off
str43-7060x6-512-c17-u10,Ethernet439,str43-7060x6-512-c17-u08,Ethernet439,100000,,Access,off
str43-7060x6-512-c17-u10,Ethernet440,str43-7060x6-512-c17-u08,Ethernet440,100000,,Access,off
str43-7060x6-512-c17-u10,Ethernet441,str43-7060x6-512-c17-u08,Ethernet441,100000,,Access,off
str43-7060x6-512-c17-u10,Ethernet442,str43-7060x6-512-c17-u08,Ethernet442,100000,,Access,off
str43-7060x6-512-c17-u10,Ethernet443,str43-7060x6-512-c17-u08,Ethernet443,100000,,Access,off
str43-7060x6-512-c17-u10,Ethernet444,str43-7060x6-512-c17-u08,Ethernet444,100000,,Access,off
str43-7060x6-512-c17-u10,Ethernet445,str43-7060x6-512-c17-u08,Ethernet445,100000,,Access,off
str43-7060x6-512-c17-u10,Ethernet446,str43-7060x6-512-c17-u08,Ethernet446,100000,,Access,off
str43-7060x6-512-c17-u10,Ethernet447,str43-7060x6-512-c17-u08,Ethernet447,100000,,Access,off
str43-7060x6-512-c17-u10,Ethernet448,str43-7060x6-512-c17-u08,Ethernet448,100000,,Access,off
str43-7060x6-512-c17-u10,Ethernet449,str43-7060x6-512-c17-u08,Ethernet449,100000,,Access,off
str43-7060x6-512-c17-u10,Ethernet450,str43-7060x6-512-c17-u08,Ethernet450,100000,,Access,off
str43-7060x6-512-c17-u10,Ethernet451,str43-7060x6-512-c17-u08,Ethernet451,100000,,Access,off
str43-7060x6-512-c17-u10,Ethernet452,str43-7060x6-512-c17-u08,Ethernet452,100000,,Access,off
str43-7060x6-512-c17-u10,Ethernet453,str43-7060x6-512-c17-u08,Ethernet453,100000,,Access,off
str43-7060x6-512-c17-u10,Ethernet454,str43-7060x6-512-c17-u08,Ethernet454,100000,,Access,off
str43-7060x6-512-c17-u10,Ethernet455,str43-7060x6-512-c17-u08,Ethernet455,100000,,Access,off
str43-7060x6-512-c17-u10,Ethernet456,str43-7060x6-512-c17-u08,Ethernet456,100000,,Access,off
str43-7060x6-512-c17-u10,Ethernet457,str43-7060x6-512-c17-u08,Ethernet457,100000,,Access,off
str43-7060x6-512-c17-u10,Ethernet458,str43-7060x6-512-c17-u08,Ethernet458,100000,,Access,off
str43-7060x6-512-c17-u10,Ethernet459,str43-7060x6-512-c17-u08,Ethernet459,100000,,Access,off
str43-7060x6-512-c17-u10,Ethernet460,str43-7060x6-512-c17-u08,Ethernet460,100000,,Access,off
str43-7060x6-512-c17-u10,Ethernet461,str43-7060x6-512-c17-u08,Ethernet461,100000,,Access,off
str43-7060x6-512-c17-u10,Ethernet462,str43-7060x6-512-c17-u08,Ethernet462,100000,,Access,off
str43-7060x6-512-c17-u10,Ethernet463,str43-7060x6-512-c17-u08,Ethernet463,100000,,Access,off
str43-7060x6-512-c17-u10,Ethernet464,str43-7060x6-512-c17-u08,Ethernet464,100000,,Access,off
str43-7060x6-512-c17-u10,Ethernet465,str43-7060x6-512-c17-u08,Ethernet465,100000,,Access,off
str43-7060x6-512-c17-u10,Ethernet466,str43-7060x6-512-c17-u08,Ethernet466,100000,,Access,off
str43-7060x6-512-c17-u10,Ethernet467,str43-7060x6-512-c17-u08,Ethernet467,100000,,Access,off
str43-7060x6-512-c17-u10,Ethernet468,str43-7060x6-512-c17-u08,Ethernet468,100000,,Access,off
str43-7060x6-512-c17-u10,Ethernet469,str43-7060x6-512-c17-u08,Ethernet469,100000,,Access,off
str43-7060x6-512-c17-u10,Ethernet470,str43-7060x6-512-c17-u08,Ethernet470,100000,,Access,off
str43-7060x6-512-c17-u10,Ethernet471,str43-7060x6-512-c17-u08,Ethernet471,100000,,Access,off
str43-7060x6-512-c17-u10,Ethernet472,str43-7060x6-512-c17-u08,Ethernet472,100000,,Access,off
str43-7060x6-512-c17-u10,Ethernet473,str43-7060x6-512-c17-u08,Ethernet473,100000,,Access,off
str43-7060x6-512-c17-u10,Ethernet474,str43-7060x6-512-c17-u08,Ethernet474,100000,,Access,off
str43-7060x6-512-c17-u10,Ethernet475,str43-7060x6-512-c17-u08,Ethernet475,100000,,Access,off
str43-7060x6-512-c17-u10,Ethernet476,str43-7060x6-512-c17-u08,Ethernet476,100000,,Access,off
str43-7060x6-512-c17-u10,Ethernet477,str43-7060x6-512-c17-u08,Ethernet477,100000,,Access,off
str43-7060x6-512-c17-u10,Ethernet478,str43-7060x6-512-c17-u08,Ethernet478,100000,,Access,off
str43-7060x6-512-c17-u10,Ethernet479,str43-7060x6-512-c17-u08,Ethernet479,100000,,Access,off
str43-7060x6-512-c17-u10,Ethernet480,str43-7060x6-512-c17-u08,Ethernet480,100000,,Access,off
str43-7060x6-512-c17-u10,Ethernet481,str43-7060x6-512-c17-u08,Ethernet481,100000,,Access,off
str43-7060x6-512-c17-u10,Ethernet482,str43-7060x6-512-c17-u08,Ethernet482,100000,,Access,off
str43-7060x6-512-c17-u10,Ethernet483,str43-7060x6-512-c17-u08,Ethernet483,100000,,Access,off
str43-7060x6-512-c17-u10,Ethernet484,str43-7060x6-512-c17-u08,Ethernet484,100000,,Access,off
str43-7060x6-512-c17-u10,Ethernet485,str43-7060x6-512-c17-u08,Ethernet485,100000,,Access,off
str43-7060x6-512-c17-u10,Ethernet486,str43-7060x6-512-c17-u08,Ethernet486,100000,,Access,off
str43-7060x6-512-c17-u10,Ethernet487,str43-7060x6-512-c17-u08,Ethernet487,100000,,Access,off
str43-7060x6-512-c17-u10,Ethernet488,str43-7060x6-512-c17-u08,Ethernet488,100000,,Access,off
str43-7060x6-512-c17-u10,Ethernet489,str43-7060x6-512-c17-u08,Ethernet489,100000,,Access,off
str43-7060x6-512-c17-u10,Ethernet490,str43-7060x6-512-c17-u08,Ethernet490,100000,,Access,off
str43-7060x6-512-c17-u10,Ethernet491,str43-7060x6-512-c17-u08,Ethernet491,100000,,Access,off
str43-7060x6-512-c17-u10,Ethernet492,str43-7060x6-512-c17-u08,Ethernet492,100000,,Access,off
str43-7060x6-512-c17-u10,Ethernet493,str43-7060x6-512-c17-u08,Ethernet493,100000,,Access,off
str43-7060x6-512-c17-u10,Ethernet494,str43-7060x6-512-c17-u08,Ethernet494,100000,,Access,off
str43-7060x6-512-c17-u10,Ethernet495,str43-7060x6-512-c17-u08,Ethernet495,100000,,Access,off
str43-7060x6-512-c17-u10,Ethernet496,str43-7060x6-512-c17-u08,Ethernet496,100000,,Access,off
str43-7060x6-512-c17-u10,Ethernet497,str43-7060x6-512-c17-u08,Ethernet497,100000,,Access,off
str43-7060x6-512-c17-u10,Ethernet498,str43-7060x6-512-c17-u08,Ethernet498,100000,,Access,off
str43-7060x6-512-c17-u10,Ethernet499,str43-7060x6-512-c17-u08,Ethernet499,100000,,Access,off
str43-7060x6-512-c17-u10,Ethernet500,str43-7060x6-512-c17-u08,Ethernet500,100000,,Access,off
str43-7060x6-512-c17-u10,Ethernet501,str43-7060x6-512-c17-u08,Ethernet501,100000,,Access,off
str43-7060x6-512-c17-u10,Ethernet502,str43-7060x6-512-c17-u08,Ethernet502,100000,,Access,off
str43-7060x6-512-c17-u10,Ethernet503,str43-7060x6-512-c17-u08,Ethernet503,100000,,Access,off
str43-7060x6-512-c17-u10,Ethernet504,str43-7060x6-512-c17-u08,Ethernet504,100000,,Access,off
str43-7060x6-512-c17-u10,Ethernet505,str43-7060x6-512-c17-u08,Ethernet505,100000,,Access,off
str43-7060x6-512-c17-u10,Ethernet506,str43-7060x6-512-c17-u08,Ethernet506,100000,,Access,off
str43-7060x6-512-c17-u10,Ethernet507,str43-7060x6-512-c17-u08,Ethernet507,100000,,Access,off
str43-7060x6-512-c17-u10,Ethernet508,str43-7060x6-512-c17-u08,Ethernet508,100000,,Access,off
str43-7060x6-512-c17-u10,Ethernet509,str43-7060x6-512-c17-u08,Ethernet509,100000,,Access,off
str43-7060x6-512-c17-u10,Ethernet510,str43-7060x6-512-c17-u08,Ethernet510,100000,,Access,off
str43-7060x6-512-c17-u10,Ethernet511,str43-7060x6-512-c17-u08,Ethernet511,100000,,Access,off
str4-Nokia-7220-Th6p-1,Ethernet0,str4-Nokia-7220-Th6p-leaf-1,Ethernet0,400000,1296,Access,off
str4-Nokia-7220-Th6p-1,Ethernet4,str4-Nokia-7220-Th6p-leaf-1,Ethernet4,400000,1297,Access,off
str4-Nokia-7220-Th6p-1,Ethernet8,str4-Nokia-7220-Th6p-leaf-1,Ethernet8,400000,1298,Access,off
str4-Nokia-7220-Th6p-1,Ethernet12,str4-Nokia-7220-Th6p-leaf-1,Ethernet12,400000,1299,Access,off
str4-Nokia-7220-Th6p-1,Ethernet16,str4-Nokia-7220-Th6p-leaf-1,Ethernet16,400000,1300,Access,off
str4-Nokia-7220-Th6p-1,Ethernet20,str4-Nokia-7220-Th6p-leaf-1,Ethernet20,400000,1301,Access,off
str4-Nokia-7220-Th6p-1,Ethernet24,str4-Nokia-7220-Th6p-leaf-1,Ethernet24,400000,1302,Access,off
str4-Nokia-7220-Th6p-1,Ethernet28,str4-Nokia-7220-Th6p-leaf-1,Ethernet28,400000,1303,Access,off
str4-Nokia-7220-Th6p-1,Ethernet32,str4-Nokia-7220-Th6p-leaf-1,Ethernet32,400000,1304,Access,off
str4-Nokia-7220-Th6p-1,Ethernet36,str4-Nokia-7220-Th6p-leaf-1,Ethernet36,400000,1305,Access,off
str4-Nokia-7220-Th6p-1,Ethernet40,str4-Nokia-7220-Th6p-leaf-1,Ethernet40,400000,1306,Access,off
str4-Nokia-7220-Th6p-1,Ethernet44,str4-Nokia-7220-Th6p-leaf-1,Ethernet44,400000,1307,Access,off
str4-Nokia-7220-Th6p-1,Ethernet48,str4-Nokia-7220-Th6p-leaf-1,Ethernet48,400000,1308,Access,off
str4-Nokia-7220-Th6p-1,Ethernet52,str4-Nokia-7220-Th6p-leaf-1,Ethernet52,400000,1309,Access,off
str4-Nokia-7220-Th6p-1,Ethernet56,str4-Nokia-7220-Th6p-leaf-1,Ethernet56,400000,1310,Access,off
str4-Nokia-7220-Th6p-1,Ethernet60,str4-Nokia-7220-Th6p-leaf-1,Ethernet60,400000,1311,Access,off
str4-Nokia-7220-Th6p-1,Ethernet64,str4-Nokia-7220-Th6p-leaf-1,Ethernet64,400000,1312,Access,off
str4-Nokia-7220-Th6p-1,Ethernet68,str4-Nokia-7220-Th6p-leaf-1,Ethernet68,400000,1313,Access,off
str4-Nokia-7220-Th6p-1,Ethernet72,str4-Nokia-7220-Th6p-leaf-1,Ethernet72,400000,1314,Access,off
str4-Nokia-7220-Th6p-1,Ethernet76,str4-Nokia-7220-Th6p-leaf-1,Ethernet76,400000,1315,Access,off
str4-Nokia-7220-Th6p-1,Ethernet80,str4-Nokia-7220-Th6p-leaf-1,Ethernet80,400000,1316,Access,off
str4-Nokia-7220-Th6p-1,Ethernet84,str4-Nokia-7220-Th6p-leaf-1,Ethernet84,400000,1317,Access,off
str4-Nokia-7220-Th6p-1,Ethernet88,str4-Nokia-7220-Th6p-leaf-1,Ethernet88,400000,1318,Access,off
str4-Nokia-7220-Th6p-1,Ethernet92,str4-Nokia-7220-Th6p-leaf-1,Ethernet92,400000,1319,Access,off
str4-Nokia-7220-Th6p-1,Ethernet96,str4-Nokia-7220-Th6p-leaf-1,Ethernet96,400000,1320,Access,off
str4-Nokia-7220-Th6p-1,Ethernet100,str4-Nokia-7220-Th6p-leaf-1,Ethernet100,400000,1321,Access,off
str4-Nokia-7220-Th6p-1,Ethernet104,str4-Nokia-7220-Th6p-leaf-1,Ethernet104,400000,1322,Access,off
str4-Nokia-7220-Th6p-1,Ethernet108,str4-Nokia-7220-Th6p-leaf-1,Ethernet108,400000,1323,Access,off
str4-Nokia-7220-Th6p-1,Ethernet112,str4-Nokia-7220-Th6p-leaf-1,Ethernet112,400000,1324,Access,off
str4-Nokia-7220-Th6p-1,Ethernet116,str4-Nokia-7220-Th6p-leaf-1,Ethernet116,400000,1325,Access,off
str4-Nokia-7220-Th6p-1,Ethernet120,str4-Nokia-7220-Th6p-leaf-1,Ethernet120,400000,1326,Access,off
str4-Nokia-7220-Th6p-1,Ethernet124,str4-Nokia-7220-Th6p-leaf-1,Ethernet124,400000,1327,Access,off
str4-Nokia-7220-Th6p-1,Ethernet128,str4-Nokia-7220-Th6p-leaf-1,Ethernet128,400000,1328,Access,off
str4-Nokia-7220-Th6p-1,Ethernet132,str4-Nokia-7220-Th6p-leaf-1,Ethernet132,400000,1329,Access,off
str4-Nokia-7220-Th6p-1,Ethernet136,str4-Nokia-7220-Th6p-leaf-1,Ethernet136,400000,1330,Access,off
str4-Nokia-7220-Th6p-1,Ethernet140,str4-Nokia-7220-Th6p-leaf-1,Ethernet140,400000,1331,Access,off
str4-Nokia-7220-Th6p-1,Ethernet144,str4-Nokia-7220-Th6p-leaf-1,Ethernet144,400000,1332,Access,off
str4-Nokia-7220-Th6p-1,Ethernet148,str4-Nokia-7220-Th6p-leaf-1,Ethernet148,400000,1333,Access,off
str4-Nokia-7220-Th6p-1,Ethernet152,str4-Nokia-7220-Th6p-leaf-1,Ethernet152,400000,1334,Access,off
str4-Nokia-7220-Th6p-1,Ethernet156,str4-Nokia-7220-Th6p-leaf-1,Ethernet156,400000,1335,Access,off
str4-Nokia-7220-Th6p-1,Ethernet160,str4-Nokia-7220-Th6p-leaf-1,Ethernet160,400000,1336,Access,off
str4-Nokia-7220-Th6p-1,Ethernet164,str4-Nokia-7220-Th6p-leaf-1,Ethernet164,400000,1337,Access,off
str4-Nokia-7220-Th6p-1,Ethernet168,str4-Nokia-7220-Th6p-leaf-1,Ethernet168,400000,1338,Access,off
str4-Nokia-7220-Th6p-1,Ethernet172,str4-Nokia-7220-Th6p-leaf-1,Ethernet172,400000,1339,Access,off
str4-Nokia-7220-Th6p-1,Ethernet176,str4-Nokia-7220-Th6p-leaf-1,Ethernet176,400000,1340,Access,off
str4-Nokia-7220-Th6p-1,Ethernet180,str4-Nokia-7220-Th6p-leaf-1,Ethernet180,400000,1341,Access,off
str4-Nokia-7220-Th6p-1,Ethernet184,str4-Nokia-7220-Th6p-leaf-1,Ethernet184,400000,1342,Access,off
str4-Nokia-7220-Th6p-1,Ethernet188,str4-Nokia-7220-Th6p-leaf-1,Ethernet188,400000,1343,Access,off
str4-Nokia-7220-Th6p-1,Ethernet192,str4-Nokia-7220-Th6p-leaf-1,Ethernet192,400000,1344,Access,off
str4-Nokia-7220-Th6p-1,Ethernet196,str4-Nokia-7220-Th6p-leaf-1,Ethernet196,400000,1345,Access,off
str4-Nokia-7220-Th6p-1,Ethernet200,str4-Nokia-7220-Th6p-leaf-1,Ethernet200,400000,1346,Access,off
str4-Nokia-7220-Th6p-1,Ethernet204,str4-Nokia-7220-Th6p-leaf-1,Ethernet204,400000,1347,Access,off
str4-Nokia-7220-Th6p-1,Ethernet208,str4-Nokia-7220-Th6p-leaf-1,Ethernet208,400000,1348,Access,off
str4-Nokia-7220-Th6p-1,Ethernet212,str4-Nokia-7220-Th6p-leaf-1,Ethernet212,400000,1349,Access,off
str4-Nokia-7220-Th6p-1,Ethernet216,str4-Nokia-7220-Th6p-leaf-1,Ethernet216,400000,1350,Access,off
str4-Nokia-7220-Th6p-1,Ethernet220,str4-Nokia-7220-Th6p-leaf-1,Ethernet220,400000,1351,Access,off
str4-Nokia-7220-Th6p-1,Ethernet224,str4-Nokia-7220-Th6p-leaf-1,Ethernet224,400000,1352,Access,off
str4-Nokia-7220-Th6p-1,Ethernet228,str4-Nokia-7220-Th6p-leaf-1,Ethernet228,400000,1353,Access,off
str4-Nokia-7220-Th6p-1,Ethernet232,str4-Nokia-7220-Th6p-leaf-1,Ethernet232,400000,1354,Access,off
str4-Nokia-7220-Th6p-1,Ethernet236,str4-Nokia-7220-Th6p-leaf-1,Ethernet236,400000,1355,Access,off
str4-Nokia-7220-Th6p-1,Ethernet240,str4-Nokia-7220-Th6p-leaf-1,Ethernet240,400000,1356,Access,off
str4-Nokia-7220-Th6p-1,Ethernet244,str4-Nokia-7220-Th6p-leaf-1,Ethernet244,400000,1357,Access,off
str4-Nokia-7220-Th6p-1,Ethernet248,str4-Nokia-7220-Th6p-leaf-1,Ethernet248,400000,1358,Access,off
str4-Nokia-7220-Th6p-1,Ethernet252,str4-Nokia-7220-Th6p-leaf-1,Ethernet252,400000,1359,Access,off
str4-Nokia-7220-Th6p-1,Ethernet256,str4-Nokia-7220-Th6p-leaf-1,Ethernet256,400000,1360,Access,off
str4-Nokia-7220-Th6p-1,Ethernet260,str4-Nokia-7220-Th6p-leaf-1,Ethernet260,400000,1361,Access,off
str4-Nokia-7220-Th6p-1,Ethernet264,str4-Nokia-7220-Th6p-leaf-1,Ethernet264,400000,1362,Access,off
str4-Nokia-7220-Th6p-1,Ethernet268,str4-Nokia-7220-Th6p-leaf-1,Ethernet268,400000,1363,Access,off
str4-Nokia-7220-Th6p-1,Ethernet272,str4-Nokia-7220-Th6p-leaf-1,Ethernet272,400000,1364,Access,off
str4-Nokia-7220-Th6p-1,Ethernet276,str4-Nokia-7220-Th6p-leaf-1,Ethernet276,400000,1365,Access,off
str4-Nokia-7220-Th6p-1,Ethernet280,str4-Nokia-7220-Th6p-leaf-1,Ethernet280,400000,1366,Access,off
str4-Nokia-7220-Th6p-1,Ethernet284,str4-Nokia-7220-Th6p-leaf-1,Ethernet284,400000,1367,Access,off
str4-Nokia-7220-Th6p-1,Ethernet288,str4-Nokia-7220-Th6p-leaf-1,Ethernet288,400000,1368,Access,off
str4-Nokia-7220-Th6p-1,Ethernet292,str4-Nokia-7220-Th6p-leaf-1,Ethernet292,400000,1369,Access,off
str4-Nokia-7220-Th6p-1,Ethernet296,str4-Nokia-7220-Th6p-leaf-1,Ethernet296,400000,1370,Access,off
str4-Nokia-7220-Th6p-1,Ethernet300,str4-Nokia-7220-Th6p-leaf-1,Ethernet300,400000,1371,Access,off
str4-Nokia-7220-Th6p-1,Ethernet304,str4-Nokia-7220-Th6p-leaf-1,Ethernet304,400000,1372,Access,off
str4-Nokia-7220-Th6p-1,Ethernet308,str4-Nokia-7220-Th6p-leaf-1,Ethernet308,400000,1373,Access,off
str4-Nokia-7220-Th6p-1,Ethernet312,str4-Nokia-7220-Th6p-leaf-1,Ethernet312,400000,1374,Access,off
str4-Nokia-7220-Th6p-1,Ethernet316,str4-Nokia-7220-Th6p-leaf-1,Ethernet316,400000,1375,Access,off
str4-Nokia-7220-Th6p-1,Ethernet320,str4-Nokia-7220-Th6p-leaf-1,Ethernet320,400000,1376,Access,off
str4-Nokia-7220-Th6p-1,Ethernet324,str4-Nokia-7220-Th6p-leaf-1,Ethernet324,400000,1377,Access,off
str4-Nokia-7220-Th6p-1,Ethernet328,str4-Nokia-7220-Th6p-leaf-1,Ethernet328,400000,1378,Access,off
str4-Nokia-7220-Th6p-1,Ethernet332,str4-Nokia-7220-Th6p-leaf-1,Ethernet332,400000,1379,Access,off
str4-Nokia-7220-Th6p-1,Ethernet336,str4-Nokia-7220-Th6p-leaf-1,Ethernet336,400000,1380,Access,off
str4-Nokia-7220-Th6p-1,Ethernet340,str4-Nokia-7220-Th6p-leaf-1,Ethernet340,400000,1381,Access,off
str4-Nokia-7220-Th6p-1,Ethernet344,str4-Nokia-7220-Th6p-leaf-1,Ethernet344,400000,1382,Access,off
str4-Nokia-7220-Th6p-1,Ethernet348,str4-Nokia-7220-Th6p-leaf-1,Ethernet348,400000,1383,Access,off
str4-Nokia-7220-Th6p-1,Ethernet352,str4-Nokia-7220-Th6p-leaf-1,Ethernet352,400000,1384,Access,off
str4-Nokia-7220-Th6p-1,Ethernet356,str4-Nokia-7220-Th6p-leaf-1,Ethernet356,400000,1385,Access,off
str4-Nokia-7220-Th6p-1,Ethernet360,str4-Nokia-7220-Th6p-leaf-1,Ethernet360,400000,1386,Access,off
str4-Nokia-7220-Th6p-1,Ethernet364,str4-Nokia-7220-Th6p-leaf-1,Ethernet364,400000,1387,Access,off
str4-Nokia-7220-Th6p-1,Ethernet368,str4-Nokia-7220-Th6p-leaf-1,Ethernet368,400000,1388,Access,off
str4-Nokia-7220-Th6p-1,Ethernet372,str4-Nokia-7220-Th6p-leaf-1,Ethernet372,400000,1389,Access,off
str4-Nokia-7220-Th6p-1,Ethernet376,str4-Nokia-7220-Th6p-leaf-1,Ethernet376,400000,1390,Access,off
str4-Nokia-7220-Th6p-1,Ethernet380,str4-Nokia-7220-Th6p-leaf-1,Ethernet380,400000,1391,Access,off
str4-Nokia-7220-Th6p-1,Ethernet384,str4-Nokia-7220-Th6p-leaf-1,Ethernet384,400000,1392,Access,off
str4-Nokia-7220-Th6p-1,Ethernet388,str4-Nokia-7220-Th6p-leaf-1,Ethernet388,400000,1393,Access,off
str4-Nokia-7220-Th6p-1,Ethernet392,str4-Nokia-7220-Th6p-leaf-1,Ethernet392,400000,1394,Access,off
str4-Nokia-7220-Th6p-1,Ethernet396,str4-Nokia-7220-Th6p-leaf-1,Ethernet396,400000,1395,Access,off
str4-Nokia-7220-Th6p-1,Ethernet400,str4-Nokia-7220-Th6p-leaf-1,Ethernet400,400000,1396,Access,off
str4-Nokia-7220-Th6p-1,Ethernet404,str4-Nokia-7220-Th6p-leaf-1,Ethernet404,400000,1397,Access,off
str4-Nokia-7220-Th6p-1,Ethernet408,str4-Nokia-7220-Th6p-leaf-1,Ethernet408,400000,1398,Access,off
str4-Nokia-7220-Th6p-1,Ethernet412,str4-Nokia-7220-Th6p-leaf-1,Ethernet412,400000,1399,Access,off
str4-Nokia-7220-Th6p-1,Ethernet416,str4-Nokia-7220-Th6p-leaf-1,Ethernet416,400000,1400,Access,off
str4-Nokia-7220-Th6p-1,Ethernet420,str4-Nokia-7220-Th6p-leaf-1,Ethernet420,400000,1401,Access,off
str4-Nokia-7220-Th6p-1,Ethernet424,str4-Nokia-7220-Th6p-leaf-1,Ethernet424,400000,1402,Access,off
str4-Nokia-7220-Th6p-1,Ethernet428,str4-Nokia-7220-Th6p-leaf-1,Ethernet428,400000,1403,Access,off
str4-Nokia-7220-Th6p-1,Ethernet432,str4-Nokia-7220-Th6p-leaf-1,Ethernet432,400000,1404,Access,off
str4-Nokia-7220-Th6p-1,Ethernet436,str4-Nokia-7220-Th6p-leaf-1,Ethernet436,400000,1405,Access,off
str4-Nokia-7220-Th6p-1,Ethernet440,str4-Nokia-7220-Th6p-leaf-1,Ethernet440,400000,1406,Access,off
str4-Nokia-7220-Th6p-1,Ethernet444,str4-Nokia-7220-Th6p-leaf-1,Ethernet444,400000,1407,Access,off
str4-Nokia-7220-Th6p-1,Ethernet448,str4-Nokia-7220-Th6p-leaf-1,Ethernet448,400000,1408,Access,off
str4-Nokia-7220-Th6p-1,Ethernet452,str4-Nokia-7220-Th6p-leaf-1,Ethernet452,400000,1409,Access,off
str4-Nokia-7220-Th6p-1,Ethernet456,str4-Nokia-7220-Th6p-leaf-1,Ethernet456,400000,1410,Access,off
str4-Nokia-7220-Th6p-1,Ethernet460,str4-Nokia-7220-Th6p-leaf-1,Ethernet460,400000,1411,Access,off
str4-Nokia-7220-Th6p-1,Ethernet464,str4-Nokia-7220-Th6p-leaf-1,Ethernet464,400000,1412,Access,off
str4-Nokia-7220-Th6p-1,Ethernet468,str4-Nokia-7220-Th6p-leaf-1,Ethernet468,400000,1413,Access,off
str4-Nokia-7220-Th6p-1,Ethernet472,str4-Nokia-7220-Th6p-leaf-1,Ethernet472,400000,1414,Access,off
str4-Nokia-7220-Th6p-1,Ethernet476,str4-Nokia-7220-Th6p-leaf-1,Ethernet476,400000,1415,Access,off
str4-Nokia-7220-Th6p-1,Ethernet480,str4-Nokia-7220-Th6p-leaf-1,Ethernet480,400000,1416,Access,off
str4-Nokia-7220-Th6p-1,Ethernet484,str4-Nokia-7220-Th6p-leaf-1,Ethernet484,400000,1417,Access,off
str4-Nokia-7220-Th6p-1,Ethernet488,str4-Nokia-7220-Th6p-leaf-1,Ethernet488,400000,1418,Access,off
str4-Nokia-7220-Th6p-1,Ethernet492,str4-Nokia-7220-Th6p-leaf-1,Ethernet492,400000,1419,Access,off
str4-Nokia-7220-Th6p-1,Ethernet496,str4-Nokia-7220-Th6p-leaf-1,Ethernet496,400000,1420,Access,off
str4-Nokia-7220-Th6p-1,Ethernet500,str4-Nokia-7220-Th6p-leaf-1,Ethernet500,400000,1421,Access,off
str4-Nokia-7220-Th6p-1,Ethernet504,str4-Nokia-7220-Th6p-leaf-1,Ethernet504,400000,1422,Access,off
str4-Nokia-7220-Th6p-1,Ethernet508,str4-Nokia-7220-Th6p-leaf-1,Ethernet508,400000,1423,Access,off
str4-Nokia-7220-Th6p-1,Ethernet512,str4-Nokia-7220-Th6p-leaf-1,Ethernet512,400000,1424,Access,off
str4-Nokia-7220-Th6p-1,Ethernet516,str4-Nokia-7220-Th6p-leaf-1,Ethernet516,400000,1425,Access,off
str4-Nokia-7220-Th6p-1,Ethernet520,str4-Nokia-7220-Th6p-leaf-1,Ethernet520,400000,1426,Access,off
str4-Nokia-7220-Th6p-1,Ethernet524,str4-Nokia-7220-Th6p-leaf-1,Ethernet524,400000,1427,Access,off
str4-Nokia-7220-Th6p-1,Ethernet528,str4-Nokia-7220-Th6p-leaf-1,Ethernet528,400000,1428,Access,off
str4-Nokia-7220-Th6p-1,Ethernet532,str4-Nokia-7220-Th6p-leaf-1,Ethernet532,400000,1429,Access,off
str4-Nokia-7220-Th6p-1,Ethernet536,str4-Nokia-7220-Th6p-leaf-1,Ethernet536,400000,1430,Access,off
str4-Nokia-7220-Th6p-1,Ethernet540,str4-Nokia-7220-Th6p-leaf-1,Ethernet540,400000,1431,Access,off
str4-Nokia-7220-Th6p-1,Ethernet544,str4-Nokia-7220-Th6p-leaf-1,Ethernet544,400000,1432,Access,off
str4-Nokia-7220-Th6p-1,Ethernet548,str4-Nokia-7220-Th6p-leaf-1,Ethernet548,400000,1433,Access,off
str4-Nokia-7220-Th6p-1,Ethernet552,str4-Nokia-7220-Th6p-leaf-1,Ethernet552,400000,1434,Access,off
str4-Nokia-7220-Th6p-1,Ethernet556,str4-Nokia-7220-Th6p-leaf-1,Ethernet556,400000,1435,Access,off
str4-Nokia-7220-Th6p-1,Ethernet560,str4-Nokia-7220-Th6p-leaf-1,Ethernet560,400000,1436,Access,off
str4-Nokia-7220-Th6p-1,Ethernet564,str4-Nokia-7220-Th6p-leaf-1,Ethernet564,400000,1437,Access,off
str4-Nokia-7220-Th6p-1,Ethernet568,str4-Nokia-7220-Th6p-leaf-1,Ethernet568,400000,1438,Access,off
str4-Nokia-7220-Th6p-1,Ethernet572,str4-Nokia-7220-Th6p-leaf-1,Ethernet572,400000,1439,Access,off
str4-Nokia-7220-Th6p-1,Ethernet576,str4-Nokia-7220-Th6p-leaf-1,Ethernet576,400000,1440,Access,off
str4-Nokia-7220-Th6p-1,Ethernet580,str4-Nokia-7220-Th6p-leaf-1,Ethernet580,400000,1441,Access,off
str4-Nokia-7220-Th6p-1,Ethernet584,str4-Nokia-7220-Th6p-leaf-1,Ethernet584,400000,1442,Access,off
str4-Nokia-7220-Th6p-1,Ethernet588,str4-Nokia-7220-Th6p-leaf-1,Ethernet588,400000,1443,Access,off
str4-Nokia-7220-Th6p-1,Ethernet592,str4-Nokia-7220-Th6p-leaf-1,Ethernet592,400000,1444,Access,off
str4-Nokia-7220-Th6p-1,Ethernet596,str4-Nokia-7220-Th6p-leaf-1,Ethernet596,400000,1445,Access,off
str4-Nokia-7220-Th6p-1,Ethernet600,str4-Nokia-7220-Th6p-leaf-1,Ethernet600,400000,1446,Access,off
str4-Nokia-7220-Th6p-1,Ethernet604,str4-Nokia-7220-Th6p-leaf-1,Ethernet604,400000,1447,Access,off
str4-Nokia-7220-Th6p-1,Ethernet608,str4-Nokia-7220-Th6p-leaf-1,Ethernet608,400000,1448,Access,off
str4-Nokia-7220-Th6p-1,Ethernet612,str4-Nokia-7220-Th6p-leaf-1,Ethernet612,400000,1449,Access,off
str4-Nokia-7220-Th6p-1,Ethernet616,str4-Nokia-7220-Th6p-leaf-1,Ethernet616,400000,1450,Access,off
str4-Nokia-7220-Th6p-1,Ethernet620,str4-Nokia-7220-Th6p-leaf-1,Ethernet620,400000,1451,Access,off
str4-Nokia-7220-Th6p-1,Ethernet624,str4-Nokia-7220-Th6p-leaf-1,Ethernet624,400000,1452,Access,off
str4-Nokia-7220-Th6p-1,Ethernet628,str4-Nokia-7220-Th6p-leaf-1,Ethernet628,400000,1453,Access,off
str4-Nokia-7220-Th6p-1,Ethernet632,str4-Nokia-7220-Th6p-leaf-1,Ethernet632,400000,1454,Access,off
str4-Nokia-7220-Th6p-1,Ethernet636,str4-Nokia-7220-Th6p-leaf-1,Ethernet636,400000,1455,Access,off
str4-Nokia-7220-Th6p-1,Ethernet640,str4-Nokia-7220-Th6p-leaf-1,Ethernet640,400000,1456,Access,off
str4-Nokia-7220-Th6p-1,Ethernet644,str4-Nokia-7220-Th6p-leaf-1,Ethernet644,400000,1457,Access,off
str4-Nokia-7220-Th6p-1,Ethernet648,str4-Nokia-7220-Th6p-leaf-1,Ethernet648,400000,1458,Access,off
str4-Nokia-7220-Th6p-1,Ethernet652,str4-Nokia-7220-Th6p-leaf-1,Ethernet652,400000,1459,Access,off
str4-Nokia-7220-Th6p-1,Ethernet656,str4-Nokia-7220-Th6p-leaf-1,Ethernet656,400000,1460,Access,off
str4-Nokia-7220-Th6p-1,Ethernet660,str4-Nokia-7220-Th6p-leaf-1,Ethernet660,400000,1461,Access,off
str4-Nokia-7220-Th6p-1,Ethernet664,str4-Nokia-7220-Th6p-leaf-1,Ethernet664,400000,1462,Access,off
str4-Nokia-7220-Th6p-1,Ethernet668,str4-Nokia-7220-Th6p-leaf-1,Ethernet668,400000,1463,Access,off
str4-Nokia-7220-Th6p-1,Ethernet672,str4-Nokia-7220-Th6p-leaf-1,Ethernet672,400000,1464,Access,off
str4-Nokia-7220-Th6p-1,Ethernet676,str4-Nokia-7220-Th6p-leaf-1,Ethernet676,400000,1465,Access,off
str4-Nokia-7220-Th6p-1,Ethernet680,str4-Nokia-7220-Th6p-leaf-1,Ethernet680,400000,1466,Access,off
str4-Nokia-7220-Th6p-1,Ethernet684,str4-Nokia-7220-Th6p-leaf-1,Ethernet684,400000,1856,Access,off
str4-Nokia-7220-Th6p-1,Ethernet688,str4-Nokia-7220-Th6p-leaf-1,Ethernet688,400000,1857,Access,off
str4-Nokia-7220-Th6p-1,Ethernet692,str4-Nokia-7220-Th6p-leaf-1,Ethernet692,400000,1858,Access,off
str4-Nokia-7220-Th6p-1,Ethernet696,str4-Nokia-7220-Th6p-leaf-1,Ethernet696,400000,1859,Access,off
str4-Nokia-7220-Th6p-1,Ethernet700,str4-Nokia-7220-Th6p-leaf-1,Ethernet700,400000,1860,Access,off
str4-Nokia-7220-Th6p-1,Ethernet704,str4-Nokia-7220-Th6p-leaf-1,Ethernet704,400000,1861,Access,off
str4-Nokia-7220-Th6p-1,Ethernet708,str4-Nokia-7220-Th6p-leaf-1,Ethernet708,400000,1862,Access,off
str4-Nokia-7220-Th6p-1,Ethernet712,str4-Nokia-7220-Th6p-leaf-1,Ethernet712,400000,1863,Access,off
str4-Nokia-7220-Th6p-1,Ethernet716,str4-Nokia-7220-Th6p-leaf-1,Ethernet716,400000,1864,Access,off
str4-Nokia-7220-Th6p-1,Ethernet720,str4-Nokia-7220-Th6p-leaf-1,Ethernet720,400000,1865,Access,off
str4-Nokia-7220-Th6p-1,Ethernet724,str4-Nokia-7220-Th6p-leaf-1,Ethernet724,400000,1866,Access,off
str4-Nokia-7220-Th6p-1,Ethernet728,str4-Nokia-7220-Th6p-leaf-1,Ethernet728,400000,1867,Access,off
str4-Nokia-7220-Th6p-1,Ethernet732,str4-Nokia-7220-Th6p-leaf-1,Ethernet732,400000,1868,Access,off
str4-Nokia-7220-Th6p-1,Ethernet736,str4-Nokia-7220-Th6p-leaf-1,Ethernet736,400000,1869,Access,off
str4-Nokia-7220-Th6p-1,Ethernet740,str4-Nokia-7220-Th6p-leaf-1,Ethernet740,400000,1870,Access,off
str4-Nokia-7220-Th6p-1,Ethernet744,str4-Nokia-7220-Th6p-leaf-1,Ethernet744,400000,1871,Access,off
str4-Nokia-7220-Th6p-1,Ethernet748,str4-Nokia-7220-Th6p-leaf-1,Ethernet748,400000,1872,Access,off
str4-Nokia-7220-Th6p-1,Ethernet752,str4-Nokia-7220-Th6p-leaf-1,Ethernet752,400000,1873,Access,off
str4-Nokia-7220-Th6p-1,Ethernet756,str4-Nokia-7220-Th6p-leaf-1,Ethernet756,400000,1874,Access,off
str4-Nokia-7220-Th6p-1,Ethernet760,str4-Nokia-7220-Th6p-leaf-1,Ethernet760,400000,1875,Access,off
str4-Nokia-7220-Th6p-1,Ethernet764,str4-Nokia-7220-Th6p-leaf-1,Ethernet764,400000,1876,Access,off
str4-Nokia-7220-Th6p-1,Ethernet768,str4-Nokia-7220-Th6p-leaf-1,Ethernet768,400000,1877,Access,off
str4-Nokia-7220-Th6p-1,Ethernet772,str4-Nokia-7220-Th6p-leaf-1,Ethernet772,400000,1878,Access,off
str4-Nokia-7220-Th6p-1,Ethernet776,str4-Nokia-7220-Th6p-leaf-1,Ethernet776,400000,1879,Access,off
str4-Nokia-7220-Th6p-1,Ethernet780,str4-Nokia-7220-Th6p-leaf-1,Ethernet780,400000,1880,Access,off
str4-Nokia-7220-Th6p-1,Ethernet784,str4-Nokia-7220-Th6p-leaf-1,Ethernet784,400000,1881,Access,off
str4-Nokia-7220-Th6p-1,Ethernet788,str4-Nokia-7220-Th6p-leaf-1,Ethernet788,400000,1882,Access,off
str4-Nokia-7220-Th6p-1,Ethernet792,str4-Nokia-7220-Th6p-leaf-1,Ethernet792,400000,1883,Access,off
str4-Nokia-7220-Th6p-1,Ethernet796,str4-Nokia-7220-Th6p-leaf-1,Ethernet796,400000,1884,Access,off
str4-Nokia-7220-Th6p-1,Ethernet800,str4-Nokia-7220-Th6p-leaf-1,Ethernet800,400000,1885,Access,off
str4-Nokia-7220-Th6p-1,Ethernet804,str4-Nokia-7220-Th6p-leaf-1,Ethernet804,400000,1886,Access,off
str4-Nokia-7220-Th6p-1,Ethernet808,str4-Nokia-7220-Th6p-leaf-1,Ethernet808,400000,1887,Access,off
str4-Nokia-7220-Th6p-1,Ethernet812,str4-Nokia-7220-Th6p-leaf-1,Ethernet812,400000,1888,Access,off
str4-Nokia-7220-Th6p-1,Ethernet816,str4-Nokia-7220-Th6p-leaf-1,Ethernet816,400000,1889,Access,off
str4-Nokia-7220-Th6p-1,Ethernet820,str4-Nokia-7220-Th6p-leaf-1,Ethernet820,400000,1890,Access,off
str4-Nokia-7220-Th6p-1,Ethernet824,str4-Nokia-7220-Th6p-leaf-1,Ethernet824,400000,1891,Access,off
str4-Nokia-7220-Th6p-1,Ethernet828,str4-Nokia-7220-Th6p-leaf-1,Ethernet828,400000,1892,Access,off
str4-Nokia-7220-Th6p-1,Ethernet832,str4-Nokia-7220-Th6p-leaf-1,Ethernet832,400000,1893,Access,off
str4-Nokia-7220-Th6p-1,Ethernet836,str4-Nokia-7220-Th6p-leaf-1,Ethernet836,400000,1894,Access,off
str4-Nokia-7220-Th6p-1,Ethernet840,str4-Nokia-7220-Th6p-leaf-1,Ethernet840,400000,1895,Access,off
str4-Nokia-7220-Th6p-1,Ethernet844,str4-Nokia-7220-Th6p-leaf-1,Ethernet844,400000,1896,Access,off
str4-Nokia-7220-Th6p-1,Ethernet848,str4-Nokia-7220-Th6p-leaf-1,Ethernet848,400000,1897,Access,off
str4-Nokia-7220-Th6p-1,Ethernet852,str4-Nokia-7220-Th6p-leaf-1,Ethernet852,400000,1898,Access,off
str4-Nokia-7220-Th6p-1,Ethernet856,str4-Nokia-7220-Th6p-leaf-1,Ethernet856,400000,1899,Access,off
str4-Nokia-7220-Th6p-1,Ethernet860,str4-Nokia-7220-Th6p-leaf-1,Ethernet860,400000,1900,Access,off
str4-Nokia-7220-Th6p-1,Ethernet864,str4-Nokia-7220-Th6p-leaf-1,Ethernet864,400000,1901,Access,off
str4-Nokia-7220-Th6p-1,Ethernet868,str4-Nokia-7220-Th6p-leaf-1,Ethernet868,400000,1902,Access,off
str4-Nokia-7220-Th6p-1,Ethernet872,str4-Nokia-7220-Th6p-leaf-1,Ethernet872,400000,1903,Access,off
str4-Nokia-7220-Th6p-1,Ethernet876,str4-Nokia-7220-Th6p-leaf-1,Ethernet876,400000,1904,Access,off
str4-Nokia-7220-Th6p-1,Ethernet880,str4-Nokia-7220-Th6p-leaf-1,Ethernet880,400000,1905,Access,off
str4-Nokia-7220-Th6p-1,Ethernet884,str4-Nokia-7220-Th6p-leaf-1,Ethernet884,400000,1906,Access,off
str4-Nokia-7220-Th6p-1,Ethernet888,str4-Nokia-7220-Th6p-leaf-1,Ethernet888,400000,1907,Access,off
str4-Nokia-7220-Th6p-1,Ethernet892,str4-Nokia-7220-Th6p-leaf-1,Ethernet892,400000,1908,Access,off
str4-Nokia-7220-Th6p-1,Ethernet896,str4-Nokia-7220-Th6p-leaf-1,Ethernet896,400000,1909,Access,off
str4-Nokia-7220-Th6p-1,Ethernet900,str4-Nokia-7220-Th6p-leaf-1,Ethernet900,400000,1910,Access,off
str4-Nokia-7220-Th6p-1,Ethernet904,str4-Nokia-7220-Th6p-leaf-1,Ethernet904,400000,1911,Access,off
str4-Nokia-7220-Th6p-1,Ethernet908,str4-Nokia-7220-Th6p-leaf-1,Ethernet908,400000,1912,Access,off
str4-Nokia-7220-Th6p-1,Ethernet912,str4-Nokia-7220-Th6p-leaf-1,Ethernet912,400000,1913,Access,off
str4-Nokia-7220-Th6p-1,Ethernet916,str4-Nokia-7220-Th6p-leaf-1,Ethernet916,400000,1914,Access,off
str4-Nokia-7220-Th6p-1,Ethernet920,str4-Nokia-7220-Th6p-leaf-1,Ethernet920,400000,1915,Access,off
str4-Nokia-7220-Th6p-1,Ethernet924,str4-Nokia-7220-Th6p-leaf-1,Ethernet924,400000,1916,Access,off
str4-Nokia-7220-Th6p-1,Ethernet928,str4-Nokia-7220-Th6p-leaf-1,Ethernet928,400000,1917,Access,off
str4-Nokia-7220-Th6p-1,Ethernet932,str4-Nokia-7220-Th6p-leaf-1,Ethernet932,400000,1918,Access,off
str4-Nokia-7220-Th6p-1,Ethernet936,str4-Nokia-7220-Th6p-leaf-1,Ethernet936,400000,1919,Access,off
str4-Nokia-7220-Th6p-1,Ethernet940,str4-Nokia-7220-Th6p-leaf-1,Ethernet940,400000,1920,Access,off
str4-Nokia-7220-Th6p-1,Ethernet944,str4-Nokia-7220-Th6p-leaf-1,Ethernet944,400000,1921,Access,off
str4-Nokia-7220-Th6p-1,Ethernet948,str4-Nokia-7220-Th6p-leaf-1,Ethernet948,400000,1922,Access,off
str4-Nokia-7220-Th6p-1,Ethernet952,str4-Nokia-7220-Th6p-leaf-1,Ethernet952,400000,1923,Access,off
str4-Nokia-7220-Th6p-1,Ethernet956,str4-Nokia-7220-Th6p-leaf-1,Ethernet956,400000,1924,Access,off
str4-Nokia-7220-Th6p-1,Ethernet960,str4-Nokia-7220-Th6p-leaf-1,Ethernet960,400000,1925,Access,off
str4-Nokia-7220-Th6p-1,Ethernet964,str4-Nokia-7220-Th6p-leaf-1,Ethernet964,400000,1926,Access,off
str4-Nokia-7220-Th6p-1,Ethernet968,str4-Nokia-7220-Th6p-leaf-1,Ethernet968,400000,1927,Access,off
str4-Nokia-7220-Th6p-1,Ethernet972,str4-Nokia-7220-Th6p-leaf-1,Ethernet972,400000,1928,Access,off
str4-Nokia-7220-Th6p-1,Ethernet976,str4-Nokia-7220-Th6p-leaf-1,Ethernet976,400000,1929,Access,off
str4-Nokia-7220-Th6p-1,Ethernet980,str4-Nokia-7220-Th6p-leaf-1,Ethernet980,400000,1930,Access,off
str4-Nokia-7220-Th6p-1,Ethernet984,str4-Nokia-7220-Th6p-leaf-1,Ethernet984,400000,1931,Access,off
str4-Nokia-7220-Th6p-1,Ethernet988,str4-Nokia-7220-Th6p-leaf-1,Ethernet988,400000,1932,Access,off
str4-Nokia-7220-Th6p-1,Ethernet992,str4-Nokia-7220-Th6p-leaf-1,Ethernet992,400000,1933,Access,off
str4-Nokia-7220-Th6p-1,Ethernet996,str4-Nokia-7220-Th6p-leaf-1,Ethernet996,400000,1934,Access,off
str4-Nokia-7220-Th6p-1,Ethernet1000,str4-Nokia-7220-Th6p-leaf-1,Ethernet1000,400000,1935,Access,off
str4-Nokia-7220-Th6p-1,Ethernet1004,str4-Nokia-7220-Th6p-leaf-1,Ethernet1004,400000,1936,Access,off
str4-Nokia-7220-Th6p-1,Ethernet1008,str4-Nokia-7220-Th6p-leaf-1,Ethernet1008,400000,1937,Access,off
str4-Nokia-7220-Th6p-1,Ethernet1012,str4-Nokia-7220-Th6p-leaf-1,Ethernet1012,400000,1938,Access,off
str4-w6940-1,Ethernet0,str4-7060x6-cpo-fanout-1,Ethernet0,800000,2075,Access,off
str4-w6940-1,Ethernet8,str4-7060x6-cpo-fanout-1,Ethernet8,800000,2076,Access,off
str4-w6940-1,Ethernet16,str4-7060x6-cpo-fanout-1,Ethernet16,800000,2077,Access,off
str4-w6940-1,Ethernet24,str4-7060x6-cpo-fanout-1,Ethernet24,800000,2078,Access,off
str4-w6940-1,Ethernet32,str4-7060x6-cpo-fanout-1,Ethernet32,800000,2079,Access,off
str4-w6940-1,Ethernet40,str4-7060x6-cpo-fanout-1,Ethernet40,800000,2080,Access,off
str4-w6940-1,Ethernet48,str4-7060x6-cpo-fanout-1,Ethernet48,800000,2081,Access,off
str4-w6940-1,Ethernet56,str4-7060x6-cpo-fanout-1,Ethernet56,800000,2082,Access,off
str4-w6940-1,Ethernet64,str4-7060x6-cpo-fanout-1,Ethernet64,800000,2083,Access,off
str4-w6940-1,Ethernet72,str4-7060x6-cpo-fanout-1,Ethernet72,800000,2084,Access,off
str4-w6940-1,Ethernet80,str4-7060x6-cpo-fanout-1,Ethernet80,800000,2085,Access,off
str4-w6940-1,Ethernet88,str4-7060x6-cpo-fanout-1,Ethernet88,800000,2086,Access,off
str4-w6940-1,Ethernet96,str4-7060x6-cpo-fanout-1,Ethernet96,800000,2087,Access,off
str4-w6940-1,Ethernet104,str4-7060x6-cpo-fanout-1,Ethernet104,800000,2088,Access,off
str4-w6940-1,Ethernet112,str4-7060x6-cpo-fanout-1,Ethernet112,800000,2089,Access,off
str4-w6940-1,Ethernet120,str4-7060x6-cpo-fanout-1,Ethernet120,800000,2090,Access,off
str4-w6940-1,Ethernet128,str4-7060x6-cpo-fanout-1,Ethernet128,800000,2091,Access,off
str4-w6940-1,Ethernet136,str4-7060x6-cpo-fanout-1,Ethernet136,800000,2092,Access,off
str4-w6940-1,Ethernet144,str4-7060x6-cpo-fanout-1,Ethernet144,800000,2093,Access,off
str4-w6940-1,Ethernet152,str4-7060x6-cpo-fanout-1,Ethernet152,800000,2094,Access,off
str4-w6940-1,Ethernet160,str4-7060x6-cpo-fanout-1,Ethernet160,800000,2095,Access,off
str4-w6940-1,Ethernet168,str4-7060x6-cpo-fanout-1,Ethernet168,800000,2096,Access,off
str4-w6940-1,Ethernet176,str4-7060x6-cpo-fanout-1,Ethernet176,800000,2097,Access,off
str4-w6940-1,Ethernet184,str4-7060x6-cpo-fanout-1,Ethernet184,800000,2098,Access,off
str4-w6940-1,Ethernet192,str4-7060x6-cpo-fanout-1,Ethernet192,800000,2099,Access,off
str4-w6940-1,Ethernet200,str4-7060x6-cpo-fanout-1,Ethernet200,800000,2100,Access,off
str4-w6940-1,Ethernet208,str4-7060x6-cpo-fanout-1,Ethernet208,800000,2101,Access,off
str4-w6940-1,Ethernet216,str4-7060x6-cpo-fanout-1,Ethernet216,800000,2102,Access,off
str4-w6940-1,Ethernet224,str4-7060x6-cpo-fanout-1,Ethernet224,800000,2103,Access,off
str4-w6940-1,Ethernet232,str4-7060x6-cpo-fanout-1,Ethernet232,800000,2104,Access,off
str4-w6940-1,Ethernet240,str4-7060x6-cpo-fanout-1,Ethernet240,800000,2105,Access,off
str4-w6940-1,Ethernet248,str4-7060x6-cpo-fanout-1,Ethernet248,800000,2106,Access,off
str4-w6940-1,Ethernet256,str4-7060x6-cpo-fanout-1,Ethernet256,800000,2107,Access,off
str4-w6940-1,Ethernet264,str4-7060x6-cpo-fanout-1,Ethernet264,800000,2108,Access,off
str4-w6940-1,Ethernet272,str4-7060x6-cpo-fanout-1,Ethernet272,800000,2109,Access,off
str4-w6940-1,Ethernet280,str4-7060x6-cpo-fanout-1,Ethernet280,800000,2110,Access,off
str4-w6940-1,Ethernet288,str4-7060x6-cpo-fanout-1,Ethernet288,800000,2111,Access,off
str4-w6940-1,Ethernet296,str4-7060x6-cpo-fanout-1,Ethernet296,800000,2112,Access,off
str4-w6940-1,Ethernet304,str4-7060x6-cpo-fanout-1,Ethernet304,800000,2113,Access,off
str4-w6940-1,Ethernet312,str4-7060x6-cpo-fanout-1,Ethernet312,800000,2114,Access,off
str4-w6940-1,Ethernet320,str4-7060x6-cpo-fanout-1,Ethernet320,800000,2115,Access,off
str4-w6940-1,Ethernet328,str4-7060x6-cpo-fanout-1,Ethernet328,800000,2116,Access,off
str4-w6940-1,Ethernet336,str4-7060x6-cpo-fanout-1,Ethernet336,800000,2117,Access,off
str4-w6940-1,Ethernet344,str4-7060x6-cpo-fanout-1,Ethernet344,800000,2118,Access,off
str4-w6940-1,Ethernet352,str4-7060x6-cpo-fanout-1,Ethernet352,800000,2119,Access,off
str4-w6940-1,Ethernet360,str4-7060x6-cpo-fanout-1,Ethernet360,800000,2120,Access,off
str4-w6940-1,Ethernet368,str4-7060x6-cpo-fanout-1,Ethernet368,800000,2121,Access,off
str4-w6940-1,Ethernet376,str4-7060x6-cpo-fanout-1,Ethernet376,800000,2122,Access,off
str4-w6940-1,Ethernet384,str4-7060x6-cpo-fanout-1,Ethernet384,800000,2123,Access,off
str4-w6940-1,Ethernet392,str4-7060x6-cpo-fanout-1,Ethernet392,800000,2124,Access,off
str4-w6940-1,Ethernet400,str4-7060x6-cpo-fanout-1,Ethernet400,800000,2125,Access,off
str4-w6940-1,Ethernet408,str4-7060x6-cpo-fanout-1,Ethernet408,800000,2126,Access,off
str4-w6940-1,Ethernet416,str4-7060x6-cpo-fanout-1,Ethernet416,800000,2127,Access,off
str4-w6940-1,Ethernet424,str4-7060x6-cpo-fanout-1,Ethernet424,800000,2128,Access,off
str4-w6940-1,Ethernet432,str4-7060x6-cpo-fanout-1,Ethernet432,800000,2129,Access,off
str4-w6940-1,Ethernet440,str4-7060x6-cpo-fanout-1,Ethernet440,800000,2130,Access,off
str4-w6940-1,Ethernet448,str4-7060x6-cpo-fanout-1,Ethernet448,800000,2131,Access,off
str4-w6940-1,Ethernet456,str4-7060x6-cpo-fanout-1,Ethernet456,800000,2132,Access,off
str4-w6940-1,Ethernet464,str4-7060x6-cpo-fanout-1,Ethernet464,800000,2133,Access,off
str4-w6940-1,Ethernet472,str4-7060x6-cpo-fanout-1,Ethernet472,800000,2134,Access,off
str4-w6940-1,Ethernet480,str4-7060x6-cpo-fanout-1,Ethernet480,800000,2135,Access,off
str4-w6940-1,Ethernet488,str4-7060x6-cpo-fanout-1,Ethernet488,800000,2136,Access,off
str4-w6940-1,Ethernet496,str4-7060x6-cpo-fanout-1,Ethernet496,800000,2137,Access,off
str4-w6940-1,Ethernet504,str4-7060x6-cpo-fanout-1,Ethernet504,800000,2138,Access,off
str4-w6940-2,Ethernet0,str4-7060x6-cpo-fanout-2,Ethernet0,800000,2139,Access,off
str4-w6940-2,Ethernet8,str4-7060x6-cpo-fanout-2,Ethernet8,800000,2140,Access,off
str4-w6940-2,Ethernet16,str4-7060x6-cpo-fanout-2,Ethernet16,800000,2141,Access,off
str4-w6940-2,Ethernet24,str4-7060x6-cpo-fanout-2,Ethernet24,800000,2142,Access,off
str4-w6940-2,Ethernet32,str4-7060x6-cpo-fanout-2,Ethernet32,800000,2143,Access,off
str4-w6940-2,Ethernet40,str4-7060x6-cpo-fanout-2,Ethernet40,800000,2144,Access,off
str4-w6940-2,Ethernet48,str4-7060x6-cpo-fanout-2,Ethernet48,800000,2145,Access,off
str4-w6940-2,Ethernet56,str4-7060x6-cpo-fanout-2,Ethernet56,800000,2146,Access,off
str4-w6940-2,Ethernet64,str4-7060x6-cpo-fanout-2,Ethernet64,800000,2147,Access,off
str4-w6940-2,Ethernet72,str4-7060x6-cpo-fanout-2,Ethernet72,800000,2148,Access,off
str4-w6940-2,Ethernet80,str4-7060x6-cpo-fanout-2,Ethernet80,800000,2149,Access,off
str4-w6940-2,Ethernet88,str4-7060x6-cpo-fanout-2,Ethernet88,800000,2150,Access,off
str4-w6940-2,Ethernet96,str4-7060x6-cpo-fanout-2,Ethernet96,800000,2151,Access,off
str4-w6940-2,Ethernet104,str4-7060x6-cpo-fanout-2,Ethernet104,800000,2152,Access,off
str4-w6940-2,Ethernet112,str4-7060x6-cpo-fanout-2,Ethernet112,800000,2153,Access,off
str4-w6940-2,Ethernet120,str4-7060x6-cpo-fanout-2,Ethernet120,800000,2154,Access,off
str4-w6940-2,Ethernet128,str4-7060x6-cpo-fanout-2,Ethernet128,800000,2155,Access,off
str4-w6940-2,Ethernet136,str4-7060x6-cpo-fanout-2,Ethernet136,800000,2156,Access,off
str4-w6940-2,Ethernet144,str4-7060x6-cpo-fanout-2,Ethernet144,800000,2157,Access,off
str4-w6940-2,Ethernet152,str4-7060x6-cpo-fanout-2,Ethernet152,800000,2158,Access,off
str4-w6940-2,Ethernet160,str4-7060x6-cpo-fanout-2,Ethernet160,800000,2159,Access,off
str4-w6940-2,Ethernet168,str4-7060x6-cpo-fanout-2,Ethernet168,800000,2160,Access,off
str4-w6940-2,Ethernet176,str4-7060x6-cpo-fanout-2,Ethernet176,800000,2161,Access,off
str4-w6940-2,Ethernet184,str4-7060x6-cpo-fanout-2,Ethernet184,800000,2162,Access,off
str4-w6940-2,Ethernet192,str4-7060x6-cpo-fanout-2,Ethernet192,800000,2163,Access,off
str4-w6940-2,Ethernet200,str4-7060x6-cpo-fanout-2,Ethernet200,800000,2164,Access,off
str4-w6940-2,Ethernet208,str4-7060x6-cpo-fanout-2,Ethernet208,800000,2165,Access,off
str4-w6940-2,Ethernet216,str4-7060x6-cpo-fanout-2,Ethernet216,800000,2166,Access,off
str4-w6940-2,Ethernet224,str4-7060x6-cpo-fanout-2,Ethernet224,800000,2167,Access,off
str4-w6940-2,Ethernet232,str4-7060x6-cpo-fanout-2,Ethernet232,800000,2168,Access,off
str4-w6940-2,Ethernet240,str4-7060x6-cpo-fanout-2,Ethernet240,800000,2169,Access,off
str4-w6940-2,Ethernet248,str4-7060x6-cpo-fanout-2,Ethernet248,800000,2170,Access,off
str4-w6940-2,Ethernet256,str4-7060x6-cpo-fanout-2,Ethernet256,800000,2171,Access,off
str4-w6940-2,Ethernet264,str4-7060x6-cpo-fanout-2,Ethernet264,800000,2172,Access,off
str4-w6940-2,Ethernet272,str4-7060x6-cpo-fanout-2,Ethernet272,800000,2173,Access,off
str4-w6940-2,Ethernet280,str4-7060x6-cpo-fanout-2,Ethernet280,800000,2174,Access,off
str4-w6940-2,Ethernet288,str4-7060x6-cpo-fanout-2,Ethernet288,800000,2175,Access,off
str4-w6940-2,Ethernet296,str4-7060x6-cpo-fanout-2,Ethernet296,800000,2176,Access,off
str4-w6940-2,Ethernet304,str4-7060x6-cpo-fanout-2,Ethernet304,800000,2177,Access,off
str4-w6940-2,Ethernet312,str4-7060x6-cpo-fanout-2,Ethernet312,800000,2178,Access,off
str4-w6940-2,Ethernet320,str4-7060x6-cpo-fanout-2,Ethernet320,800000,2179,Access,off
str4-w6940-2,Ethernet328,str4-7060x6-cpo-fanout-2,Ethernet328,800000,2180,Access,off
str4-w6940-2,Ethernet336,str4-7060x6-cpo-fanout-2,Ethernet336,800000,2181,Access,off
str4-w6940-2,Ethernet344,str4-7060x6-cpo-fanout-2,Ethernet344,800000,2182,Access,off
str4-w6940-2,Ethernet352,str4-7060x6-cpo-fanout-2,Ethernet352,800000,2183,Access,off
str4-w6940-2,Ethernet360,str4-7060x6-cpo-fanout-2,Ethernet360,800000,2184,Access,off
str4-w6940-2,Ethernet368,str4-7060x6-cpo-fanout-2,Ethernet368,800000,2185,Access,off
str4-w6940-2,Ethernet376,str4-7060x6-cpo-fanout-2,Ethernet376,800000,2186,Access,off
str4-w6940-2,Ethernet384,str4-7060x6-cpo-fanout-2,Ethernet384,800000,2187,Access,off
str4-w6940-2,Ethernet392,str4-7060x6-cpo-fanout-2,Ethernet392,800000,2188,Access,off
str4-w6940-2,Ethernet400,str4-7060x6-cpo-fanout-2,Ethernet400,800000,2189,Access,off
str4-w6940-2,Ethernet408,str4-7060x6-cpo-fanout-2,Ethernet408,800000,2190,Access,off
str4-w6940-2,Ethernet416,str4-7060x6-cpo-fanout-2,Ethernet416,800000,2191,Access,off
str4-w6940-2,Ethernet424,str4-7060x6-cpo-fanout-2,Ethernet424,800000,2192,Access,off
str4-w6940-2,Ethernet432,str4-7060x6-cpo-fanout-2,Ethernet432,800000,2193,Access,off
str4-w6940-2,Ethernet440,str4-7060x6-cpo-fanout-2,Ethernet440,800000,2194,Access,off
str4-w6940-2,Ethernet448,str4-7060x6-cpo-fanout-2,Ethernet448,800000,2195,Access,off
str4-w6940-2,Ethernet456,str4-7060x6-cpo-fanout-2,Ethernet456,800000,2196,Access,off
str4-w6940-2,Ethernet464,str4-7060x6-cpo-fanout-2,Ethernet464,800000,2197,Access,off
str4-w6940-2,Ethernet472,str4-7060x6-cpo-fanout-2,Ethernet472,800000,2198,Access,off
str4-w6940-2,Ethernet480,str4-7060x6-cpo-fanout-2,Ethernet480,800000,2199,Access,off
str4-w6940-2,Ethernet488,str4-7060x6-cpo-fanout-2,Ethernet488,800000,2200,Access,off
str4-w6940-2,Ethernet496,str4-7060x6-cpo-fanout-2,Ethernet496,800000,2201,Access,off
str4-w6940-2,Ethernet504,str4-7060x6-cpo-fanout-2,Ethernet504,800000,2202,Access,off
str4-nh4210-01,Ethernet0,str4-nh4210-leaf-01,Ethernet256,400000,2432,Access,off
str4-nh4210-01,Ethernet4,str4-nh4210-leaf-01,Ethernet260,400000,2433,Access,off
str4-nh4210-01,Ethernet8,str4-nh4210-leaf-01,Ethernet264,400000,2434,Access,off
str4-nh4210-01,Ethernet12,str4-nh4210-leaf-01,Ethernet268,400000,2435,Access,off
str4-nh4210-01,Ethernet16,str4-nh4210-leaf-01,Ethernet272,400000,2436,Access,off
str4-nh4210-01,Ethernet20,str4-nh4210-leaf-01,Ethernet276,400000,2437,Access,off
str4-nh4210-01,Ethernet24,str4-nh4210-leaf-01,Ethernet280,400000,2438,Access,off
str4-nh4210-01,Ethernet28,str4-nh4210-leaf-01,Ethernet284,400000,2439,Access,off
str4-nh4210-01,Ethernet32,str4-nh4210-leaf-01,Ethernet288,400000,2440,Access,off
str4-nh4210-01,Ethernet36,str4-nh4210-leaf-01,Ethernet292,400000,2441,Access,off
str4-nh4210-01,Ethernet40,str4-nh4210-leaf-01,Ethernet296,400000,2442,Access,off
str4-nh4210-01,Ethernet44,str4-nh4210-leaf-01,Ethernet300,400000,2443,Access,off
str4-nh4210-01,Ethernet48,str4-nh4210-leaf-01,Ethernet304,400000,2444,Access,off
str4-nh4210-01,Ethernet52,str4-nh4210-leaf-01,Ethernet308,400000,2445,Access,off
str4-nh4210-01,Ethernet56,str4-nh4210-leaf-01,Ethernet312,400000,2446,Access,off
str4-nh4210-01,Ethernet60,str4-nh4210-leaf-01,Ethernet316,400000,2447,Access,off
str4-nh4210-01,Ethernet64,str4-nh4210-leaf-01,Ethernet320,400000,2448,Access,off
str4-nh4210-01,Ethernet68,str4-nh4210-leaf-01,Ethernet324,400000,2449,Access,off
str4-nh4210-01,Ethernet72,str4-nh4210-leaf-01,Ethernet328,400000,2450,Access,off
str4-nh4210-01,Ethernet76,str4-nh4210-leaf-01,Ethernet332,400000,2451,Access,off
str4-nh4210-01,Ethernet80,str4-nh4210-leaf-01,Ethernet336,400000,2452,Access,off
str4-nh4210-01,Ethernet84,str4-nh4210-leaf-01,Ethernet340,400000,2453,Access,off
str4-nh4210-01,Ethernet88,str4-nh4210-leaf-01,Ethernet344,400000,2454,Access,off
str4-nh4210-01,Ethernet92,str4-nh4210-leaf-01,Ethernet348,400000,2455,Access,off
str4-nh4210-01,Ethernet96,str4-nh4210-leaf-01,Ethernet352,400000,2456,Access,off
str4-nh4210-01,Ethernet100,str4-nh4210-leaf-01,Ethernet356,400000,2457,Access,off
str4-nh4210-01,Ethernet104,str4-nh4210-leaf-01,Ethernet360,400000,2458,Access,off
str4-nh4210-01,Ethernet108,str4-nh4210-leaf-01,Ethernet364,400000,2459,Access,off
str4-nh4210-01,Ethernet112,str4-nh4210-leaf-01,Ethernet368,400000,2460,Access,off
str4-nh4210-01,Ethernet116,str4-nh4210-leaf-01,Ethernet372,400000,2461,Access,off
str4-nh4210-01,Ethernet120,str4-nh4210-leaf-01,Ethernet376,400000,2462,Access,off
str4-nh4210-01,Ethernet124,str4-nh4210-leaf-01,Ethernet380,400000,2463,Access,off
str4-nh4210-01,Ethernet128,str4-nh4210-leaf-01,Ethernet384,400000,2464,Access,off
str4-nh4210-01,Ethernet132,str4-nh4210-leaf-01,Ethernet388,400000,2465,Access,off
str4-nh4210-01,Ethernet136,str4-nh4210-leaf-01,Ethernet392,400000,2466,Access,off
str4-nh4210-01,Ethernet140,str4-nh4210-leaf-01,Ethernet396,400000,2467,Access,off
str4-nh4210-01,Ethernet144,str4-nh4210-leaf-01,Ethernet400,400000,2468,Access,off
str4-nh4210-01,Ethernet148,str4-nh4210-leaf-01,Ethernet404,400000,2469,Access,off
str4-nh4210-01,Ethernet152,str4-nh4210-leaf-01,Ethernet408,400000,2470,Access,off
str4-nh4210-01,Ethernet156,str4-nh4210-leaf-01,Ethernet412,400000,2471,Access,off
str4-nh4210-01,Ethernet160,str4-nh4210-leaf-01,Ethernet416,400000,2472,Access,off
str4-nh4210-01,Ethernet164,str4-nh4210-leaf-01,Ethernet420,400000,2473,Access,off
str4-nh4210-01,Ethernet168,str4-nh4210-leaf-01,Ethernet424,400000,2474,Access,off
str4-nh4210-01,Ethernet172,str4-nh4210-leaf-01,Ethernet428,400000,2475,Access,off
str4-nh4210-01,Ethernet176,str4-nh4210-leaf-01,Ethernet432,400000,2476,Access,off
str4-nh4210-01,Ethernet180,str4-nh4210-leaf-01,Ethernet436,400000,2477,Access,off
str4-nh4210-01,Ethernet184,str4-nh4210-leaf-01,Ethernet440,400000,2478,Access,off
str4-nh4210-01,Ethernet188,str4-nh4210-leaf-01,Ethernet444,400000,2479,Access,off
str4-nh4210-01,Ethernet192,str4-nh4210-leaf-01,Ethernet448,400000,2480,Access,off
str4-nh4210-01,Ethernet196,str4-nh4210-leaf-01,Ethernet452,400000,2481,Access,off
str4-nh4210-01,Ethernet200,str4-nh4210-leaf-01,Ethernet456,400000,2482,Access,off
str4-nh4210-01,Ethernet204,str4-nh4210-leaf-01,Ethernet460,400000,2483,Access,off
str4-nh4210-01,Ethernet208,str4-nh4210-leaf-01,Ethernet464,400000,2484,Access,off
str4-nh4210-01,Ethernet212,str4-nh4210-leaf-01,Ethernet468,400000,2485,Access,off
str4-nh4210-01,Ethernet216,str4-nh4210-leaf-01,Ethernet472,400000,2486,Access,off
str4-nh4210-01,Ethernet220,str4-nh4210-leaf-01,Ethernet476,400000,2487,Access,off
str4-nh4210-01,Ethernet224,str4-nh4210-leaf-01,Ethernet480,400000,2488,Access,off
str4-nh4210-01,Ethernet228,str4-nh4210-leaf-01,Ethernet484,400000,2489,Access,off
str4-nh4210-01,Ethernet232,str4-nh4210-leaf-01,Ethernet488,400000,2490,Access,off
str4-nh4210-01,Ethernet236,str4-nh4210-leaf-01,Ethernet492,400000,2491,Access,off
str4-nh4210-01,Ethernet240,str4-nh4210-leaf-01,Ethernet496,400000,2492,Access,off
str4-nh4210-01,Ethernet244,str4-nh4210-leaf-01,Ethernet500,400000,2493,Access,off
str4-nh4210-01,Ethernet248,str4-nh4210-leaf-01,Ethernet504,400000,2494,Access,off
str4-nh4210-01,Ethernet252,str4-nh4210-leaf-01,Ethernet508,400000,2495,Access,off
str4-nh4210-01,Ethernet256,str4-nh4210-leaf-01,Ethernet0,400000,2496,Access,off
str4-nh4210-01,Ethernet260,str4-nh4210-leaf-01,Ethernet4,400000,2497,Access,off
str4-nh4210-01,Ethernet264,str4-nh4210-leaf-01,Ethernet8,400000,2498,Access,off
str4-nh4210-01,Ethernet268,str4-nh4210-leaf-01,Ethernet12,400000,2499,Access,off
str4-nh4210-01,Ethernet272,str4-nh4210-leaf-01,Ethernet16,400000,2500,Access,off
str4-nh4210-01,Ethernet276,str4-nh4210-leaf-01,Ethernet20,400000,2501,Access,off
str4-nh4210-01,Ethernet280,str4-nh4210-leaf-01,Ethernet24,400000,2502,Access,off
str4-nh4210-01,Ethernet284,str4-nh4210-leaf-01,Ethernet28,400000,2503,Access,off
str4-nh4210-01,Ethernet288,str4-nh4210-leaf-01,Ethernet32,400000,2504,Access,off
str4-nh4210-01,Ethernet292,str4-nh4210-leaf-01,Ethernet36,400000,2505,Access,off
str4-nh4210-01,Ethernet296,str4-nh4210-leaf-01,Ethernet40,400000,2506,Access,off
str4-nh4210-01,Ethernet300,str4-nh4210-leaf-01,Ethernet44,400000,2507,Access,off
str4-nh4210-01,Ethernet304,str4-nh4210-leaf-01,Ethernet48,400000,2508,Access,off
str4-nh4210-01,Ethernet308,str4-nh4210-leaf-01,Ethernet52,400000,2509,Access,off
str4-nh4210-01,Ethernet312,str4-nh4210-leaf-01,Ethernet56,400000,2510,Access,off
str4-nh4210-01,Ethernet316,str4-nh4210-leaf-01,Ethernet60,400000,2511,Access,off
str4-nh4210-01,Ethernet320,str4-nh4210-leaf-01,Ethernet64,400000,2512,Access,off
str4-nh4210-01,Ethernet324,str4-nh4210-leaf-01,Ethernet68,400000,2513,Access,off
str4-nh4210-01,Ethernet328,str4-nh4210-leaf-01,Ethernet72,400000,2514,Access,off
str4-nh4210-01,Ethernet332,str4-nh4210-leaf-01,Ethernet76,400000,2515,Access,off
str4-nh4210-01,Ethernet336,str4-nh4210-leaf-01,Ethernet80,400000,2516,Access,off
str4-nh4210-01,Ethernet340,str4-nh4210-leaf-01,Ethernet84,400000,2517,Access,off
str4-nh4210-01,Ethernet344,str4-nh4210-leaf-01,Ethernet88,400000,2518,Access,off
str4-nh4210-01,Ethernet348,str4-nh4210-leaf-01,Ethernet92,400000,2519,Access,off
str4-nh4210-01,Ethernet352,str4-nh4210-leaf-01,Ethernet96,400000,2520,Access,off
str4-nh4210-01,Ethernet356,str4-nh4210-leaf-01,Ethernet100,400000,2521,Access,off
str4-nh4210-01,Ethernet360,str4-nh4210-leaf-01,Ethernet104,400000,2522,Access,off
str4-nh4210-01,Ethernet364,str4-nh4210-leaf-01,Ethernet108,400000,2523,Access,off
str4-nh4210-01,Ethernet368,str4-nh4210-leaf-01,Ethernet112,400000,2524,Access,off
str4-nh4210-01,Ethernet372,str4-nh4210-leaf-01,Ethernet116,400000,2525,Access,off
str4-nh4210-01,Ethernet376,str4-nh4210-leaf-01,Ethernet120,400000,2526,Access,off
str4-nh4210-01,Ethernet380,str4-nh4210-leaf-01,Ethernet124,400000,2527,Access,off
str4-nh4210-01,Ethernet384,str4-nh4210-leaf-01,Ethernet128,400000,2528,Access,off
str4-nh4210-01,Ethernet388,str4-nh4210-leaf-01,Ethernet132,400000,2529,Access,off
str4-nh4210-01,Ethernet392,str4-nh4210-leaf-01,Ethernet136,400000,2530,Access,off
str4-nh4210-01,Ethernet396,str4-nh4210-leaf-01,Ethernet140,400000,2531,Access,off
str4-nh4210-01,Ethernet400,str4-nh4210-leaf-01,Ethernet144,400000,2532,Access,off
str4-nh4210-01,Ethernet404,str4-nh4210-leaf-01,Ethernet148,400000,2533,Access,off
str4-nh4210-01,Ethernet408,str4-nh4210-leaf-01,Ethernet152,400000,2534,Access,off
str4-nh4210-01,Ethernet412,str4-nh4210-leaf-01,Ethernet156,400000,2535,Access,off
str4-nh4210-01,Ethernet416,str4-nh4210-leaf-01,Ethernet160,400000,2536,Access,off
str4-nh4210-01,Ethernet420,str4-nh4210-leaf-01,Ethernet164,400000,2537,Access,off
str4-nh4210-01,Ethernet424,str4-nh4210-leaf-01,Ethernet168,400000,2538,Access,off
str4-nh4210-01,Ethernet428,str4-nh4210-leaf-01,Ethernet172,400000,2539,Access,off
str4-nh4210-01,Ethernet432,str4-nh4210-leaf-01,Ethernet176,400000,2540,Access,off
str4-nh4210-01,Ethernet436,str4-nh4210-leaf-01,Ethernet180,400000,2541,Access,off
str4-nh4210-01,Ethernet440,str4-nh4210-leaf-01,Ethernet184,400000,2542,Access,off
str4-nh4210-01,Ethernet444,str4-nh4210-leaf-01,Ethernet188,400000,2543,Access,off
str4-nh4210-01,Ethernet448,str4-nh4210-leaf-01,Ethernet192,400000,2544,Access,off
str4-nh4210-01,Ethernet452,str4-nh4210-leaf-01,Ethernet196,400000,2545,Access,off
str4-nh4210-01,Ethernet456,str4-nh4210-leaf-01,Ethernet200,400000,2546,Access,off
str4-nh4210-01,Ethernet460,str4-nh4210-leaf-01,Ethernet204,400000,2547,Access,off
str4-nh4210-01,Ethernet464,str4-nh4210-leaf-01,Ethernet208,400000,2548,Access,off
str4-nh4210-01,Ethernet468,str4-nh4210-leaf-01,Ethernet212,400000,2549,Access,off
str4-nh4210-01,Ethernet472,str4-nh4210-leaf-01,Ethernet216,400000,2550,Access,off
str4-nh4210-01,Ethernet476,str4-nh4210-leaf-01,Ethernet220,400000,2551,Access,off
str4-nh4210-01,Ethernet480,str4-nh4210-leaf-01,Ethernet224,400000,2552,Access,off
str4-nh4210-01,Ethernet484,str4-nh4210-leaf-01,Ethernet228,400000,2553,Access,off
str4-nh4210-01,Ethernet488,str4-nh4210-leaf-01,Ethernet232,400000,2554,Access,off
str4-nh4210-01,Ethernet492,str4-nh4210-leaf-01,Ethernet236,400000,2555,Access,off
str4-nh4210-01,Ethernet496,str4-nh4210-leaf-01,Ethernet240,400000,2556,Access,off
str4-nh4210-01,Ethernet500,str4-nh4210-leaf-01,Ethernet244,400000,2557,Access,off
str4-nh4210-01,Ethernet504,str4-nh4210-leaf-01,Ethernet248,400000,2558,Access,off
str4-nh4210-01,Ethernet508,str4-nh4210-leaf-01,Ethernet252,400000,2559,Access,off
str4-nh4210-01,Ethernet512,str4-nh4210-leaf-01,Ethernet768,400000,2560,Access,off
str4-nh4210-01,Ethernet516,str4-nh4210-leaf-01,Ethernet772,400000,2561,Access,off
str4-nh4210-01,Ethernet520,str4-nh4210-leaf-01,Ethernet776,400000,2562,Access,off
str4-nh4210-01,Ethernet524,str4-nh4210-leaf-01,Ethernet780,400000,2563,Access,off
str4-nh4210-01,Ethernet528,str4-nh4210-leaf-01,Ethernet784,400000,2564,Access,off
str4-nh4210-01,Ethernet532,str4-nh4210-leaf-01,Ethernet788,400000,2565,Access,off
str4-nh4210-01,Ethernet536,str4-nh4210-leaf-01,Ethernet792,400000,2566,Access,off
str4-nh4210-01,Ethernet540,str4-nh4210-leaf-01,Ethernet796,400000,2567,Access,off
str4-nh4210-01,Ethernet544,str4-nh4210-leaf-01,Ethernet800,400000,2568,Access,off
str4-nh4210-01,Ethernet548,str4-nh4210-leaf-01,Ethernet804,400000,2569,Access,off
str4-nh4210-01,Ethernet552,str4-nh4210-leaf-01,Ethernet808,400000,2570,Access,off
str4-nh4210-01,Ethernet556,str4-nh4210-leaf-01,Ethernet812,400000,2571,Access,off
str4-nh4210-01,Ethernet560,str4-nh4210-leaf-01,Ethernet816,400000,2572,Access,off
str4-nh4210-01,Ethernet564,str4-nh4210-leaf-01,Ethernet820,400000,2573,Access,off
str4-nh4210-01,Ethernet568,str4-nh4210-leaf-01,Ethernet824,400000,2574,Access,off
str4-nh4210-01,Ethernet572,str4-nh4210-leaf-01,Ethernet828,400000,2575,Access,off
str4-nh4210-01,Ethernet576,str4-nh4210-leaf-01,Ethernet832,400000,2576,Access,off
str4-nh4210-01,Ethernet580,str4-nh4210-leaf-01,Ethernet836,400000,2577,Access,off
str4-nh4210-01,Ethernet584,str4-nh4210-leaf-01,Ethernet840,400000,2578,Access,off
str4-nh4210-01,Ethernet588,str4-nh4210-leaf-01,Ethernet844,400000,2579,Access,off
str4-nh4210-01,Ethernet592,str4-nh4210-leaf-01,Ethernet848,400000,2580,Access,off
str4-nh4210-01,Ethernet596,str4-nh4210-leaf-01,Ethernet852,400000,2581,Access,off
str4-nh4210-01,Ethernet600,str4-nh4210-leaf-01,Ethernet856,400000,2582,Access,off
str4-nh4210-01,Ethernet604,str4-nh4210-leaf-01,Ethernet860,400000,2583,Access,off
str4-nh4210-01,Ethernet608,str4-nh4210-leaf-01,Ethernet864,400000,2584,Access,off
str4-nh4210-01,Ethernet612,str4-nh4210-leaf-01,Ethernet868,400000,2585,Access,off
str4-nh4210-01,Ethernet616,str4-nh4210-leaf-01,Ethernet872,400000,2586,Access,off
str4-nh4210-01,Ethernet620,str4-nh4210-leaf-01,Ethernet876,400000,2587,Access,off
str4-nh4210-01,Ethernet624,str4-nh4210-leaf-01,Ethernet880,400000,2588,Access,off
str4-nh4210-01,Ethernet628,str4-nh4210-leaf-01,Ethernet884,400000,2589,Access,off
str4-nh4210-01,Ethernet632,str4-nh4210-leaf-01,Ethernet888,400000,2590,Access,off
str4-nh4210-01,Ethernet636,str4-nh4210-leaf-01,Ethernet892,400000,2591,Access,off
str4-nh4210-01,Ethernet640,str4-nh4210-leaf-01,Ethernet896,400000,2592,Access,off
str4-nh4210-01,Ethernet644,str4-nh4210-leaf-01,Ethernet900,400000,2593,Access,off
str4-nh4210-01,Ethernet648,str4-nh4210-leaf-01,Ethernet904,400000,2594,Access,off
str4-nh4210-01,Ethernet652,str4-nh4210-leaf-01,Ethernet908,400000,2595,Access,off
str4-nh4210-01,Ethernet656,str4-nh4210-leaf-01,Ethernet912,400000,2596,Access,off
str4-nh4210-01,Ethernet660,str4-nh4210-leaf-01,Ethernet916,400000,2597,Access,off
str4-nh4210-01,Ethernet664,str4-nh4210-leaf-01,Ethernet920,400000,2598,Access,off
str4-nh4210-01,Ethernet668,str4-nh4210-leaf-01,Ethernet924,400000,2599,Access,off
str4-nh4210-01,Ethernet672,str4-nh4210-leaf-01,Ethernet928,400000,2600,Access,off
str4-nh4210-01,Ethernet676,str4-nh4210-leaf-01,Ethernet932,400000,2601,Access,off
str4-nh4210-01,Ethernet680,str4-nh4210-leaf-01,Ethernet936,400000,2602,Access,off
str4-nh4210-01,Ethernet684,str4-nh4210-leaf-01,Ethernet940,400000,2603,Access,off
str4-nh4210-01,Ethernet688,str4-nh4210-leaf-01,Ethernet944,400000,2604,Access,off
str4-nh4210-01,Ethernet692,str4-nh4210-leaf-01,Ethernet948,400000,2605,Access,off
str4-nh4210-01,Ethernet696,str4-nh4210-leaf-01,Ethernet952,400000,2606,Access,off
str4-nh4210-01,Ethernet700,str4-nh4210-leaf-01,Ethernet956,400000,2607,Access,off
str4-nh4210-01,Ethernet704,str4-nh4210-leaf-01,Ethernet960,400000,2608,Access,off
str4-nh4210-01,Ethernet708,str4-nh4210-leaf-01,Ethernet964,400000,2609,Access,off
str4-nh4210-01,Ethernet712,str4-nh4210-leaf-01,Ethernet968,400000,2610,Access,off
str4-nh4210-01,Ethernet716,str4-nh4210-leaf-01,Ethernet972,400000,2611,Access,off
str4-nh4210-01,Ethernet720,str4-nh4210-leaf-01,Ethernet976,400000,2612,Access,off
str4-nh4210-01,Ethernet724,str4-nh4210-leaf-01,Ethernet980,400000,2613,Access,off
str4-nh4210-01,Ethernet728,str4-nh4210-leaf-01,Ethernet984,400000,2614,Access,off
str4-nh4210-01,Ethernet732,str4-nh4210-leaf-01,Ethernet988,400000,2615,Access,off
str4-nh4210-01,Ethernet736,str4-nh4210-leaf-01,Ethernet992,400000,2616,Access,off
str4-nh4210-01,Ethernet740,str4-nh4210-leaf-01,Ethernet996,400000,2617,Access,off
str4-nh4210-01,Ethernet744,str4-nh4210-leaf-01,Ethernet1000,400000,2618,Access,off
str4-nh4210-01,Ethernet748,str4-nh4210-leaf-01,Ethernet1004,400000,2619,Access,off
str4-nh4210-01,Ethernet752,str4-nh4210-leaf-01,Ethernet1008,400000,2620,Access,off
str4-nh4210-01,Ethernet756,str4-nh4210-leaf-01,Ethernet1012,400000,2621,Access,off
str4-nh4210-01,Ethernet768,str4-nh4210-leaf-01,Ethernet512,400000,2622,Access,off
str4-nh4210-01,Ethernet772,str4-nh4210-leaf-01,Ethernet516,400000,2623,Access,off
str4-nh4210-01,Ethernet776,str4-nh4210-leaf-01,Ethernet520,400000,2624,Access,off
str4-nh4210-01,Ethernet780,str4-nh4210-leaf-01,Ethernet524,400000,2625,Access,off
str4-nh4210-01,Ethernet784,str4-nh4210-leaf-01,Ethernet528,400000,2626,Access,off
str4-nh4210-01,Ethernet788,str4-nh4210-leaf-01,Ethernet532,400000,2627,Access,off
str4-nh4210-01,Ethernet792,str4-nh4210-leaf-01,Ethernet536,400000,2628,Access,off
str4-nh4210-01,Ethernet796,str4-nh4210-leaf-01,Ethernet540,400000,2629,Access,off
str4-nh4210-01,Ethernet800,str4-nh4210-leaf-01,Ethernet544,400000,2630,Access,off
str4-nh4210-01,Ethernet804,str4-nh4210-leaf-01,Ethernet548,400000,2631,Access,off
str4-nh4210-01,Ethernet808,str4-nh4210-leaf-01,Ethernet552,400000,2632,Access,off
str4-nh4210-01,Ethernet812,str4-nh4210-leaf-01,Ethernet556,400000,2633,Access,off
str4-nh4210-01,Ethernet816,str4-nh4210-leaf-01,Ethernet560,400000,2634,Access,off
str4-nh4210-01,Ethernet820,str4-nh4210-leaf-01,Ethernet564,400000,2635,Access,off
str4-nh4210-01,Ethernet824,str4-nh4210-leaf-01,Ethernet568,400000,2636,Access,off
str4-nh4210-01,Ethernet828,str4-nh4210-leaf-01,Ethernet572,400000,2637,Access,off
str4-nh4210-01,Ethernet832,str4-nh4210-leaf-01,Ethernet576,400000,2638,Access,off
str4-nh4210-01,Ethernet836,str4-nh4210-leaf-01,Ethernet580,400000,2639,Access,off
str4-nh4210-01,Ethernet840,str4-nh4210-leaf-01,Ethernet584,400000,2640,Access,off
str4-nh4210-01,Ethernet844,str4-nh4210-leaf-01,Ethernet588,400000,2641,Access,off
str4-nh4210-01,Ethernet848,str4-nh4210-leaf-01,Ethernet592,400000,2642,Access,off
str4-nh4210-01,Ethernet852,str4-nh4210-leaf-01,Ethernet596,400000,2643,Access,off
str4-nh4210-01,Ethernet856,str4-nh4210-leaf-01,Ethernet600,400000,2644,Access,off
str4-nh4210-01,Ethernet860,str4-nh4210-leaf-01,Ethernet604,400000,2645,Access,off
str4-nh4210-01,Ethernet864,str4-nh4210-leaf-01,Ethernet608,400000,2646,Access,off
str4-nh4210-01,Ethernet868,str4-nh4210-leaf-01,Ethernet612,400000,2647,Access,off
str4-nh4210-01,Ethernet872,str4-nh4210-leaf-01,Ethernet616,400000,2648,Access,off
str4-nh4210-01,Ethernet876,str4-nh4210-leaf-01,Ethernet620,400000,2649,Access,off
str4-nh4210-01,Ethernet880,str4-nh4210-leaf-01,Ethernet624,400000,2650,Access,off
str4-nh4210-01,Ethernet884,str4-nh4210-leaf-01,Ethernet628,400000,2651,Access,off
str4-nh4210-01,Ethernet888,str4-nh4210-leaf-01,Ethernet632,400000,2652,Access,off
str4-nh4210-01,Ethernet892,str4-nh4210-leaf-01,Ethernet636,400000,2653,Access,off
str4-nh4210-01,Ethernet896,str4-nh4210-leaf-01,Ethernet640,400000,2654,Access,off
str4-nh4210-01,Ethernet900,str4-nh4210-leaf-01,Ethernet644,400000,2655,Access,off
str4-nh4210-01,Ethernet904,str4-nh4210-leaf-01,Ethernet648,400000,2656,Access,off
str4-nh4210-01,Ethernet908,str4-nh4210-leaf-01,Ethernet652,400000,2657,Access,off
str4-nh4210-01,Ethernet912,str4-nh4210-leaf-01,Ethernet656,400000,2658,Access,off
str4-nh4210-01,Ethernet916,str4-nh4210-leaf-01,Ethernet660,400000,2659,Access,off
str4-nh4210-01,Ethernet920,str4-nh4210-leaf-01,Ethernet664,400000,2660,Access,off
str4-nh4210-01,Ethernet924,str4-nh4210-leaf-01,Ethernet668,400000,2661,Access,off
str4-nh4210-01,Ethernet928,str4-nh4210-leaf-01,Ethernet672,400000,2662,Access,off
str4-nh4210-01,Ethernet932,str4-nh4210-leaf-01,Ethernet676,400000,2663,Access,off
str4-nh4210-01,Ethernet936,str4-nh4210-leaf-01,Ethernet680,400000,2664,Access,off
str4-nh4210-01,Ethernet940,str4-nh4210-leaf-01,Ethernet684,400000,2665,Access,off
str4-nh4210-01,Ethernet944,str4-nh4210-leaf-01,Ethernet688,400000,2666,Access,off
str4-nh4210-01,Ethernet948,str4-nh4210-leaf-01,Ethernet692,400000,2667,Access,off
str4-nh4210-01,Ethernet952,str4-nh4210-leaf-01,Ethernet696,400000,2668,Access,off
str4-nh4210-01,Ethernet956,str4-nh4210-leaf-01,Ethernet700,400000,2669,Access,off
str4-nh4210-01,Ethernet960,str4-nh4210-leaf-01,Ethernet704,400000,2670,Access,off
str4-nh4210-01,Ethernet964,str4-nh4210-leaf-01,Ethernet708,400000,2671,Access,off
str4-nh4210-01,Ethernet968,str4-nh4210-leaf-01,Ethernet712,400000,2672,Access,off
str4-nh4210-01,Ethernet972,str4-nh4210-leaf-01,Ethernet716,400000,2673,Access,off
str4-nh4210-01,Ethernet976,str4-nh4210-leaf-01,Ethernet720,400000,2674,Access,off
str4-nh4210-01,Ethernet980,str4-nh4210-leaf-01,Ethernet724,400000,2675,Access,off
str4-nh4210-01,Ethernet984,str4-nh4210-leaf-01,Ethernet728,400000,2676,Access,off
str4-nh4210-01,Ethernet988,str4-nh4210-leaf-01,Ethernet732,400000,2677,Access,off
str4-nh4210-01,Ethernet992,str4-nh4210-leaf-01,Ethernet736,400000,2678,Access,off
str4-nh4210-01,Ethernet996,str4-nh4210-leaf-01,Ethernet740,400000,2679,Access,off
str4-nh4210-01,Ethernet1000,str4-nh4210-leaf-01,Ethernet744,400000,2680,Access,off
str4-nh4210-01,Ethernet1004,str4-nh4210-leaf-01,Ethernet748,400000,2681,Access,off
str4-nh4210-01,Ethernet1008,str4-nh4210-leaf-01,Ethernet752,400000,2682,Access,off
str4-nh4210-01,Ethernet1012,str4-nh4210-leaf-01,Ethernet756,400000,2683,Access,off
str4-nh4210-01,Ethernet1016,str4-nh4210-leaf-01,Ethernet760,400000,2684,Access,off
str4-nh4210-01,Ethernet1020,str4-nh4210-leaf-01,Ethernet764,400000,2685,Access,off
str4-7060x6-pe64-root,Ethernet5/5,str4-nh4210-leaf-01,Ethernet1020,400000,"2432-2687",Trunk,off
